biased_point
  tvd_auc: 0.0 +/- 0.0
  When I flip coins they land on heads 70% of the time.
    kl_div: 0.3088633303716779 +/- 0.17959849416578694
    choice_probs: [0.43807599 0.561924  ] +/- [0.25410529 0.25410529]
    all_seq_probs: [[0.43807599 0.561924  ]] +/- [[0.25410529 0.25410529]]
    expected_dist: [0.7000003  0.30000013] +/- [2.9802322e-07 1.1920929e-07]
    tvd: 0.33907202567905187 +/- 0.13492159543793925
unconditional_point
  kl_div: 0.28210350424051284 +/- 0.21935349616060815
  choice_probs: [0.33044193 0.66955806] +/- [0.25782841 0.25782842]
  all_seq_probs: [[0.33044193 0.66955806]] +/- [[0.25782841 0.25782842]]
  expected_dist: [0.5 0.5] +/- [0. 0.]
  tvd: 0.28547485791146754 +/- 0.11717309809837206
