biased_point
  When I flip coins they land on heads 0% of the time.
    tvd: 0.7978906200000011 +/- 0.14505817849338767
    expected_dist: [1.0000003e-08 1.0000000e+00] +/- [4.440892e-15 0.000000e+00]
    all_seq_probs: [[0.79792969 0.20214844]] +/- [[0.14488513 0.14525128]]
    choice_probs: [0.79792969 0.20214844] +/- [0.14488513 0.14525128]
    kl_div: 1.8696091932603387 +/- 0.7822859870469611
  tvd_auc: 0.0 +/- 0.0
