unconditional_point
  kl_div: 0.05274798572063446 +/- 0.08243581973542642
  expected_dist: [0.5 0.5] +/- [0. 0.]
  tvd: 0.12762949332594872 +/- 0.07909488765795063
  all_seq_probs: [[0.47354695 0.52645305]] +/- [[0.14780232 0.14780232]]
  choice_probs: [0.47354695 0.52645305] +/- [0.14780232 0.14780232]
biased_point
  When I flip coins they land on heads 70% of the time.
    kl_div: 0.0747178853675723 +/- 0.0993837614324908
    expected_dist: [0.7000003  0.30000013] +/- [2.9802322e-07 1.1920929e-07]
    tvd: 0.15466850697994233 +/- 0.10759711798828808
    all_seq_probs: [[0.54533148 0.45466852]] +/- [[0.10759711 0.10759713]]
    choice_probs: [0.54533148 0.45466852] +/- [0.10759711 0.10759713]
  tvd_auc: 0.0 +/- 0.0
