biased_point
  tvd_auc: 0.0 +/- 0.0
  When you roll dice, they land on 5 40% of the time.
    expected_dist: [0.12000033 0.12000033 0.12000033 0.12000033 0.40000096 0.12000033] +/- [3.3527613e-07 3.3527613e-07 3.3527613e-07 3.3527613e-07 9.2387199e-07
 3.3527613e-07]
    tvd: 0.5421688938324978 +/- 0.1352290023797597
    all_seq_probs: [[0.03766425 0.07276967 0.11314248 0.20844863 0.29826599 0.26970898]] +/- [[0.09872496 0.11830408 0.16570233 0.22396167 0.35001075 0.27583985]]
    choice_probs: [0.03766425 0.07276967 0.11314248 0.20844863 0.29826599 0.26970898] +/- [0.09872496 0.11830408 0.16570233 0.22396167 0.35001075 0.27583985]
    kl_div: 1.7173990336526477 +/- 0.8612608316359899
