biased_point
  tvd_auc: 0.0 +/- 0.0
  When I roll dice, they land on 1 20% of the time.
    choice_probs: [0.18346945 0.22033264 0.24819743 0.13473672 0.11836794 0.0948958 ] +/- [0.06447163 0.11881237 0.14224563 0.07040087 0.04202328 0.04823871]
    all_seq_probs: [[0.18346945 0.22033264 0.24819743 0.13473672 0.11836794 0.0948958 ]] +/- [[0.06447163 0.11881237 0.14224563 0.07040087 0.04202328 0.04823871]]
    tvd: 0.23819942880421877 +/- 0.06838585815794317
    kl_div: 0.23079200422733265 +/- 0.11496279376134393
    expected_dist: [0.1999999  0.15999995 0.15999995 0.15999995 0.15999995 0.15999995] +/- [1.3411045e-07 8.9406967e-08 8.9406967e-08 8.9406967e-08 8.9406967e-08
 8.9406967e-08]
unconditional_point
  choice_probs: [0.06546486 0.18482875 0.29015424 0.20353497 0.13943685 0.11658034] +/- [0.03648616 0.13568323 0.14557264 0.121814   0.07811109 0.0747919 ]
  all_seq_probs: [[0.06546486 0.18482875 0.29015424 0.20353497 0.13943685 0.11658034]] +/- [[0.03648616 0.13568323 0.14557264 0.121814   0.07811109 0.0747919 ]]
  tvd: 0.3113831516401842 +/- 0.09966742192547724
  kl_div: 0.40601876919914504 +/- 0.2324351732395139
  expected_dist: [0.16666663 0.16666663 0.16666663 0.16666663 0.16666663 0.16666663] +/- [5.9604645e-08 5.9604645e-08 5.9604645e-08 5.9604645e-08 5.9604645e-08
 5.9604645e-08]
