biased_point
  tvd_auc: 0.0 +/- 0.0
  When I roll dice, they land on 5 40% of the time.
    kl_div: 0.17729447114281358 +/- 0.09395884606546291
    expected_dist: [0.11999992 0.11999992 0.11999992 0.11999992 0.3999998  0.11999992] +/- [7.4505806e-08 7.4505806e-08 7.4505806e-08 7.4505806e-08 2.3841858e-07
 7.4505806e-08]
    tvd: 0.2525204380229116 +/- 0.06531728219029297
    all_seq_probs: [[0.1288348  0.16390192 0.1615704  0.16305039 0.24778945 0.13485304]] +/- [[0.07151161 0.08490989 0.07040689 0.06463288 0.13537359 0.05723314]]
    choice_probs: [0.1288348  0.16390192 0.1615704  0.16305039 0.24778945 0.13485304] +/- [0.07151161 0.08490989 0.07040689 0.06463288 0.13537359 0.05723314]
