biased_point
  When you roll dice, they land on 4 0% of the time.
    kl_div: 2.6114335935752395 +/- 1.7905264074277525
    tvd: 0.5619271520291703 +/- 0.13617200534765433
    all_seq_probs: [[0.14096794 0.19795777 0.22967755 0.14328092 0.13353138 0.15458444]] +/- [[0.19864438 0.27517086 0.27473375 0.1567281  0.19408237 0.21582905]]
    expected_dist: [2.0000048e-01 2.0000048e-01 2.0000048e-01 9.9999795e-09 2.0000048e-01
 2.0000048e-01] +/- [4.6193600e-07 4.6193600e-07 4.6193600e-07 1.8651747e-14 4.6193600e-07
 4.6193600e-07]
    choice_probs: [0.14096794 0.19795777 0.22967755 0.14328092 0.13353138 0.15458444] +/- [0.19864438 0.27517086 0.27473375 0.1567281  0.19408237 0.21582905]
  tvd_auc: 0.0 +/- 0.0
