biased_point
  When you roll dice, they land on 5 40% of the time.
    choice_probs: [0.08991724 0.19948592 0.17142257 0.35366393 0.06927754 0.11623281] +/- [0.15228194 0.28445792 0.24295346 0.43005443 0.13955293 0.2000777 ]
    expected_dist: [0.12000033 0.12000033 0.12000033 0.12000033 0.40000096 0.12000033] +/- [3.3527613e-07 3.3527613e-07 3.3527613e-07 3.3527613e-07 9.2387199e-07
 3.3527613e-07]
    tvd: 0.6819364843230243 +/- 0.1469597053988469
    all_seq_probs: [[0.08991724 0.19948592 0.17142257 0.35366393 0.06927754 0.11623281]] +/- [[0.15228194 0.28445792 0.24295346 0.43005443 0.13955293 0.2000777 ]]
    kl_div: 3.4523284987990044 +/- 2.195797335049
  tvd_auc: 0.0 +/- 0.0
