biased_point
  tvd_auc: 0.0 +/- 0.0
  When you roll dice, they land on 3 40% of the time.
    choice_probs: [0.12445776 0.20633625 0.06395164 0.09550994 0.12860176 0.38114264] +/- [0.23950494 0.28273258 0.18987508 0.18192334 0.20501467 0.30872743]
    kl_div: 5.698451348057948 +/- 2.6527638914781537
    all_seq_probs: [[0.12445776 0.20633625 0.06395164 0.09550994 0.12860176 0.38114264]] +/- [[0.23950494 0.28273258 0.18987508 0.18192334 0.20501467 0.30872743]]
    tvd: 0.6687109020508583 +/- 0.10888138370687421
    expected_dist: [0.12000033 0.12000033 0.40000096 0.12000033 0.12000033 0.12000033] +/- [3.3527613e-07 3.3527613e-07 9.2387199e-07 3.3527613e-07 3.3527613e-07
 3.3527613e-07]
