unconditional_point
  choice_probs: [0.63747557 0.36252443] +/- [0.07146877 0.07146879]
  all_seq_probs: [[0.63747557 0.36252443]] +/- [[0.07146877 0.07146879]]
  kl_div: 0.052960811674594876 +/- 0.05194633103524778
  expected_dist: [0.5 0.5] +/- [0. 0.]
  tvd: 0.1414149983227253 +/- 0.06331759338989017
biased_point
  tvd_auc: 0.0 +/- 0.0
  When you flip coins, they land on heads 70% of the time.
    choice_probs: [0.63530189 0.36469811] +/- [0.06744137 0.06744138]
    all_seq_probs: [[0.63530189 0.36469811]] +/- [[0.06744137 0.06744138]]
    kl_div: 0.018792715633288024 +/- 0.02666638641322436
    expected_dist: [0.6999983 0.3      ] +/- [1.66893e-06 0.00000e+00]
    tvd: 0.07650662219524383 +/- 0.0536741939617157
