biased_point
  When you roll dice, they land on 3 60% of the time.
    tvd: 0.6297824127021256 +/- 0.17398868320192165
    expected_dist: [0.07999994 0.07999994 0.6        0.07999994 0.07999994 0.07999994] +/- [8.1956387e-08 8.1956387e-08 5.9604645e-08 8.1956387e-08 8.1956387e-08
 8.1956387e-08]
    all_seq_probs: [[0.04207635 0.08299558 0.1533185  0.17233141 0.18792692 0.36135124]] +/- [[0.08346989 0.1274038  0.2645655  0.20918092 0.21433041 0.28848005]]
    choice_probs: [0.04207635 0.08299558 0.1533185  0.17233141 0.18792692 0.36135124] +/- [0.08346989 0.1274038  0.2645655  0.20918092 0.21433041 0.28848005]
    kl_div: 2.5462708543047774 +/- 1.3675651590519857
  tvd_auc: 0.0 +/- 0.0
