biased_point
  When you roll dice, they land on 2 80% of the time.
    expected_dist: [0.03999997 0.8000019  0.03999997 0.03999997 0.03999997 0.03999997] +/- [4.0978193e-08 1.9669533e-06 4.0978193e-08 4.0978193e-08 4.0978193e-08
 4.0978193e-08]
    tvd: 0.4641871725188322 +/- 0.2744388738386672
    all_seq_probs: [[0.03893483 0.47459756 0.07875398 0.10344884 0.06380546 0.24045933]] +/- [[0.07648705 0.3697249  0.10711989 0.16802747 0.0925487  0.25701173]]
    choice_probs: [0.03893483 0.47459756 0.07875398 0.10344884 0.06380546 0.24045933] +/- [0.07648705 0.3697249  0.10711989 0.16802747 0.0925487  0.25701173]
    kl_div: 1.157879563964525 +/- 0.9117828132592573
  tvd_auc: 0.0 +/- 0.0
