biased_point
  tvd_auc: 0.0 +/- 0.0
  When I roll dice, they land on 1 20% of the time.
    tvd: 0.07615775000303984 +/- 0.039448871287427294
    kl_div: 0.021104564125926116 +/- 0.025662478573702487
    expected_dist: [0.1999999  0.15999995 0.15999995 0.15999995 0.15999995 0.15999995] +/- [1.3411045e-07 8.9406967e-08 8.9406967e-08 8.9406967e-08 8.9406967e-08
 8.9406967e-08]
    choice_probs: [0.18801297 0.17563887 0.15825967 0.14998561 0.16932712 0.15877577] +/- [0.03823745 0.02879296 0.02054334 0.02892035 0.03701286 0.03631645]
    all_seq_probs: [[0.18801297 0.17563887 0.15825967 0.14998561 0.16932712 0.15877577]] +/- [[0.03823745 0.02879296 0.02054334 0.02892035 0.03701286 0.03631645]]
