unconditional_point
  all_seq_probs: [[0.50993826 0.49006175]] +/- [[0.17126244 0.17126244]]
  expected_dist: [0.5 0.5] +/- [0. 0.]
  choice_probs: [0.50993826 0.49006175] +/- [0.17126244 0.17126244]
  tvd: 0.1344985906034708 +/- 0.10648812694641227
  kl_div: 0.07512138962745667 +/- 0.1246575563353191
biased_point
  When I flip coins they land on heads 40% of the time.
    all_seq_probs: [[0.51457225 0.48542774]] +/- [[0.14716362 0.14716362]]
    expected_dist: [0.3999998  0.60000026] +/- [2.3841858e-07 2.3841858e-07]
    choice_probs: [0.51457225 0.48542774] +/- [0.14716362 0.14716362]
    tvd: 0.1605101352930069 +/- 0.09497593589318085
    kl_div: 0.07383966017514468 +/- 0.07636483376073203
  tvd_auc: 0.0 +/- 0.0
