biased_point
  tvd_auc: 0.0 +/- 0.0
  When I flip coins they land on heads 0% of the time.
    all_seq_probs: [[0.82835938 0.17214355]] +/- [[0.16557369 0.16453659]]
    kl_div: 2.165663880497692 +/- 0.9216142426907791
    tvd: 0.8281079051562511 +/- 0.16503732038853788
    choice_probs: [0.82835938 0.17214355] +/- [0.16557369 0.16453659]
    expected_dist: [1.0000003e-08 1.0000000e+00] +/- [4.440892e-15 0.000000e+00]
