biased_point
  tvd_auc: 0.0 +/- 0.0
  When I roll dice, they land on 3 80% of the time.
    all_seq_probs: [[0.0823462  0.08717818 0.60055955 0.09450884 0.07001612 0.06539111]] +/- [[0.05360665 0.05572139 0.24310289 0.05378134 0.05216477 0.04734204]]
    expected_dist: [0.03999999 0.03999999 0.7999996  0.03999999 0.03999999 0.03999999] +/- [2.2351742e-08 2.2351742e-08 4.1723251e-07 2.2351742e-08 2.2351742e-08
 2.2351742e-08]
    tvd: 0.23378596195951104 +/- 0.21071232605435725
    choice_probs: [0.0823462  0.08717818 0.60055955 0.09450884 0.07001612 0.06539111] +/- [0.05360665 0.05572139 0.24310289 0.05378134 0.05216477 0.04734204]
    kl_div: 0.22818190818943548 +/- 0.2882332430000988
