biased_point
  tvd_auc: 0.0 +/- 0.0
  When I roll dice, they land on 4 80% of the time.
    all_seq_probs: [[0.0400953  0.05135163 0.0540005  0.73333993 0.06997217 0.05124049]] +/- [[0.02536907 0.04079739 0.02904822 0.1039488  0.0393642  0.03612536]]
    kl_div: 0.06839138907496817 +/- 0.05095545959000618
    choice_probs: [0.0400953  0.05135163 0.0540005  0.73333993 0.06997217 0.05124049] +/- [0.02536907 0.04079739 0.02904822 0.1039488  0.0393642  0.03612536]
    tvd: 0.11565744639374316 +/- 0.06978747390324316
    expected_dist: [0.03999999 0.03999999 0.03999999 0.7999996  0.03999999 0.03999999] +/- [2.2351742e-08 2.2351742e-08 2.2351742e-08 4.1723251e-07 2.2351742e-08
 2.2351742e-08]
