biased_point
  tvd_auc: 0.0 +/- 0.0
  When you flip coins, they land on heads 80% of the time.
    expected_dist: [0.8000019  0.20000048] +/- [1.9073486e-06 4.6193600e-07]
    all_seq_probs: [[0.68591905 0.31408094]] +/- [[0.08284948 0.08284949]]
    kl_div: 0.047095988797955214 +/- 0.04289163593256674
    choice_probs: [0.68591905 0.31408094] +/- [0.08284948 0.08284949]
    tvd: 0.12229661925137043 +/- 0.07015722504202952
unconditional_point
  expected_dist: [0.5 0.5] +/- [0. 0.]
  all_seq_probs: [[0.51948392 0.48051609]] +/- [[0.106727   0.10672701]]
  kl_div: 0.025063383758068086 +/- 0.031461730373336376
  choice_probs: [0.51948392 0.48051609] +/- [0.106727   0.10672701]
  tvd: 0.0887504278421402 +/- 0.06239902210430686
