biased_point
  When I roll dice, they land on 5 80% of the time.
    expected_dist: [0.03999999 0.03999999 0.03999999 0.03999999 0.7999996  0.03999999] +/- [2.2351742e-08 2.2351742e-08 2.2351742e-08 2.2351742e-08 4.1723251e-07
 2.2351742e-08]
    tvd: 0.3594006982259452 +/- 0.22973023179216692
    kl_div: 0.4716926660655736 +/- 0.411234827814476
    all_seq_probs: [[0.07849827 0.07121171 0.09041906 0.08355179 0.49326972 0.18304944]] +/- [[0.0662473  0.0625667  0.07034371 0.06149196 0.28867321 0.10105617]]
    choice_probs: [0.07849827 0.07121171 0.09041906 0.08355179 0.49326972 0.18304944] +/- [0.0662473  0.0625667  0.07034371 0.06149196 0.28867321 0.10105617]
  tvd_auc: 0.0 +/- 0.0
