biased_point
  When I roll dice, they land on 2 80% of the time.
    all_seq_probs: [[0.10330865 0.64620459 0.08175083 0.05821202 0.04413247 0.06639143]] +/- [[0.07408842 0.15814157 0.0524929  0.03242106 0.03332068 0.05352812]]
    tvd: 0.1954061088920571 +/- 0.12250513851320563
    choice_probs: [0.10330865 0.64620459 0.08175083 0.05821202 0.04413247 0.06639143] +/- [0.07408842 0.15814157 0.0524929  0.03242106 0.03332068 0.05352812]
    kl_div: 0.15381058505474357 +/- 0.1387568752459591
    expected_dist: [0.03999999 0.7999996  0.03999999 0.03999999 0.03999999 0.03999999] +/- [2.2351742e-08 3.5762787e-07 2.2351742e-08 2.2351742e-08 2.2351742e-08
 2.2351742e-08]
  tvd_auc: 0.0 +/- 0.0
