biased_point
  When you roll dice, they land on 3 20% of the time.
    tvd: 0.4684393693835094 +/- 0.15481449635946462
    expected_dist: [0.15999988 0.15999988 0.20000048 0.15999988 0.15999988 0.15999988] +/- [1.6391277e-07 1.6391277e-07 4.4703484e-07 1.6391277e-07 1.6391277e-07
 1.6391277e-07]
    kl_div: 1.6116727268843005 +/- 1.2115088613334946
    choice_probs: [0.0907476  0.15529046 0.18285102 0.14275002 0.21928066 0.20908025] +/- [0.15165207 0.17723282 0.21438383 0.18383173 0.2538022  0.19436818]
    all_seq_probs: [[0.0907476  0.15529046 0.18285102 0.14275002 0.21928066 0.20908025]] +/- [[0.15165207 0.17723282 0.21438383 0.18383173 0.2538022  0.19436818]]
  tvd_auc: 0.0 +/- 0.0
