biased_point
  tvd_auc: 0.0 +/- 0.0
  When you roll dice, they land on 6 20% of the time.
    all_seq_probs: [[0.08938462 0.18801837 0.17071911 0.1382751  0.13946125 0.27414154]] +/- [[0.08638535 0.15839906 0.12741357 0.07803339 0.1301223  0.17893438]]
    choice_probs: [0.08938462 0.18801837 0.17071911 0.1382751  0.13946125 0.27414154] +/- [0.08638535 0.15839906 0.12741357 0.07803339 0.1301223  0.17893438]
    expected_dist: [0.15999988 0.15999988 0.15999988 0.15999988 0.15999988 0.20000048] +/- [1.6391277e-07 1.6391277e-07 1.6391277e-07 1.6391277e-07 1.6391277e-07
 4.4703484e-07]
    tvd: 0.32155766007117925 +/- 0.12164326699058713
    kl_div: 0.427800835382659 +/- 0.31788136974716286
