biased_point
  tvd_auc: 0.0 +/- 0.0
  When I roll dice, they land on 4 40% of the time.
    choice_probs: [0.11428526 0.14724672 0.19014187 0.24917842 0.15427237 0.14487538] +/- [0.04852707 0.06845708 0.1087809  0.1714741  0.0503992  0.05651073]
    expected_dist: [0.11999992 0.11999992 0.11999992 0.3999998  0.11999992 0.11999992] +/- [7.4505806e-08 7.4505806e-08 7.4505806e-08 2.3841858e-07 7.4505806e-08
 7.4505806e-08]
    all_seq_probs: [[0.11428526 0.14724672 0.19014187 0.24917842 0.15427237 0.14487538]] +/- [[0.04852707 0.06845708 0.1087809  0.1714741  0.0503992  0.05651073]]
    tvd: 0.24998728720471264 +/- 0.10113793842623597
    kl_div: 0.2004553361388389 +/- 0.20620501004715852
