unconditional_point
  choice_probs: [0.55405627 0.44594374] +/- [0.12421618 0.12421618]
  all_seq_probs: [[0.55405627 0.44594374]] +/- [[0.12421618 0.12421618]]
  kl_div: 0.0466807422041893 +/- 0.10527453010514505
  tvd: 0.10385215155780315 +/- 0.0869854568937403
  expected_dist: [0.5 0.5] +/- [0. 0.]
biased_point
  tvd_auc: 0.0 +/- 0.0
  When I flip coins they land on heads 70% of the time.
    choice_probs: [0.53865313 0.46134689] +/- [0.10596477 0.10596477]
    all_seq_probs: [[0.53865313 0.46134689]] +/- [[0.10596477 0.10596477]]
    kl_div: 0.07738362143747508 +/- 0.07402515972580877
    tvd: 0.16919421285390854 +/- 0.09292288879241899
    expected_dist: [0.7000003  0.30000013] +/- [2.9802322e-07 1.1920929e-07]
