biased_point
  When I flip coins they land on heads 30% of the time.
    expected_dist: [0.30000013 0.7000003 ] +/- [1.1920929e-07 2.9802322e-07]
    choice_probs: [0.92257813 0.07774658] +/- [0.06382239 0.06327241]
    all_seq_probs: [[0.92257813 0.07774658]] +/- [[0.06382239 0.06327241]]
    tvd: 0.6224157595634461 +/- 0.06350575906533559
    kl_div: 1.389534608721733 +/- 0.4872831884225691
  tvd_auc: 0.0 +/- 0.0
