biased_point
  tvd_auc: 0.0 +/- 0.0
  When I roll dice, they land on 3 80% of the time.
    choice_probs: [0.12633867 0.27040918 0.12530386 0.23388214 0.13383579 0.11023037] +/- [0.03141928 0.04973347 0.06855097 0.03917509 0.02122819 0.03251685]
    tvd: 0.6747527360357344 +/- 0.06838179221263548
    kl_div: 1.3186330860760063 +/- 0.423150565456301
    expected_dist: [0.03999999 0.03999999 0.7999996  0.03999999 0.03999999 0.03999999] +/- [2.2351742e-08 2.2351742e-08 4.1723251e-07 2.2351742e-08 2.2351742e-08
 2.2351742e-08]
    all_seq_probs: [[0.12633867 0.27040918 0.12530386 0.23388214 0.13383579 0.11023037]] +/- [[0.03141928 0.04973347 0.06855097 0.03917509 0.02122819 0.03251685]]
unconditional_point
  choice_probs: [0.07540707 0.21408952 0.05973211 0.37004824 0.16657773 0.11414534] +/- [0.02628345 0.08535009 0.10311295 0.09243749 0.05319999 0.0406476 ]
  tvd: 0.3008475767541677 +/- 0.06611047148719393
  kl_div: 0.35822363986801065 +/- 0.12798974413691822
  expected_dist: [0.16666663 0.16666663 0.16666663 0.16666663 0.16666663 0.16666663] +/- [5.9604645e-08 5.9604645e-08 5.9604645e-08 5.9604645e-08 5.9604645e-08
 5.9604645e-08]
  all_seq_probs: [[0.07540707 0.21408952 0.05973211 0.37004824 0.16657773 0.11414534]] +/- [[0.02628345 0.08535009 0.10311295 0.09243749 0.05319999 0.0406476 ]]
