biased_point
  tvd_auc: 0.0 +/- 0.0
  When I roll dice, they land on 6 20% of the time.
    kl_div: 0.019420488801551984 +/- 0.024408298863741292
    all_seq_probs: [[0.1580838  0.16077124 0.16931418 0.14368991 0.16114793 0.20699295]] +/- [[0.03360494 0.02543533 0.02476179 0.02502744 0.03263865 0.04211159]]
    expected_dist: [0.15999995 0.15999995 0.15999995 0.15999995 0.15999995 0.1999999 ] +/- [8.9406967e-08 8.9406967e-08 8.9406967e-08 8.9406967e-08 8.9406967e-08
 1.3411045e-07]
    choice_probs: [0.1580838  0.16077124 0.16931418 0.14368991 0.16114793 0.20699295] +/- [0.03360494 0.02543533 0.02476179 0.02502744 0.03263865 0.04211159]
    tvd: 0.0717757162079215 +/- 0.03694004680837139
