biased_point
  tvd_auc: 0.0 +/- 0.0
  When you roll dice, they land on 6 0% of the time.
    all_seq_probs: [[0.098072   0.18688695 0.15515808 0.09370746 0.10774266 0.35843287]] +/- [[0.05952808 0.15635837 0.14505044 0.07408772 0.08706856 0.16825385]]
    expected_dist: [2.0000048e-01 2.0000048e-01 2.0000048e-01 2.0000048e-01 2.0000048e-01
 9.9999795e-09] +/- [4.6193600e-07 4.6193600e-07 4.6193600e-07 4.6193600e-07 4.6193600e-07
 1.8651747e-14]
    kl_div: 0.9020632959361075 +/- 0.4794598499868941
    tvd: 0.4700260216457491 +/- 0.1380427369561541
    choice_probs: [0.098072   0.18688695 0.15515808 0.09370746 0.10774266 0.35843287] +/- [0.05952808 0.15635837 0.14505044 0.07408772 0.08706856 0.16825385]
