biased_point
  tvd_auc: 0.0 +/- 0.0
  When I roll dice, they land on 4 80% of the time.
    all_seq_probs: [[0.05762099 0.0803368  0.07854053 0.54322714 0.0822712  0.15800335]] +/- [[0.05890432 0.07383498 0.06760012 0.21331688 0.08164989 0.11073818]]
    choice_probs: [0.05762099 0.0803368  0.07854053 0.54322714 0.0822712  0.15800335] +/- [0.05890432 0.07383498 0.06760012 0.21331688 0.08164989 0.11073818]
    kl_div: 0.30305768695252483 +/- 0.1988477907500913
    expected_dist: [0.03999999 0.03999999 0.03999999 0.7999996  0.03999999 0.03999999] +/- [2.2351742e-08 2.2351742e-08 2.2351742e-08 4.1723251e-07 2.2351742e-08
 2.2351742e-08]
    tvd: 0.313374384008348 +/- 0.14182214594199136
