biased_point
  tvd_auc: 0.0 +/- 0.0
  When I roll dice, they land on 1 80% of the time.
    kl_div: 0.372301797348191 +/- 0.3358030996753992
    all_seq_probs: [[0.54549174 0.13775036 0.08347084 0.05333682 0.06044787 0.11950237]] +/- [[0.27997213 0.0816903  0.0720252  0.05144701 0.05926297 0.06975238]]
    tvd: 0.31017982131335886 +/- 0.22554218880335458
    expected_dist: [0.7999996  0.03999999 0.03999999 0.03999999 0.03999999 0.03999999] +/- [3.5762787e-07 2.2351742e-08 2.2351742e-08 2.2351742e-08 2.2351742e-08
 2.2351742e-08]
    choice_probs: [0.54549174 0.13775036 0.08347084 0.05333682 0.06044787 0.11950237] +/- [0.27997213 0.0816903  0.0720252  0.05144701 0.05926297 0.06975238]
unconditional_point
  kl_div: 0.12369963163509964 +/- 0.12717761541911812
  all_seq_probs: [[0.25191401 0.23597711 0.16277095 0.10919082 0.11116973 0.12897738]] +/- [[0.10451644 0.04163351 0.04792637 0.03947785 0.04892608 0.03743046]]
  tvd: 0.1865410745330155 +/- 0.10604714186523351
  expected_dist: [0.16666663 0.16666663 0.16666663 0.16666663 0.16666663 0.16666663] +/- [5.9604645e-08 5.9604645e-08 5.9604645e-08 5.9604645e-08 5.9604645e-08
 5.9604645e-08]
  choice_probs: [0.25191401 0.23597711 0.16277095 0.10919082 0.11116973 0.12897738] +/- [0.10451644 0.04163351 0.04792637 0.03947785 0.04892608 0.03743046]
