biased_point
  tvd_auc: 0.0 +/- 0.0
  When I roll dice, they land on 5 100% of the time.
    kl_div: 0.038279212596741274 +/- 0.03164117872610853
    choice_probs: [0.00713492 0.00599307 0.00657421 0.01164317 0.96291924 0.0057354 ] +/- [0.00615051 0.00516204 0.00545687 0.00880533 0.02988425 0.00457691]
    all_seq_probs: [[0.00713492 0.00599307 0.00657421 0.01164317 0.96291924 0.0057354 ]] +/- [[0.00615051 0.00516204 0.00545687 0.00880533 0.02988425 0.00457691]]
    tvd: 0.0370807437920797 +/- 0.02988426129162081
    expected_dist: [1.0000003e-08 1.0000003e-08 1.0000003e-08 1.0000003e-08 1.0000000e+00
 1.0000003e-08] +/- [4.440892e-15 4.440892e-15 4.440892e-15 4.440892e-15 0.000000e+00
 4.440892e-15]
