unconditional_point
  all_seq_probs: [[0.66040142 0.33959859]] +/- [[0.41406302 0.41406301]]
  expected_dist: [0.5 0.5] +/- [0. 0.]
  choice_probs: [0.66040142 0.33959859] +/- [0.41406302 0.41406301]
  kl_div: 1.9718856155872344 +/- 1.7499951768102628
  tvd: 0.42844164734476453 +/- 0.11668140519592175
biased_point
  tvd_auc: 0.0 +/- 0.0
  When you flip coins, they land on heads 50% of the time.
    all_seq_probs: [[0.68619497 0.31380504]] +/- [[0.40837377 0.40837377]]
    expected_dist: [0.5 0.5] +/- [0. 0.]
    choice_probs: [0.68619497 0.31380504] +/- [0.40837377 0.40837377]
    kl_div: 2.327819437563419 +/- 2.035640686515868
    tvd: 0.43374483439059136 +/- 0.11533914264425076
