biased_point
  When you roll dice, they land on 4 80% of the time.
    tvd: 0.3157871881796164 +/- 0.23190246769656947
    choice_probs: [0.01883597 0.05037597 0.06581471 0.68241208 0.07823409 0.10432719] +/- [0.02911219 0.08067079 0.08321519 0.36217411 0.10200322 0.17151714]
    kl_div: 0.5639801914217096 +/- 0.5850125177579618
    expected_dist: [0.03999997 0.03999997 0.03999997 0.8000019  0.03999997 0.03999997] +/- [4.0978193e-08 4.0978193e-08 4.0978193e-08 1.9073486e-06 4.0978193e-08
 4.0978193e-08]
    all_seq_probs: [[0.01883597 0.05037597 0.06581471 0.68241208 0.07823409 0.10432719]] +/- [[0.02911219 0.08067079 0.08321519 0.36217411 0.10200322 0.17151714]]
  tvd_auc: 0.0 +/- 0.0
