unconditional_point
  choice_probs: [0.54907672 0.45092329] +/- [0.26170596 0.26170596]
  kl_div: 0.20057115077972412 +/- 0.19293396559121304
  expected_dist: [0.5 0.5] +/- [0. 0.]
  all_seq_probs: [[0.54907672 0.45092329]] +/- [[0.26170596 0.26170596]]
  tvd: 0.230560337677598 +/- 0.1331933389321408
biased_point
  When I flip coins they land on heads 40% of the time.
    choice_probs: [0.64449154 0.35550846] +/- [0.22005953 0.22005953]
    kl_div: 0.2838168890401721 +/- 0.2714389710382687
    expected_dist: [0.3999998  0.60000026] +/- [2.3841858e-07 2.3841858e-07]
    all_seq_probs: [[0.64449154 0.35550846]] +/- [[0.22005953 0.22005953]]
    tvd: 0.28748729411512614 +/- 0.15985419233065884
  tvd_auc: 0.0 +/- 0.0
