biased_point
  When you roll dice, they land on 4 80% of the time.
    kl_div: 2.6708288027898526 +/- 2.5200285918629084
    expected_dist: [0.03999997 0.03999997 0.03999997 0.8000019  0.03999997 0.03999997] +/- [4.0978193e-08 4.0978193e-08 4.0978193e-08 1.9073486e-06 4.0978193e-08
 4.0978193e-08]
    all_seq_probs: [[0.01748724 0.05704053 0.04647596 0.44524415 0.04524566 0.38850647]] +/- [[0.0451971  0.13962334 0.08818279 0.42962428 0.096116   0.37633823]]
    choice_probs: [0.01748724 0.05704053 0.04647596 0.44524415 0.04524566 0.38850647] +/- [0.0451971  0.13962334 0.08818279 0.42962428 0.096116   0.37633823]
    tvd: 0.538803781519809 +/- 0.3158923107364989
  tvd_auc: 0.0 +/- 0.0
