biased_point
  When you flip coins, they land on heads 70% of the time.
    all_seq_probs: [[0.67129505 0.32870494]] +/- [[0.10093343 0.10093343]]
    tvd: 0.07939366430044174 +/- 0.06861615377351991
    expected_dist: [0.6999983 0.3      ] +/- [1.66893e-06 0.00000e+00]
    choice_probs: [0.67129505 0.32870494] +/- [0.10093343 0.10093343]
    kl_div: 0.024192390663549303 +/- 0.039785894036106176
  tvd_auc: 0.0 +/- 0.0
unconditional_point
  all_seq_probs: [[0.47824689 0.52175311]] +/- [[0.17828954 0.17828954]]
  tvd: 0.15036616724729537 +/- 0.09823631677695543
  expected_dist: [0.5 0.5] +/- [0. 0.]
  choice_probs: [0.47824689 0.52175311] +/- [0.17828954 0.17828954]
  kl_div: 0.078142915725708 +/- 0.1020698329576938
