biased_point
  tvd_auc: 0.0 +/- 0.0
  When I roll dice, they land on 4 80% of the time.
    choice_probs: [0.06376857 0.06813591 0.08725613 0.61321502 0.09131629 0.07630809] +/- [0.04276584 0.04493132 0.04577679 0.18768658 0.04896129 0.04444261]
    expected_dist: [0.03999999 0.03999999 0.03999999 0.7999996  0.03999999 0.03999999] +/- [2.2351742e-08 2.2351742e-08 2.2351742e-08 4.1723251e-07 2.2351742e-08
 2.2351742e-08]
    kl_div: 0.17268034903863735 +/- 0.16893011710578515
    all_seq_probs: [[0.06376857 0.06813591 0.08725613 0.61321502 0.09131629 0.07630809]] +/- [[0.04276584 0.04493132 0.04577679 0.18768658 0.04896129 0.04444261]]
    tvd: 0.22890087531879544 +/- 0.13676214701676995
