biased_point
  When you roll dice, they land on 1 80% of the time.
    kl_div: 1.158110945561817 +/- 1.2791728569437124
    tvd: 0.49626883095737345 +/- 0.25137576482298923
    choice_probs: [0.39397106 0.097919   0.1140429  0.07286799 0.04323336 0.27796568] +/- [0.30394689 0.10732417 0.17562377 0.09779637 0.10099621 0.21921266]
    expected_dist: [0.8000019  0.03999997 0.03999997 0.03999997 0.03999997 0.03999997] +/- [1.9669533e-06 4.0978193e-08 4.0978193e-08 4.0978193e-08 4.0978193e-08
 4.0978193e-08]
    all_seq_probs: [[0.39397106 0.097919   0.1140429  0.07286799 0.04323336 0.27796568]] +/- [[0.30394689 0.10732417 0.17562377 0.09779637 0.10099621 0.21921266]]
  tvd_auc: 0.0 +/- 0.0
