unconditional_point
  choice_probs: [0.05521173 0.28111541 0.26664395 0.1627086  0.14500594 0.08930951] +/- [0.09624968 0.34305879 0.24787262 0.2167711  0.22318421 0.19830554]
  kl_div: 1.6819852514762896 +/- 1.216460893779829
  tvd: 0.5418605296462774 +/- 0.18163805624531182
  all_seq_probs: [[0.05521173 0.28111541 0.26664395 0.1627086  0.14500594 0.08930951]] +/- [[0.09624968 0.34305879 0.24787262 0.2167711  0.22318421 0.19830554]]
  expected_dist: [0.16666676 0.16666676 0.16666676 0.16666676 0.16666676 0.16666676] +/- [7.4505806e-08 7.4505806e-08 7.4505806e-08 7.4505806e-08 7.4505806e-08
 7.4505806e-08]
biased_point
  When you roll dice, they land on 1 40% of the time.
    choice_probs: [0.35720864 0.1024066  0.20473022 0.15757835 0.05775671 0.11993922] +/- [0.33696199 0.20997507 0.29666969 0.22946412 0.14168    0.21785353]
    kl_div: 1.7252396020721643 +/- 2.0213715422361465
    tvd: 0.5232012240762124 +/- 0.1977568765447149
    all_seq_probs: [[0.35720864 0.1024066  0.20473022 0.15757835 0.05775671 0.11993922]] +/- [[0.33696199 0.20997507 0.29666969 0.22946412 0.14168    0.21785353]]
    expected_dist: [0.40000096 0.12000033 0.12000033 0.12000033 0.12000033 0.12000033] +/- [9.2387199e-07 3.3527613e-07 3.3527613e-07 3.3527613e-07 3.3527613e-07
 3.3527613e-07]
  tvd_auc: 0.0 +/- 0.0
