biased_point
  When I roll dice, they land on 5 80% of the time.
    expected_dist: [0.03999999 0.03999999 0.03999999 0.03999999 0.7999996  0.03999999] +/- [2.2351742e-08 2.2351742e-08 2.2351742e-08 2.2351742e-08 4.1723251e-07
 2.2351742e-08]
    choice_probs: [0.04900798 0.05621726 0.07086847 0.07664823 0.6955148  0.05174327] +/- [0.03870957 0.04663488 0.04397574 0.05479475 0.19411206 0.0518004 ]
    tvd: 0.19135233835782856 +/- 0.11673360981270267
    all_seq_probs: [[0.04900798 0.05621726 0.07086847 0.07664823 0.6955148  0.05174327]] +/- [[0.03870957 0.04663488 0.04397574 0.05479475 0.19411206 0.0518004 ]]
    kl_div: 0.17127936038301414 +/- 0.15403441493292622
  tvd_auc: 0.0 +/- 0.0
