unconditional_point
  choice_probs: [0.67531492 0.32468509] +/- [0.24739423 0.24739422]
  tvd: 0.2620904229441658 +/- 0.15247240284964494
  expected_dist: [0.5 0.5] +/- [0. 0.]
  all_seq_probs: [[0.67531492 0.32468509]] +/- [[0.24739423 0.24739422]]
  kl_div: 0.3522523008584976 +/- 0.4282934907932305
biased_point
  When you flip coins, they land on heads 90% of the time.
    choice_probs: [0.92699005 0.07300995] +/- [0.12832822 0.12832821]
    tvd: 0.0995311400905157 +/- 0.08538235508471469
    expected_dist: [0.899998   0.10000024] +/- [1.9669533e-06 2.3841858e-07]
    all_seq_probs: [[0.92699005 0.07300995]] +/- [[0.12832822 0.12832821]]
    kl_div: 0.20749173288047312 +/- 0.20450769853567366
  tvd_auc: 0.0 +/- 0.0
