biased_point
  When I roll dice, they land on 6 80% of the time.
    choice_probs: [0.14106977 0.11183273 0.09705118 0.09872428 0.1107886  0.44053344] +/- [0.05770763 0.09835392 0.03583682 0.03731531 0.04391335 0.15784304]
    all_seq_probs: [[0.14106977 0.11183273 0.09705118 0.09872428 0.1107886  0.44053344]] +/- [[0.05770763 0.09835392 0.03583682 0.03731531 0.04391335 0.15784304]]
    expected_dist: [0.03999999 0.03999999 0.03999999 0.03999999 0.03999999 0.7999996 ] +/- [2.2351742e-08 2.2351742e-08 2.2351742e-08 2.2351742e-08 2.2351742e-08
 4.1723251e-07]
    tvd: 0.35946653459221123 +/- 0.15784303372321465
    kl_div: 0.3575561629515141 +/- 0.31539818912589346
  tvd_auc: 0.0 +/- 0.0
