biased_point
  When I roll dice, they land on 1 20% of the time.
    all_seq_probs: [[0.20887581 0.16870661 0.15238981 0.13611383 0.16084798 0.17306597]] +/- [[0.07753517 0.09071043 0.04831801 0.04874552 0.08564402 0.09573861]]
    tvd: 0.14446371279656886 +/- 0.10851450944956205
    choice_probs: [0.20887581 0.16870661 0.15238981 0.13611383 0.16084798 0.17306597] +/- [0.07753517 0.09071043 0.04831801 0.04874552 0.08564402 0.09573861]
    kl_div: 0.09132510324940085 +/- 0.18109110290738392
    expected_dist: [0.1999999  0.15999995 0.15999995 0.15999995 0.15999995 0.15999995] +/- [1.3411045e-07 8.9406967e-08 8.9406967e-08 8.9406967e-08 8.9406967e-08
 8.9406967e-08]
  tvd_auc: 0.0 +/- 0.0
