biased_point
  When you roll dice, they land on 1 0% of the time.
    all_seq_probs: [[0.10229751 0.18539723 0.16522478 0.06919972 0.17506944 0.30281132]] +/- [[0.0394363  0.21126907 0.13667922 0.06857962 0.17110895 0.2460242 ]]
    tvd: 0.43683838957185334 +/- 0.13465639070676644
    expected_dist: [9.9999795e-09 2.0000048e-01 2.0000048e-01 2.0000048e-01 2.0000048e-01
 2.0000048e-01] +/- [1.8651747e-14 4.6193600e-07 4.6193600e-07 4.6193600e-07 4.6193600e-07
 4.6193600e-07]
    choice_probs: [0.10229751 0.18539723 0.16522478 0.06919972 0.17506944 0.30281132] +/- [0.0394363  0.21126907 0.13667922 0.06857962 0.17110895 0.2460242 ]
    kl_div: 0.8119454681780262 +/- 0.46053474190447213
  tvd_auc: 0.0 +/- 0.0
