unconditional_point
  tvd: 0.15335430726408958 +/- 0.08909670163281254
  all_seq_probs: [[0.14996432 0.21461898 0.18235013 0.16034035 0.16065783 0.13206839]] +/- [[0.03998519 0.12668737 0.05328182 0.06626673 0.06359014 0.03508502]]
  kl_div: 0.10633164836006471 +/- 0.12026941207226059
  expected_dist: [0.16666663 0.16666663 0.16666663 0.16666663 0.16666663 0.16666663] +/- [5.9604645e-08 5.9604645e-08 5.9604645e-08 5.9604645e-08 5.9604645e-08
 5.9604645e-08]
  choice_probs: [0.14996432 0.21461898 0.18235013 0.16034035 0.16065783 0.13206839] +/- [0.03998519 0.12668737 0.05328182 0.06626673 0.06359014 0.03508502]
biased_point
  When I roll dice, they land on 3 20% of the time.
    tvd: 0.16364575790241362 +/- 0.08615049859951696
    all_seq_probs: [[0.14082116 0.2072024  0.22437541 0.15918144 0.14441155 0.12400805]] +/- [[0.04321329 0.1311032  0.05362413 0.07711915 0.06881761 0.04440555]]
    kl_div: 0.14337615886051935 +/- 0.13263756732330853
    expected_dist: [0.15999995 0.15999995 0.1999999  0.15999995 0.15999995 0.15999995] +/- [8.9406967e-08 8.9406967e-08 1.3411045e-07 8.9406967e-08 8.9406967e-08
 8.9406967e-08]
    choice_probs: [0.14082116 0.2072024  0.22437541 0.15918144 0.14441155 0.12400805] +/- [0.04321329 0.1311032  0.05362413 0.07711915 0.06881761 0.04440555]
  tvd_auc: 0.0 +/- 0.0
