biased_point
  tvd_auc: 0.0 +/- 0.0
  When I flip coins they land on heads 20% of the time.
    tvd: 0.509929615855217 +/- 0.2466965459445066
    choice_probs: [0.71226563 0.29240639] +/- [0.24485129 0.2485418 ]
    all_seq_probs: [[0.71226563 0.29240639]] +/- [[0.24485129 0.2485418 ]]
    kl_div: 2.584581992030144 +/- 2.8220326361567327
    expected_dist: [0.1999999 0.7999996] +/- [1.1920929e-07 4.1723251e-07]
