biased_point
  When I roll dice, they land on 1 80% of the time.
    expected_dist: [0.7999996  0.03999999 0.03999999 0.03999999 0.03999999 0.03999999] +/- [3.5762787e-07 2.2351742e-08 2.2351742e-08 2.2351742e-08 2.2351742e-08
 2.2351742e-08]
    kl_div: 0.05182464271201752 +/- 0.04650065191387896
    all_seq_probs: [[0.75324757 0.07830394 0.04023043 0.03288302 0.0384322  0.05690284]] +/- [[0.09043921 0.04290655 0.01868039 0.01993666 0.02291668 0.0353956 ]]
    choice_probs: [0.75324757 0.07830394 0.04023043 0.03288302 0.0384322  0.05690284] +/- [0.09043921 0.04290655 0.01868039 0.01993666 0.02291668 0.0353956 ]
    tvd: 0.09816721240524202 +/- 0.05707012782590819
  tvd_auc: 0.0 +/- 0.0
