biased_point
  When you flip coins, they land on heads 60% of the time.
    all_seq_probs: [[0.42796012 0.5720399 ]] +/- [[0.26910671 0.26910671]]
    expected_dist: [0.6        0.40000096] +/- [0.00000e+00 9.23872e-07]
    kl_div: 0.28166907561570403 +/- 0.268664106212255
    choice_probs: [0.42796012 0.5720399 ] +/- [0.26910671 0.26910671]
    tvd: 0.28529941152781246 +/- 0.14359800627309546
  tvd_auc: 0.0 +/- 0.0
unconditional_point
  all_seq_probs: [[0.3949398  0.60506021]] +/- [[0.30668351 0.30668351]]
  expected_dist: [0.5 0.5] +/- [0. 0.]
  kl_div: 0.3406064336299896 +/- 0.2872464100636408
  choice_probs: [0.3949398  0.60506021] +/- [0.30668351 0.30668351]
  tvd: 0.30332761197537184 +/- 0.11438872301804826
