biased_point
  tvd_auc: 0.0 +/- 0.0
  When I roll dice, they land on 3 40% of the time.
    kl_div: 0.06865248773094208 +/- 0.028114496884176228
    all_seq_probs: [[0.13888223 0.1431953  0.25336951 0.15874765 0.15167431 0.154131  ]] +/- [[0.03205192 0.02491997 0.04205965 0.02678842 0.02554815 0.03184378]]
    choice_probs: [0.13888223 0.1431953  0.25336951 0.15874765 0.15167431 0.154131  ] +/- [0.03205192 0.02491997 0.04205965 0.02678842 0.02554815 0.03184378]
    expected_dist: [0.11999992 0.11999992 0.3999998  0.11999992 0.11999992 0.11999992] +/- [7.4505806e-08 7.4505806e-08 2.3841858e-07 7.4505806e-08 7.4505806e-08
 7.4505806e-08]
    tvd: 0.1563521144166589 +/- 0.03332844602112867
