biased_point
  When I roll dice, they land on 1 60% of the time.
    all_seq_probs: [[0.55836634 0.10271833 0.09109236 0.08092032 0.08056119 0.08634144]] +/- [[0.10758212 0.0280064  0.02797355 0.02488267 0.02681169 0.03248916]]
    expected_dist: [0.60000026 0.07999998 0.07999998 0.07999998 0.07999998 0.07999998] +/- [1.7881393e-07 4.4703484e-08 4.4703484e-08 4.4703484e-08 4.4703484e-08
 4.4703484e-08]
    tvd: 0.11150923946872354 +/- 0.053129969467610054
    kl_div: 0.03871325069107115 +/- 0.02874708648780259
    choice_probs: [0.55836634 0.10271833 0.09109236 0.08092032 0.08056119 0.08634144] +/- [0.10758212 0.0280064  0.02797355 0.02488267 0.02681169 0.03248916]
  tvd_auc: 0.0 +/- 0.0
