biased_point
  tvd_auc: 0.0 +/- 0.0
  When you roll dice, they land on 5 60% of the time.
    all_seq_probs: [[0.09294704 0.0999499  0.07534769 0.04529856 0.13203427 0.55442256]] +/- [[0.2487748  0.29772019 0.22391121 0.13070433 0.27846423 0.45318453]]
    kl_div: 5.9143503691493535 +/- 3.023539222968906
    expected_dist: [0.07999994 0.07999994 0.07999994 0.07999994 0.6        0.07999994] +/- [5.9604645e-08 5.9604645e-08 5.9604645e-08 5.9604645e-08 0.0000000e+00
 5.9604645e-08]
    tvd: 0.7888906292721929 +/- 0.21691278488651136
    choice_probs: [0.09294704 0.0999499  0.07534769 0.04529856 0.13203427 0.55442256] +/- [0.2487748  0.29772019 0.22391121 0.13070433 0.27846423 0.45318453]
