biased_point
  When you roll dice, they land on 5 80% of the time.
    tvd: 0.3965440470306203 +/- 0.22819100209365079
    expected_dist: [0.03999997 0.03999997 0.03999997 0.03999997 0.8000019  0.03999997] +/- [4.0978193e-08 4.0978193e-08 4.0978193e-08 4.0978193e-08 1.9073486e-06
 4.0978193e-08]
    choice_probs: [0.05311302 0.09747354 0.10364744 0.24134127 0.43020381 0.07422092] +/- [0.03621279 0.14883219 0.09342781 0.11825361 0.24667012 0.06352379]
    all_seq_probs: [[0.05311302 0.09747354 0.10364744 0.24134127 0.43020381 0.07422092]] +/- [[0.03621279 0.14883219 0.09342781 0.11825361 0.24667012 0.06352379]]
    kl_div: 0.6191775189407636 +/- 0.6985218401519341
  tvd_auc: 0.0 +/- 0.0
