biased_point
  When I roll dice, they land on 3 20% of the time.
    all_seq_probs: [[0.1381531  0.21134227 0.19579685 0.16016698 0.15335748 0.14118332]] +/- [[0.06720758 0.08758732 0.09327411 0.06916599 0.0690857  0.06286756]]
    expected_dist: [0.15999995 0.15999995 0.1999999  0.15999995 0.15999995 0.15999995] +/- [8.9406967e-08 8.9406967e-08 1.3411045e-07 8.9406967e-08 8.9406967e-08
 8.9406967e-08]
    kl_div: 0.11747011864819797 +/- 0.10635409148244165
    choice_probs: [0.1381531  0.21134227 0.19579685 0.16016698 0.15335748 0.14118332] +/- [0.06720758 0.08758732 0.09327411 0.06916599 0.0690857  0.06286756]
    tvd: 0.18063392060808836 +/- 0.0712111136360054
  tvd_auc: 0.0 +/- 0.0
