biased_point
  When I roll dice, they land on 6 20% of the time.
    choice_probs: [0.16107773 0.15709125 0.15454129 0.15618114 0.15568686 0.21542171] +/- [0.06942884 0.05510667 0.06224563 0.05297591 0.08016575 0.11920677]
    all_seq_probs: [[0.16107773 0.15709125 0.15454129 0.15618114 0.15568686 0.21542171]] +/- [[0.06942884 0.05510667 0.06224563 0.05297591 0.08016575 0.11920677]]
    kl_div: 0.09542406185038999 +/- 0.17623100292801042
    tvd: 0.14886039773002266 +/- 0.1108226116183946
    expected_dist: [0.15999995 0.15999995 0.15999995 0.15999995 0.15999995 0.1999999 ] +/- [8.9406967e-08 8.9406967e-08 8.9406967e-08 8.9406967e-08 8.9406967e-08
 1.3411045e-07]
  tvd_auc: 0.0 +/- 0.0
