biased_point
  tvd_auc: 0.0 +/- 0.0
  When I roll dice, they land on 4 60% of the time.
    all_seq_probs: [[0.09900971 0.11949954 0.13601704 0.29771987 0.15030682 0.19744701]] +/- [[0.0675563  0.06293332 0.06354366 0.16715315 0.08112028 0.07666817]]
    kl_div: 0.3583513683325145 +/- 0.1424179376586356
    expected_dist: [0.07999997 0.07999997 0.07999997 0.60000026 0.07999997 0.07999997] +/- [2.9802322e-08 2.9802322e-08 2.9802322e-08 2.3841858e-07 2.9802322e-08
 2.9802322e-08]
    choice_probs: [0.09900971 0.11949954 0.13601704 0.29771987 0.15030682 0.19744701] +/- [0.0675563  0.06293332 0.06354366 0.16715315 0.08112028 0.07666817]
    tvd: 0.3599960250267759 +/- 0.07395280251815027
