biased_point
  tvd_auc: 0.0 +/- 0.0
  When I flip coins they land on heads 40% of the time.
    choice_probs: [0.49457976 0.50542025] +/- [0.11066718 0.11066717]
    kl_div: 0.044559446647763255 +/- 0.06098254757670852
    expected_dist: [0.3999998  0.60000026] +/- [2.3841858e-07 2.3841858e-07]
    tvd: 0.12180315524339676 +/- 0.0797279385657783
    all_seq_probs: [[0.49457976 0.50542025]] +/- [[0.11066718 0.11066717]]
unconditional_point
  choice_probs: [0.4493101  0.55068991] +/- [0.13600434 0.13600433]
  kl_div: 0.051343753933906555 +/- 0.09551247224195061
  expected_dist: [0.5 0.5] +/- [0. 0.]
  tvd: 0.11176428742706776 +/- 0.09260340185286232
  all_seq_probs: [[0.4493101  0.55068991]] +/- [[0.13600434 0.13600433]]
