biased_point
  When you roll dice, they land on 1 40% of the time.
    all_seq_probs: [[0.2467242  0.1622222  0.1013813  0.12345196 0.11867371 0.24754663]] +/- [[0.27910124 0.18324772 0.12260022 0.12916527 0.15867165 0.2282991 ]]
    kl_div: 1.195661105756124 +/- 0.8757046720044802
    expected_dist: [0.40000096 0.12000033 0.12000033 0.12000033 0.12000033 0.12000033] +/- [9.2387199e-07 3.3527613e-07 3.3527613e-07 3.3527613e-07 3.3527613e-07
 3.3527613e-07]
    choice_probs: [0.2467242  0.1622222  0.1013813  0.12345196 0.11867371 0.24754663] +/- [0.27910124 0.18324772 0.12260022 0.12916527 0.15867165 0.2282991 ]
    tvd: 0.46200575716739334 +/- 0.14560820227191573
  tvd_auc: 0.0 +/- 0.0
