biased_point
  When I roll dice, they land on 1 60% of the time.
    tvd: 0.07736375261098147 +/- 0.03561834411051136
    expected_dist: [0.60000026 0.07999998 0.07999998 0.07999998 0.07999998 0.07999998] +/- [1.7881393e-07 4.4703484e-08 4.4703484e-08 4.4703484e-08 4.4703484e-08
 4.4703484e-08]
    all_seq_probs: [[0.59975358 0.09329784 0.07456418 0.0686371  0.07171499 0.0920323 ]] +/- [[0.07513847 0.02465193 0.01862803 0.01826613 0.01951141 0.02125906]]
    choice_probs: [0.59975358 0.09329784 0.07456418 0.0686371  0.07171499 0.0920323 ] +/- [0.07513847 0.02465193 0.01862803 0.01826613 0.01951141 0.02125906]
    kl_div: 0.022771802447387017 +/- 0.01761636494318174
  tvd_auc: 0.0 +/- 0.0
