biased_point
  When I flip coins they land on heads 50% of the time.
    kl_div: 0.03690777987241745 +/- 0.10166209289350416
    expected_dist: [0.5 0.5] +/- [0. 0.]
    all_seq_probs: [[0.53973713 0.46026289]] +/- [[0.1127812  0.11278121]]
    choice_probs: [0.53973713 0.46026289] +/- [0.1127812  0.11278121]
    tvd: 0.08252365060150624 +/- 0.08653603711544006
  tvd_auc: 0.0 +/- 0.0
unconditional_point
  kl_div: 0.05021233439445496 +/- 0.16898391528236567
  expected_dist: [0.5 0.5] +/- [0. 0.]
  all_seq_probs: [[0.49251935 0.50748066]] +/- [[0.1288444  0.12884439]]
  choice_probs: [0.49251935 0.50748066] +/- [0.1288444  0.12884439]
  tvd: 0.09514128044247627 +/- 0.08720651212347107
