biased_point
  tvd_auc: 0.0 +/- 0.0
  When I roll dice, they land on 1 20% of the time.
    choice_probs: [0.17418315 0.201616   0.1368269  0.15191658 0.16833213 0.16712524] +/- [0.07147991 0.08545028 0.06285844 0.06732517 0.07033438 0.08171062]
    expected_dist: [0.1999999  0.15999995 0.15999995 0.15999995 0.15999995 0.15999995] +/- [1.3411045e-07 8.9406967e-08 8.9406967e-08 8.9406967e-08 8.9406967e-08
 8.9406967e-08]
    all_seq_probs: [[0.17418315 0.201616   0.1368269  0.15191658 0.16833213 0.16712524]] +/- [[0.07147991 0.08545028 0.06285844 0.06732517 0.07033438 0.08171062]]
    kl_div: 0.11874504696403164 +/- 0.10902669850528782
    tvd: 0.17519536808133127 +/- 0.07641988293140455
