biased_point
  When I roll dice, they land on 4 80% of the time.
    expected_dist: [0.03999999 0.03999999 0.03999999 0.7999996  0.03999999 0.03999999] +/- [2.2351742e-08 2.2351742e-08 2.2351742e-08 4.1723251e-07 2.2351742e-08
 2.2351742e-08]
    kl_div: 0.03042205696234305 +/- 0.023308305385197504
    choice_probs: [0.03912718 0.04208395 0.04016647 0.79259803 0.03600637 0.05001801] +/- [0.01775539 0.02244784 0.0176146  0.06338354 0.01361255 0.02944713]
    tvd: 0.06602174755418673 +/- 0.03170476182270149
    all_seq_probs: [[0.03912718 0.04208395 0.04016647 0.79259803 0.03600637 0.05001801]] +/- [[0.01775539 0.02244784 0.0176146  0.06338354 0.01361255 0.02944713]]
  tvd_auc: 0.0 +/- 0.0
