biased_point
  When you roll dice, they land on 4 0% of the time.
    choice_probs: [0.07627046 0.06539507 0.08452751 0.55440218 0.0752472  0.14415758] +/- [0.14012978 0.13827049 0.17478173 0.32658279 0.14639953 0.244436  ]
    all_seq_probs: [[0.07627046 0.06539507 0.08452751 0.55440218 0.0752472  0.14415758]] +/- [[0.14012978 0.13827049 0.17478173 0.32658279 0.14639953 0.244436  ]]
    tvd: 0.7417247106315847 +/- 0.1756048975055509
    expected_dist: [2.0000048e-01 2.0000048e-01 2.0000048e-01 9.9999795e-09 2.0000048e-01
 2.0000048e-01] +/- [4.6193600e-07 4.6193600e-07 4.6193600e-07 1.8651747e-14 4.6193600e-07
 4.6193600e-07]
    kl_div: 3.4948070026792437 +/- 1.9140689663701052
  tvd_auc: 0.0 +/- 0.0
