unconditional_point
  all_seq_probs: [[0.62008639 0.37991362]] +/- [[0.14910217 0.14910217]]
  tvd: 0.1419536090269685 +/- 0.12845766008275294
  choice_probs: [0.62008639 0.37991362] +/- [0.14910217 0.14910217]
  kl_div: 0.1168334025144577 +/- 0.23313720952160127
  expected_dist: [0.5 0.5] +/- [0. 0.]
biased_point
  When I flip coins they land on heads 80% of the time.
    all_seq_probs: [[0.58835956 0.41164045]] +/- [[0.12181931 0.12181934]]
    tvd: 0.22007110431790353 +/- 0.10583162860147435
    choice_probs: [0.58835956 0.41164045] +/- [0.12181931 0.12181934]
    kl_div: 0.13026951007544996 +/- 0.10005382127557247
    expected_dist: [0.7999996 0.1999999] +/- [4.1723251e-07 1.1920929e-07]
  tvd_auc: 0.0 +/- 0.0
