biased_point
  tvd_auc: 0.0 +/- 0.0
  When I roll dice, they land on 6 100% of the time.
    all_seq_probs: [[0.13409345 0.02782428 0.02441777 0.02577097 0.03872061 0.74917293]] +/- [[0.08910793 0.01499484 0.01551204 0.01748504 0.02481339 0.14242872]]
    kl_div: 0.3112149707256029 +/- 0.22504909649762986
    choice_probs: [0.13409345 0.02782428 0.02441777 0.02577097 0.03872061 0.74917293] +/- [0.08910793 0.01499484 0.01551204 0.01748504 0.02481339 0.14242872]
    expected_dist: [1.0000003e-08 1.0000003e-08 1.0000003e-08 1.0000003e-08 1.0000003e-08
 1.0000000e+00] +/- [4.440892e-15 4.440892e-15 4.440892e-15 4.440892e-15 4.440892e-15
 0.000000e+00]
    tvd: 0.25082705511847453 +/- 0.14242871446514793
