biased_point
  tvd_auc: 0.0 +/- 0.0
  When I roll dice, they land on 3 20% of the time.
    kl_div: 0.014801295220386236 +/- 0.024656490160626935
    all_seq_probs: [[0.15946986 0.16626921 0.18711429 0.15690709 0.16783626 0.1624033 ]] +/- [[0.02684576 0.01677146 0.02854592 0.02393312 0.02986039 0.03546062]]
    choice_probs: [0.15946986 0.16626921 0.18711429 0.15690709 0.16783626 0.1624033 ] +/- [0.02684576 0.01677146 0.02854592 0.02393312 0.02986039 0.03546062]
    tvd: 0.06109803602099419 +/- 0.03623104353719594
    expected_dist: [0.15999995 0.15999995 0.1999999  0.15999995 0.15999995 0.15999995] +/- [8.9406967e-08 8.9406967e-08 1.3411045e-07 8.9406967e-08 8.9406967e-08
 8.9406967e-08]
