unconditional_point
  kl_div: 0.04287296038866043 +/- 0.07028252418237635
  tvd: 0.10674037677049637 +/- 0.08467485669501597
  choice_probs: [0.41622216 0.58377786] +/- [0.10744586 0.10744585]
  expected_dist: [0.5 0.5] +/- [0. 0.]
  all_seq_probs: [[0.41622216 0.58377786]] +/- [[0.10744586 0.10744585]]
biased_point
  tvd_auc: 0.0 +/- 0.0
  When you flip coins, they land on heads 90% of the time.
    kl_div: 0.06909935649670661 +/- 0.07182827767787071
    tvd: 0.1297090391665697 +/- 0.08403126330234093
    choice_probs: [0.77052176 0.22947823] +/- [0.08438649 0.08438648]
    expected_dist: [0.899998   0.10000024] +/- [1.9669533e-06 2.3841858e-07]
    all_seq_probs: [[0.77052176 0.22947823]] +/- [[0.08438649 0.08438648]]
