biased_point
  tvd_auc: 0.0 +/- 0.0
  When I roll dice, they land on 4 20% of the time.
    expected_dist: [0.15999994 0.15999994 0.15999994 0.1999999  0.15999994 0.15999994] +/- [7.4505806e-08 7.4505806e-08 7.4505806e-08 1.1920929e-07 7.4505806e-08
 7.4505806e-08]
    tvd: 0.12220327328890562 +/- 0.06685591187331266
    choice_probs: [0.14446227 0.17123661 0.17029384 0.21460583 0.16559738 0.13380407] +/- [0.05311915 0.0510654  0.03564457 0.04789541 0.05607969 0.0586915 ]
    kl_div: 0.06633340465399669 +/- 0.10636383452156921
    all_seq_probs: [[0.14446227 0.17123661 0.17029384 0.21460583 0.16559738 0.13380407]] +/- [[0.05311915 0.0510654  0.03564457 0.04789541 0.05607969 0.0586915 ]]
