biased_point
  When I roll dice, they land on 3 20% of the time.
    all_seq_probs: [[0.16033356 0.17621923 0.18221216 0.16106962 0.16309201 0.15707345]] +/- [[0.02055372 0.01332273 0.01560007 0.01241303 0.01258863 0.02518557]]
    kl_div: 0.00722937609127257 +/- 0.004417565846801544
    choice_probs: [0.16033356 0.17621923 0.18221216 0.16106962 0.16309201 0.15707345] +/- [0.02055372 0.01332273 0.01560007 0.01241303 0.01258863 0.02518557]
    expected_dist: [0.15999995 0.15999995 0.1999999  0.15999995 0.15999995 0.15999995] +/- [8.9406967e-08 8.9406967e-08 1.3411045e-07 8.9406967e-08 8.9406967e-08
 8.9406967e-08]
    tvd: 0.04623139292001724 +/- 0.014911711780401881
  tvd_auc: 0.0 +/- 0.0
