biased_point
  tvd_auc: 0.0 +/- 0.0
  When I roll dice, they land on 5 80% of the time.
    kl_div: 0.32637153088580817 +/- 0.2394681127704291
    all_seq_probs: [[0.0586862  0.06422699 0.07292187 0.07414902 0.55607451 0.17394141]] +/- [[0.07167605 0.09872437 0.05945704 0.06337115 0.2209796  0.09026029]]
    tvd: 0.30851815522415565 +/- 0.14937646710677444
    choice_probs: [0.0586862  0.06422699 0.07292187 0.07414902 0.55607451 0.17394141] +/- [0.07167605 0.09872437 0.05945704 0.06337115 0.2209796  0.09026029]
    expected_dist: [0.03999999 0.03999999 0.03999999 0.03999999 0.7999996  0.03999999] +/- [2.2351742e-08 2.2351742e-08 2.2351742e-08 2.2351742e-08 4.1723251e-07
 2.2351742e-08]
