biased_point
  When you roll dice, they land on 1 20% of the time.
    choice_probs: [0.11074871 0.19480165 0.16075841 0.12244022 0.17412833 0.23712268] +/- [0.06848637 0.1613197  0.13737395 0.15469151 0.13925203 0.15897083]
    expected_dist: [0.20000048 0.15999988 0.15999988 0.15999988 0.15999988 0.15999988] +/- [4.4703484e-07 1.6391277e-07 1.6391277e-07 1.6391277e-07 1.6391277e-07
 1.6391277e-07]
    all_seq_probs: [[0.11074871 0.19480165 0.16075841 0.12244022 0.17412833 0.23712268]] +/- [[0.06848637 0.1613197  0.13737395 0.15469151 0.13925203 0.15897083]]
    tvd: 0.34272563391613403 +/- 0.13575562125594315
    kl_div: 0.5680587748874095 +/- 0.7370198701436902
  tvd_auc: 0.0 +/- 0.0
