biased_point
  tvd_auc: 0.0 +/- 0.0
  When I roll dice, they land on 3 20% of the time.
    choice_probs: [0.16085026 0.17354923 0.18567591 0.16114748 0.16198711 0.15679001] +/- [0.03929416 0.03366654 0.03270206 0.04381312 0.04078396 0.06292219]
    expected_dist: [0.15999995 0.15999995 0.1999999  0.15999995 0.15999995 0.15999995] +/- [8.9406967e-08 8.9406967e-08 1.3411045e-07 8.9406967e-08 8.9406967e-08
 8.9406967e-08]
    all_seq_probs: [[0.16085026 0.17354923 0.18567591 0.16114748 0.16198711 0.15679001]] +/- [[0.03929416 0.03366654 0.03270206 0.04381312 0.04078396 0.06292219]]
    kl_div: 0.045530773720820435 +/- 0.07838308465065283
    tvd: 0.09566548692062497 +/- 0.056512761128385006
