biased_point
  tvd_auc: 0.0 +/- 0.0
  When you roll dice, they land on 4 40% of the time.
    kl_div: 1.1307062881793828 +/- 0.5630598784353706
    expected_dist: [0.12000033 0.12000033 0.12000033 0.40000096 0.12000033 0.12000033] +/- [3.3527613e-07 3.3527613e-07 3.3527613e-07 9.2387199e-07 3.3527613e-07
 3.3527613e-07]
    tvd: 0.502530145447774 +/- 0.1386030629535497
    all_seq_probs: [[0.02477384 0.05692831 0.18139724 0.20265152 0.20357618 0.33067292]] +/- [[0.04135045 0.0726958  0.18184062 0.22235326 0.19303235 0.2383808 ]]
    choice_probs: [0.02477384 0.05692831 0.18139724 0.20265152 0.20357618 0.33067292] +/- [0.04135045 0.0726958  0.18184062 0.22235326 0.19303235 0.2383808 ]
