biased_point
  When I roll dice, they land on 3 0% of the time.
    tvd: 0.24018546215378855 +/- 0.0571384031424564
    expected_dist: [1.9999990e-01 1.9999990e-01 1.0000003e-08 1.9999990e-01 1.9999990e-01
 1.9999990e-01] +/- [1.1920929e-07 1.1920929e-07 4.4408921e-15 1.1920929e-07 1.1920929e-07
 1.1920929e-07]
    kl_div: 0.2678876576992053 +/- 0.07970177484432694
    all_seq_probs: [[0.16809457 0.15749508 0.17032565 0.15386019 0.17002182 0.18020269]] +/- [[0.07234745 0.04925256 0.03964538 0.05961368 0.07187862 0.0756077 ]]
    choice_probs: [0.16809457 0.15749508 0.17032565 0.15386019 0.17002182 0.18020269] +/- [0.07234745 0.04925256 0.03964538 0.05961368 0.07187862 0.0756077 ]
  tvd_auc: 0.0 +/- 0.0
