biased_point
  When I roll dice, they land on 5 60% of the time.
    all_seq_probs: [[0.10794854 0.11595444 0.13836227 0.14334917 0.39493282 0.09945277]] +/- [[0.06445936 0.07542821 0.05630369 0.05022085 0.17902156 0.05235902]]
    kl_div: 0.21334329995355802 +/- 0.1439812503961059
    choice_probs: [0.10794854 0.11595444 0.13836227 0.14334917 0.39493282 0.09945277] +/- [0.06445936 0.07542821 0.05630369 0.05022085 0.17902156 0.05235902]
    expected_dist: [0.07999997 0.07999997 0.07999997 0.07999997 0.60000026 0.07999997] +/- [2.9802322e-08 2.9802322e-08 2.9802322e-08 2.9802322e-08 2.3841858e-07
 2.9802322e-08]
    tvd: 0.26889472536277026 +/- 0.09767394771270098
  tvd_auc: 0.0 +/- 0.0
