biased_point
  When you roll dice, they land on 2 80% of the time.
    kl_div: 0.27614358320873 +/- 0.22527003010562516
    expected_dist: [0.03999997 0.8000019  0.03999997 0.03999997 0.03999997 0.03999997] +/- [4.0978193e-08 1.9669533e-06 4.0978193e-08 4.0978193e-08 4.0978193e-08
 4.0978193e-08]
    all_seq_probs: [[0.02215214 0.66280458 0.06644717 0.04411232 0.1233368  0.08114699]] +/- [[0.02438889 0.21463177 0.06349429 0.04247062 0.10637367 0.07741378]]
    tvd: 0.24047723357535505 +/- 0.13875605363556842
    choice_probs: [0.02215214 0.66280458 0.06644717 0.04411232 0.1233368  0.08114699] +/- [0.02438889 0.21463177 0.06349429 0.04247062 0.10637367 0.07741378]
  tvd_auc: 0.0 +/- 0.0
