biased_point
  tvd_auc: 0.0 +/- 0.0
  When I roll dice, they land on 4 60% of the time.
    expected_dist: [0.07999997 0.07999997 0.07999997 0.60000026 0.07999997 0.07999997] +/- [2.9802322e-08 2.9802322e-08 2.9802322e-08 2.3841858e-07 2.9802322e-08
 2.9802322e-08]
    choice_probs: [0.07567022 0.07912415 0.08009106 0.57465833 0.08281715 0.1076391 ] +/- [0.02137444 0.02863608 0.03047816 0.08246328 0.02386557 0.02703501]
    tvd: 0.08950317750684916 +/- 0.04546581902415772
    kl_div: 0.03167710505382274 +/- 0.027106984148492826
    all_seq_probs: [[0.07567022 0.07912415 0.08009106 0.57465833 0.08281715 0.1076391 ]] +/- [[0.02137444 0.02863608 0.03047816 0.08246328 0.02386557 0.02703501]]
