biased_point
  When you roll dice, they land on 3 0% of the time.
    all_seq_probs: [[0.10774684 0.21544543 0.31673386 0.08905632 0.19238075 0.07906322]] +/- [[0.13862476 0.35514383 0.36911308 0.19335489 0.30585888 0.16232304]]
    tvd: 0.6894777035185061 +/- 0.1799112876826329
    expected_dist: [2.0000048e-01 2.0000048e-01 9.9999795e-09 2.0000048e-01 2.0000048e-01
 2.0000048e-01] +/- [4.6193600e-07 4.6193600e-07 1.8651747e-14 4.6193600e-07 4.6193600e-07
 4.6193600e-07]
    kl_div: 2.5520133066136816 +/- 1.513696102362582
    choice_probs: [0.10774684 0.21544543 0.31673386 0.08905632 0.19238075 0.07906322] +/- [0.13862476 0.35514383 0.36911308 0.19335489 0.30585888 0.16232304]
  tvd_auc: 0.0 +/- 0.0
