biased_point
  tvd_auc: 0.0 +/- 0.0
  When I roll dice, they land on 5 60% of the time.
    expected_dist: [0.07999997 0.07999997 0.07999997 0.07999997 0.60000026 0.07999997] +/- [2.9802322e-08 2.9802322e-08 2.9802322e-08 2.9802322e-08 2.3841858e-07
 2.9802322e-08]
    all_seq_probs: [[0.10813179 0.10404087 0.1177136  0.12337416 0.36438761 0.18235197]] +/- [[0.06837722 0.05112598 0.05232302 0.05391793 0.14448638 0.05920405]]
    choice_probs: [0.10813179 0.10404087 0.1177136  0.12337416 0.36438761 0.18235197] +/- [0.06837722 0.05112598 0.05232302 0.05391793 0.14448638 0.05920405]
    tvd: 0.28518514524679633 +/- 0.0843225616756869
    kl_div: 0.23534345812397078 +/- 0.13737129752234659
