biased_point
  tvd_auc: 0.0 +/- 0.0
  When I roll dice, they land on 4 80% of the time.
    choice_probs: [0.05506748 0.11613202 0.09842821 0.47420196 0.10866432 0.14750603] +/- [0.03938523 0.08637494 0.05569675 0.19158039 0.07493471 0.0915609 ]
    tvd: 0.3359966087061912 +/- 0.18141417426554104
    kl_div: 0.35398418179247526 +/- 0.31063368972627065
    all_seq_probs: [[0.05506748 0.11613202 0.09842821 0.47420196 0.10866432 0.14750603]] +/- [[0.03938523 0.08637494 0.05569675 0.19158039 0.07493471 0.0915609 ]]
    expected_dist: [0.03999999 0.03999999 0.03999999 0.7999996  0.03999999 0.03999999] +/- [2.2351742e-08 2.2351742e-08 2.2351742e-08 4.1723251e-07 2.2351742e-08
 2.2351742e-08]
