biased_point
  tvd_auc: 0.0 +/- 0.0
  When I roll dice, they land on 6 60% of the time.
    expected_dist: [0.07999997 0.07999997 0.07999997 0.07999997 0.07999997 0.60000026] +/- [2.9802322e-08 2.9802322e-08 2.9802322e-08 2.9802322e-08 2.9802322e-08
 2.3841858e-07]
    choice_probs: [0.11054399 0.10860107 0.08868382 0.09985289 0.10532357 0.48699465] +/- [0.05678247 0.13884685 0.05623634 0.07153416 0.05723293 0.24591455]
    tvd: 0.24414350112900138 +/- 0.1458597438717354
    all_seq_probs: [[0.11054399 0.10860107 0.08868382 0.09985289 0.10532357 0.48699465]] +/- [[0.05678247 0.13884685 0.05623634 0.07153416 0.05723293 0.24591455]]
    kl_div: 0.22294264366442804 +/- 0.24686511134553935
