biased_point
  tvd_auc: 0.0 +/- 0.0
  When you roll dice, they land on 5 60% of the time.
    choice_probs: [0.08934181 0.06051863 0.12509861 0.10273739 0.30491207 0.31739149] +/- [0.14244389 0.11362341 0.17310591 0.14552139 0.32226789 0.28381109]
    tvd: 0.5311770934969182 +/- 0.20942422177779138
    kl_div: 1.7015186233076673 +/- 1.2165383720898204
    expected_dist: [0.07999994 0.07999994 0.07999994 0.07999994 0.6        0.07999994] +/- [5.9604645e-08 5.9604645e-08 5.9604645e-08 5.9604645e-08 0.0000000e+00
 5.9604645e-08]
    all_seq_probs: [[0.08934181 0.06051863 0.12509861 0.10273739 0.30491207 0.31739149]] +/- [[0.14244389 0.11362341 0.17310591 0.14552139 0.32226789 0.28381109]]
