biased_point
  tvd_auc: 0.0 +/- 0.0
  When I roll dice, they land on 1 40% of the time.
    expected_dist: [0.3999998  0.11999992 0.11999992 0.11999992 0.11999992 0.11999992] +/- [2.3841858e-07 7.4505806e-08 7.4505806e-08 7.4505806e-08 7.4505806e-08
 7.4505806e-08]
    all_seq_probs: [[0.23471347 0.18783179 0.15699944 0.14311864 0.13612755 0.1412091 ]] +/- [[0.07210988 0.04157314 0.05088271 0.03893545 0.0517738  0.05514396]]
    kl_div: 0.12452161698718556 +/- 0.07811185633443583
    tvd: 0.20233793333172798 +/- 0.06164717899988453
    choice_probs: [0.23471347 0.18783179 0.15699944 0.14311864 0.13612755 0.1412091 ] +/- [0.07210988 0.04157314 0.05088271 0.03893545 0.0517738  0.05514396]
