unconditional_point
  choice_probs: [0.15844746 0.18203163 0.08616058 0.2253754  0.20534272 0.14264221] +/- [0.02908684 0.03268079 0.03869611 0.02767519 0.02178738 0.02431389]
  kl_div: 0.06768559984047898 +/- 0.02754097742823388
  tvd: 0.1282618349418044 +/- 0.028207931214888644
  all_seq_probs: [[0.15844746 0.18203163 0.08616058 0.2253754  0.20534272 0.14264221]] +/- [[0.02908684 0.03268079 0.03869611 0.02767519 0.02178738 0.02431389]]
  expected_dist: [0.16666663 0.16666663 0.16666663 0.16666663 0.16666663 0.16666663] +/- [5.9604645e-08 5.9604645e-08 5.9604645e-08 5.9604645e-08 5.9604645e-08
 5.9604645e-08]
biased_point
  When I roll dice, they land on 3 80% of the time.
    choice_probs: [0.11584659 0.12051053 0.44588902 0.12541272 0.08553807 0.10680306] +/- [0.03776901 0.04285605 0.12932308 0.03276862 0.03294904 0.02601775]
    kl_div: 0.31265029720030724 +/- 0.21266654298882168
    tvd: 0.35411095432937145 +/- 0.1293230755677311
    all_seq_probs: [[0.11584659 0.12051053 0.44588902 0.12541272 0.08553807 0.10680306]] +/- [[0.03776901 0.04285605 0.12932308 0.03276862 0.03294904 0.02601775]]
    expected_dist: [0.03999999 0.03999999 0.7999996  0.03999999 0.03999999 0.03999999] +/- [2.2351742e-08 2.2351742e-08 4.1723251e-07 2.2351742e-08 2.2351742e-08
 2.2351742e-08]
  tvd_auc: 0.0 +/- 0.0
