biased_point
  tvd_auc: 0.0 +/- 0.0
  When you roll dice, they land on 3 80% of the time.
    all_seq_probs: [[0.0175794  0.0815558  0.47830467 0.10151136 0.10040615 0.22064262]] +/- [[0.03976558 0.13731933 0.35908127 0.14208969 0.16222073 0.25596269]]
    tvd: 0.4682662808906935 +/- 0.2659556629847906
    expected_dist: [0.03999997 0.03999997 0.8000019  0.03999997 0.03999997 0.03999997] +/- [4.0978193e-08 4.0978193e-08 1.9073486e-06 4.0978193e-08 4.0978193e-08
 4.0978193e-08]
    kl_div: 1.2079117227130336 +/- 1.0264652987848537
    choice_probs: [0.0175794  0.0815558  0.47830467 0.10151136 0.10040615 0.22064262] +/- [0.03976558 0.13731933 0.35908127 0.14208969 0.16222073 0.25596269]
