unconditional_point
  all_seq_probs: [[0.62265279 0.37734721]] +/- [[0.05415337 0.05415339]]
  tvd: 0.12290246510505676 +/- 0.053584318163251286
  expected_dist: [0.5 0.5] +/- [0. 0.]
  kl_div: 0.03820718592405319 +/- 0.03027747197534051
  choice_probs: [0.62265279 0.37734721] +/- [0.05415337 0.05415339]
biased_point
  tvd_auc: 0.0 +/- 0.0
  When you flip coins, they land on heads 100% of the time.
    all_seq_probs: [[0.991189   0.00881101]] +/- [[0.00955281 0.0095528 ]]
    tvd: 0.008811000468481208 +/- 0.009552805166909541
    expected_dist: [1.0000000e+00 9.9999795e-09] +/- [0.0000000e+00 1.8651747e-14]
    kl_div: 0.00889727811227482 +/- 0.0097812485596319
    choice_probs: [0.991189   0.00881101] +/- [0.00955281 0.0095528 ]
