biased_point
  tvd_auc: 0.0 +/- 0.0
  When you roll dice, they land on 2 20% of the time.
    choice_probs: [0.16426831 0.25737665 0.23485292 0.17916652 0.09541952 0.06891607] +/- [0.20809939 0.39898933 0.30772804 0.25193753 0.17186034 0.14368295]
    tvd: 0.609467863034791 +/- 0.1386770022522646
    all_seq_probs: [[0.16426831 0.25737665 0.23485292 0.17916652 0.09541952 0.06891607]] +/- [[0.20809939 0.39898933 0.30772804 0.25193753 0.17186034 0.14368295]]
    expected_dist: [0.15999988 0.20000048 0.15999988 0.15999988 0.15999988 0.15999988] +/- [1.6391277e-07 4.4703484e-07 1.6391277e-07 1.6391277e-07 1.6391277e-07
 1.6391277e-07]
    kl_div: 3.2203526708270656 +/- 1.848066950703711
unconditional_point
  choice_probs: [0.00934163 0.2147641  0.28144898 0.30832761 0.16791259 0.01820507] +/- [0.02133807 0.27845496 0.28983649 0.28101106 0.22239847 0.03903344]
  tvd: 0.595869121917325 +/- 0.08453274298160422
  all_seq_probs: [[0.00934163 0.2147641  0.28144898 0.30832761 0.16791259 0.01820507]] +/- [[0.02133807 0.27845496 0.28983649 0.28101106 0.22239847 0.03903344]]
  expected_dist: [0.16666676 0.16666676 0.16666676 0.16666676 0.16666676 0.16666676] +/- [7.4505806e-08 7.4505806e-08 7.4505806e-08 7.4505806e-08 7.4505806e-08
 7.4505806e-08]
  kl_div: 2.8178434922253657 +/- 1.0889193712718783
