biased_point
  tvd_auc: 0.0 +/- 0.0
  When I roll dice, they land on 3 80% of the time.
    kl_div: 0.1487599219341064 +/- 0.12675546908888716
    all_seq_probs: [[0.04916546 0.07372562 0.69545957 0.07601273 0.05726556 0.04837105]] +/- [[0.03582165 0.04867517 0.17558003 0.04440005 0.03853705 0.04473802]]
    tvd: 0.1794395375379827 +/- 0.10602636233340743
    expected_dist: [0.03999999 0.03999999 0.7999996  0.03999999 0.03999999 0.03999999] +/- [2.2351742e-08 2.2351742e-08 4.1723251e-07 2.2351742e-08 2.2351742e-08
 2.2351742e-08]
    choice_probs: [0.04916546 0.07372562 0.69545957 0.07601273 0.05726556 0.04837105] +/- [0.03582165 0.04867517 0.17558003 0.04440005 0.03853705 0.04473802]
