biased_point
  When you roll dice, they land on 5 20% of the time.
    kl_div: 0.1169819822513382 +/- 0.09090138266191275
    tvd: 0.1862928125411272 +/- 0.07110770313400785
    all_seq_probs: [[0.10125785 0.16686614 0.17114496 0.11179651 0.21806559 0.23086895]] +/- [[0.04993053 0.07271924 0.07022256 0.04755692 0.06926905 0.07035873]]
    expected_dist: [0.15999988 0.15999988 0.15999988 0.15999988 0.20000048 0.15999988] +/- [1.3411045e-07 1.3411045e-07 1.3411045e-07 1.3411045e-07 4.6193600e-07
 1.3411045e-07]
    choice_probs: [0.10125785 0.16686614 0.17114496 0.11179651 0.21806559 0.23086895] +/- [0.04993053 0.07271924 0.07022256 0.04755692 0.06926905 0.07035873]
  tvd_auc: 0.0 +/- 0.0
