biased_point
  When I roll dice, they land on 5 40% of the time.
    expected_dist: [0.11999992 0.11999992 0.11999992 0.11999992 0.3999998  0.11999992] +/- [7.4505806e-08 7.4505806e-08 7.4505806e-08 7.4505806e-08 2.3841858e-07
 7.4505806e-08]
    all_seq_probs: [[0.11062492 0.17546916 0.13893789 0.14459908 0.24879918 0.18156974]] +/- [[0.09363669 0.10227642 0.08443638 0.06902001 0.12534795 0.06447252]]
    tvd: 0.2654227654449642 +/- 0.08538720453749757
    choice_probs: [0.11062492 0.17546916 0.13893789 0.14459908 0.24879918 0.18156974] +/- [0.09363669 0.10227642 0.08443638 0.06902001 0.12534795 0.06447252]
    kl_div: 0.211396686299704 +/- 0.13285768728476646
  tvd_auc: 0.0 +/- 0.0
