unconditional_point
  choice_probs: [0.23427247 0.76572752] +/- [0.28566316 0.28566316]
  kl_div: 0.726789721429348 +/- 0.5843703572011265
  tvd: 0.3640460217515938 +/- 0.14030342291242892
  all_seq_probs: [[0.23427247 0.76572752]] +/- [[0.28566316 0.28566316]]
  expected_dist: [0.5 0.5] +/- [0. 0.]
biased_point
  When you flip coins, they land on heads 80% of the time.
    choice_probs: [0.68978233 0.31021767] +/- [0.32563708 0.32563708]
    kl_div: 0.49738310379348694 +/- 0.6407316375292247
    tvd: 0.2638221929215215 +/- 0.22042071224051973
    all_seq_probs: [[0.68978233 0.31021767]] +/- [[0.32563708 0.32563708]]
    expected_dist: [0.8000019  0.20000048] +/- [1.9073486e-06 4.6193600e-07]
  tvd_auc: 0.0 +/- 0.0
