biased_point
  tvd_auc: 0.0 +/- 0.0
  When I flip coins they land on heads 20% of the time.
    all_seq_probs: [[0.52743313 0.47256688]] +/- [[0.11668515 0.11668515]]
    choice_probs: [0.52743313 0.47256688] +/- [0.11668515 0.11668515]
    kl_div: 0.25750521272420884 +/- 0.1535338836974636
    tvd: 0.32743312045931816 +/- 0.11668514948614092
    expected_dist: [0.1999999 0.7999996] +/- [1.1920929e-07 4.1723251e-07]
unconditional_point
  all_seq_probs: [[0.50035457 0.49964544]] +/- [[0.15941575 0.15941576]]
  choice_probs: [0.50035457 0.49964544] +/- [0.15941575 0.15941576]
  kl_div: 0.05945820152759552 +/- 0.08092528603746915
  tvd: 0.12286755219101905 +/- 0.10157299726608719
  expected_dist: [0.5 0.5] +/- [0. 0.]
