biased_point
  tvd_auc: 0.0 +/- 0.0
  When I roll dice, they land on 2 0% of the time.
    all_seq_probs: [[0.13747392 0.22393562 0.16604878 0.14877669 0.14646996 0.17729503]] +/- [[0.04848287 0.06535256 0.04261775 0.03891818 0.05836913 0.05539718]]
    expected_dist: [1.9999990e-01 1.0000003e-08 1.9999990e-01 1.9999990e-01 1.9999990e-01
 1.9999990e-01] +/- [1.1920929e-07 4.4408921e-15 1.1920929e-07 1.1920929e-07 1.1920929e-07
 1.1920929e-07]
    tvd: 0.255665973603066 +/- 0.05747304982799917
    kl_div: 0.3003172004989031 +/- 0.08752624561072703
    choice_probs: [0.13747392 0.22393562 0.16604878 0.14877669 0.14646996 0.17729503] +/- [0.04848287 0.06535256 0.04261775 0.03891818 0.05836913 0.05539718]
