biased_point
  tvd_auc: 0.0 +/- 0.0
  When you roll dice, they land on 6 0% of the time.
    all_seq_probs: [[0.02494316 0.01509664 0.02726361 0.04007428 0.05154083 0.84108149]] +/- [[0.06633364 0.06770295 0.05859982 0.12721473 0.12252967 0.19563527]]
    choice_probs: [0.02494316 0.01509664 0.02726361 0.04007428 0.05154083 0.84108149] +/- [0.06633364 0.06770295 0.05859982 0.12721473 0.12252967 0.19563527]
    kl_div: 4.114831570235386 +/- 1.0942188425179513
    tvd: 0.8827701513198237 +/- 0.10407910078612957
    expected_dist: [2.0000048e-01 2.0000048e-01 2.0000048e-01 2.0000048e-01 2.0000048e-01
 9.9999795e-09] +/- [4.6193600e-07 4.6193600e-07 4.6193600e-07 4.6193600e-07 4.6193600e-07
 1.8651747e-14]
