biased_point
  When I flip coins they land on heads 100% of the time.
    all_seq_probs: [[9.99943135e-01 5.68674888e-05]] +/- [[1.43284903e-05 1.43332601e-05]]
    expected_dist: [1.0000000e+00 1.0000003e-08] +/- [0.000000e+00 4.440892e-15]
    kl_div: 5.678080367715665e-05 +/- 1.4326776586821725e-05
    tvd: 5.686135206167009e-05 +/- 1.4330856050813403e-05
    choice_probs: [9.99943135e-01 5.68674888e-05] +/- [1.43284903e-05 1.43332601e-05]
  tvd_auc: 0.0 +/- 0.0
unconditional_point
  all_seq_probs: [[9.99905905e-01 9.41052305e-05]] +/- [[7.74202550e-05 7.74211704e-05]]
  expected_dist: [0.5 0.5] +/- [0. 0.]
  kl_div: 4.068509479165077 +/- 0.3364247689168294
  tvd: 0.49990589965051185 +/- 7.742070931972965e-05
  choice_probs: [9.99905905e-01 9.41052305e-05] +/- [7.74202550e-05 7.74211704e-05]
