unconditional_point
  kl_div: 0.5933458840250969 +/- 0.30877340324522207
  tvd: 0.3799139815531671 +/- 0.11370152221144192
  expected_dist: [0.5 0.5] +/- [0. 0.]
  all_seq_probs: [[0.75600798 0.24399202]] +/- [[0.30285736 0.30285737]]
  choice_probs: [0.75600798 0.24399202] +/- [0.30285736 0.30285737]
biased_point
  When you flip coins, they land on heads 30% of the time.
    kl_div: 0.40195240898989143 +/- 0.25340413405700035
    tvd: 0.3819841323941946 +/- 0.16454712554828455
    expected_dist: [0.3       0.6999983] +/- [0.00000e+00 1.66893e-06]
    all_seq_probs: [[0.67071609 0.3292839 ]] +/- [[0.18856622 0.18856622]]
    choice_probs: [0.67071609 0.3292839 ] +/- [0.18856622 0.18856622]
  tvd_auc: 0.0 +/- 0.0
