biased_point
  When I roll dice, they land on 6 0% of the time.
    tvd: 0.1413502120890579 +/- 0.05344341276214686
    kl_div: 0.11345378682161368 +/- 0.05815278381552836
    expected_dist: [1.9999990e-01 1.9999990e-01 1.9999990e-01 1.9999990e-01 1.9999990e-01
 1.0000003e-08] +/- [1.1920929e-07 1.1920929e-07 1.1920929e-07 1.1920929e-07 1.1920929e-07
 4.4408921e-15]
    all_seq_probs: [[0.17483109 0.2086796  0.20312846 0.1755191  0.17971186 0.05812989]] +/- [[0.05334623 0.06477528 0.05114143 0.04162052 0.06641015 0.02619413]]
    choice_probs: [0.17483109 0.2086796  0.20312846 0.1755191  0.17971186 0.05812989] +/- [0.05334623 0.06477528 0.05114143 0.04162052 0.06641015 0.02619413]
  tvd_auc: 0.0 +/- 0.0
