biased_point
  When I roll dice, they land on 3 20% of the time.
    tvd: 0.1040904065221548 +/- 0.044497011696920385
    kl_div: 0.038169528954967974 +/- 0.03388819576169202
    choice_probs: [0.14397294 0.17899347 0.19141673 0.16164292 0.18208026 0.1418937 ] +/- [0.04050781 0.04361978 0.03634456 0.03959825 0.0462292  0.04470794]
    expected_dist: [0.15999995 0.15999995 0.1999999  0.15999995 0.15999995 0.15999995] +/- [8.9406967e-08 8.9406967e-08 1.3411045e-07 8.9406967e-08 8.9406967e-08
 8.9406967e-08]
    all_seq_probs: [[0.14397294 0.17899347 0.19141673 0.16164292 0.18208026 0.1418937 ]] +/- [[0.04050781 0.04361978 0.03634456 0.03959825 0.0462292  0.04470794]]
  tvd_auc: 0.0 +/- 0.0
