biased_point
  When I roll dice, they land on 6 80% of the time.
    all_seq_probs: [[0.08188402 0.06874706 0.0733738  0.07759784 0.08867812 0.60971918]] +/- [[0.05242411 0.05659833 0.05286764 0.06165941 0.06810138 0.25863577]]
    choice_probs: [0.08188402 0.06874706 0.0733738  0.07759784 0.08867812 0.60971918] +/- [0.05242411 0.05659833 0.05286764 0.06165941 0.06810138 0.25863577]
    tvd: 0.24769710729829966 +/- 0.2046197933639352
    expected_dist: [0.03999999 0.03999999 0.03999999 0.03999999 0.03999999 0.7999996 ] +/- [2.2351742e-08 2.2351742e-08 2.2351742e-08 2.2351742e-08 2.2351742e-08
 4.1723251e-07]
    kl_div: 0.24156356057850645 +/- 0.27200295451607104
  tvd_auc: 0.0 +/- 0.0
