biased_point
  When I roll dice, they land on 5 80% of the time.
    expected_dist: [0.03999999 0.03999999 0.03999999 0.03999999 0.7999996  0.03999999] +/- [2.2351742e-08 2.2351742e-08 2.2351742e-08 2.2351742e-08 4.1723251e-07
 2.2351742e-08]
    all_seq_probs: [[0.04776753 0.04678883 0.05106786 0.05521328 0.75495772 0.04420478]] +/- [[0.02965404 0.02210032 0.02742435 0.02348626 0.07393323 0.02073566]]
    tvd: 0.07798999284394086 +/- 0.057094722260738424
    choice_probs: [0.04776753 0.04678883 0.05106786 0.05521328 0.75495772 0.04420478] +/- [0.02965404 0.02210032 0.02742435 0.02348626 0.07393323 0.02073566]
    kl_div: 0.037581719063600756 +/- 0.041105752418618316
  tvd_auc: 0.0 +/- 0.0
