biased_point
  tvd_auc: 0.0 +/- 0.0
  When I flip coins they land on heads 80% of the time.
    choice_probs: [0.86039062 0.14141846] +/- [0.11378608 0.11271165]
    tvd: 0.1024626475572586 +/- 0.07654542138158575
    kl_div: 0.07576753955101595 +/- 0.0874674023632945
    expected_dist: [0.7999996 0.1999999] +/- [4.1723251e-07 1.1920929e-07]
    all_seq_probs: [[0.86039062 0.14141846]] +/- [[0.11378608 0.11271165]]
