biased_point
  tvd_auc: 0.0 +/- 0.0
  When I roll dice, they land on 6 60% of the time.
    expected_dist: [0.07999997 0.07999997 0.07999997 0.07999997 0.07999997 0.60000026] +/- [2.9802322e-08 2.9802322e-08 2.9802322e-08 2.9802322e-08 2.9802322e-08
 2.3841858e-07]
    kl_div: 0.2867954358900897 +/- 0.22106246315913575
    tvd: 0.2780149856512435 +/- 0.10963137223959711
    choice_probs: [0.09295087 0.08698426 0.10599101 0.11505554 0.15068989 0.44832843] +/- [0.06454763 0.05861124 0.06655284 0.06601577 0.09100091 0.23539914]
    all_seq_probs: [[0.09295087 0.08698426 0.10599101 0.11505554 0.15068989 0.44832843]] +/- [[0.06454763 0.05861124 0.06655284 0.06601577 0.09100091 0.23539914]]
