unconditional_point
  choice_probs: [0.62200622 0.37799378] +/- [0.39158015 0.39158015]
  all_seq_probs: [[0.62200622 0.37799378]] +/- [[0.39158015 0.39158015]]
  tvd: 0.39363652776088565 +/- 0.11519901944788451
  kl_div: 0.8503045241832733 +/- 0.5895560090234242
  expected_dist: [0.5 0.5] +/- [0. 0.]
biased_point
  tvd_auc: 0.0 +/- 0.0
  When you flip coins, they land on heads 40% of the time.
    choice_probs: [0.61572085 0.38427915] +/- [0.35667935 0.35667934]
    all_seq_probs: [[0.61572085 0.38427915]] +/- [[0.35667935 0.35667934]]
    tvd: 0.38172512874938547 +/- 0.16745615675830972
    kl_div: 0.7163704964872449 +/- 0.6332131795798779
    expected_dist: [0.40000096 0.6       ] +/- [9.23872e-07 0.00000e+00]
