biased_point
  tvd_auc: 0.0 +/- 0.0
  When I roll dice, they land on 1 0% of the time.
    kl_div: 0.15935688366955106 +/- 0.09491411349701911
    expected_dist: [1.0000003e-08 1.9999990e-01 1.9999990e-01 1.9999990e-01 1.9999990e-01
 1.9999990e-01] +/- [4.4408921e-15 1.1920929e-07 1.1920929e-07 1.1920929e-07 1.1920929e-07
 1.1920929e-07]
    all_seq_probs: [[0.1037297  0.15710733 0.18564303 0.18539458 0.19108014 0.17704523]] +/- [[0.0184167  0.04649725 0.04475823 0.0345758  0.05013914 0.06131063]]
    choice_probs: [0.1037297  0.15710733 0.18564303 0.18539458 0.19108014 0.17704523] +/- [0.0184167  0.04649725 0.04475823 0.0345758  0.05013914 0.06131063]
    tvd: 0.152675083699908 +/- 0.04956488624002851
