biased_point
  When you roll dice, they land on 2 60% of the time.
    tvd: 0.36867321002110837 +/- 0.1321877273258694
    all_seq_probs: [[0.05332179 0.29610867 0.15613965 0.1188959  0.17750972 0.19802428]] +/- [[0.03241454 0.16057222 0.07750348 0.0622579  0.11849249 0.1284951 ]]
    kl_div: 0.41539166595682037 +/- 0.29480604443059477
    expected_dist: [0.07999994 0.6        0.07999994 0.07999994 0.07999994 0.07999994] +/- [8.1956387e-08 5.9604645e-08 8.1956387e-08 8.1956387e-08 8.1956387e-08
 8.1956387e-08]
    choice_probs: [0.05332179 0.29610867 0.15613965 0.1188959  0.17750972 0.19802428] +/- [0.03241454 0.16057222 0.07750348 0.0622579  0.11849249 0.1284951 ]
  tvd_auc: 0.0 +/- 0.0
