biased_point
  tvd_auc: 0.0 +/- 0.0
  When I roll dice, they land on 6 0% of the time.
    all_seq_probs: [[0.17519034 0.19095999 0.1814759  0.17080341 0.15609571 0.12547468]] +/- [[0.05593455 0.06911316 0.03455898 0.0482659  0.04473184 0.03343928]]
    choice_probs: [0.17519034 0.19095999 0.1814759  0.17080341 0.15609571 0.12547468] +/- [0.05593455 0.06911316 0.03455898 0.0482659  0.04473184 0.03343928]
    kl_div: 0.1756691161650599 +/- 0.06869351080617295
    tvd: 0.17123210127585742 +/- 0.05956705401085308
    expected_dist: [1.9999990e-01 1.9999990e-01 1.9999990e-01 1.9999990e-01 1.9999990e-01
 1.0000003e-08] +/- [1.1920929e-07 1.1920929e-07 1.1920929e-07 1.1920929e-07 1.1920929e-07
 4.4408921e-15]
