biased_point
  tvd_auc: 0.0 +/- 0.0
  When I roll dice, they land on 1 80% of the time.
    kl_div: 0.43207576717511986 +/- 0.22777036560613628
    expected_dist: [0.7999996  0.03999999 0.03999999 0.03999999 0.03999999 0.03999999] +/- [3.5762787e-07 2.2351742e-08 2.2351742e-08 2.2351742e-08 2.2351742e-08
 2.2351742e-08]
    tvd: 0.4081432469561696 +/- 0.11908182836565845
    all_seq_probs: [[0.39536575 0.23787753 0.08244417 0.06568678 0.07388804 0.14473772]] +/- [[0.12249115 0.09046936 0.03229748 0.04800819 0.05083353 0.03044693]]
    choice_probs: [0.39536575 0.23787753 0.08244417 0.06568678 0.07388804 0.14473772] +/- [0.12249115 0.09046936 0.03229748 0.04800819 0.05083353 0.03044693]
unconditional_point
  kl_div: 0.20356518827727996 +/- 0.1624298806184931
  expected_dist: [0.16666663 0.16666663 0.16666663 0.16666663 0.16666663 0.16666663] +/- [5.9604645e-08 5.9604645e-08 5.9604645e-08 5.9604645e-08 5.9604645e-08
 5.9604645e-08]
  tvd: 0.24847419371828436 +/- 0.10459162126532184
  all_seq_probs: [[0.11208792 0.36583787 0.18496567 0.13800572 0.1243273  0.07477552]] +/- [[0.04617597 0.13912481 0.03553659 0.04182587 0.05075511 0.04038175]]
  choice_probs: [0.11208792 0.36583787 0.18496567 0.13800572 0.1243273  0.07477552] +/- [0.04617597 0.13912481 0.03553659 0.04182587 0.05075511 0.04038175]
