biased_point
  When you roll dice, they land on 2 60% of the time.
    expected_dist: [0.07999994 0.6        0.07999994 0.07999994 0.07999994 0.07999994] +/- [8.1956387e-08 5.9604645e-08 8.1956387e-08 8.1956387e-08 8.1956387e-08
 8.1956387e-08]
    choice_probs: [0.11660659 0.18361277 0.10744147 0.16759305 0.06087538 0.36387074] +/- [0.21202281 0.29108585 0.1663803  0.23091963 0.1215051  0.33418196]
    tvd: 0.6441861616349215 +/- 0.2072570140086982
    kl_div: 4.302263996581896 +/- 3.2232131018926857
    all_seq_probs: [[0.11660659 0.18361277 0.10744147 0.16759305 0.06087538 0.36387074]] +/- [[0.21202281 0.29108585 0.1663803  0.23091963 0.1215051  0.33418196]]
  tvd_auc: 0.0 +/- 0.0
