unconditional_point
  kl_div: 2.986855034649372 +/- 1.0943827218660374
  tvd: 0.49433318642990437 +/- 0.02417050370226121
  all_seq_probs: [[0.04564607 0.95435395]] +/- [[0.19624478 0.19624477]]
  choice_probs: [0.04564607 0.95435395] +/- [0.19624478 0.19624477]
  expected_dist: [0.5 0.5] +/- [0. 0.]
biased_point
  When you flip coins, they land on heads 90% of the time.
    kl_div: 0.982504357191734 +/- 1.389875951810863
    tvd: 0.41651503554685043 +/- 0.3207995810108678
    all_seq_probs: [[0.50350689 0.49649311]] +/- [[0.34523958 0.34523958]]
    choice_probs: [0.50350689 0.49649311] +/- [0.34523958 0.34523958]
    expected_dist: [0.899998   0.10000024] +/- [1.9669533e-06 2.3841858e-07]
  tvd_auc: 0.0 +/- 0.0
