biased_point
  tvd_auc: 0.0 +/- 0.0
  When you roll dice, they land on 3 80% of the time.
    kl_div: 1.0055767878534099 +/- 1.051948992274958
    expected_dist: [0.03999997 0.03999997 0.8000019  0.03999997 0.03999997 0.03999997] +/- [4.0978193e-08 4.0978193e-08 1.9073486e-06 4.0978193e-08 4.0978193e-08
 4.0978193e-08]
    choice_probs: [0.00964889 0.03000812 0.5393202  0.08591724 0.12803526 0.20707029] +/- [0.03476894 0.06238194 0.33653542 0.12405589 0.17385139 0.20624481]
    tvd: 0.4038949779518202 +/- 0.25091750695078013
    all_seq_probs: [[0.00964889 0.03000812 0.5393202  0.08591724 0.12803526 0.20707029]] +/- [[0.03476894 0.06238194 0.33653542 0.12405589 0.17385139 0.20624481]]
