biased_point
  tvd_auc: 0.0 +/- 0.0
  When I roll dice, they land on 5 60% of the time.
    expected_dist: [0.07999997 0.07999997 0.07999997 0.07999997 0.60000026 0.07999997] +/- [2.9802322e-08 2.9802322e-08 2.9802322e-08 2.9802322e-08 2.3841858e-07
 2.9802322e-08]
    choice_probs: [0.07924444 0.079534   0.09717485 0.13768097 0.27780241 0.32856334] +/- [0.04725567 0.05659755 0.0583095  0.07263111 0.11340925 0.16024845]
    tvd: 0.3987543314520735 +/- 0.09356959327370369
    all_seq_probs: [[0.07924444 0.079534   0.09717485 0.13768097 0.27780241 0.32856334]] +/- [[0.04725567 0.05659755 0.0583095  0.07263111 0.11340925 0.16024845]]
    kl_div: 0.47024533351737774 +/- 0.23948565895743024
