biased_point
  tvd_auc: 0.0 +/- 0.0
  When you roll dice, they land on 5 20% of the time.
    all_seq_probs: [[0.14102794 0.21394878 0.12381801 0.10564724 0.17644373 0.23911428]] +/- [[0.18449489 0.22960188 0.15600236 0.15619229 0.19838405 0.23973292]]
    choice_probs: [0.14102794 0.21394878 0.12381801 0.10564724 0.17644373 0.23911428] +/- [0.18449489 0.22960188 0.15600236 0.15619229 0.19838405 0.23973292]
    kl_div: 1.5353781730495975 +/- 0.9435733265978515
    expected_dist: [0.15999988 0.15999988 0.15999988 0.15999988 0.20000048 0.15999988] +/- [1.3411045e-07 1.3411045e-07 1.3411045e-07 1.3411045e-07 4.6193600e-07
 1.3411045e-07]
    tvd: 0.48748226858353105 +/- 0.1257400568611025
