biased_point
  tvd_auc: 0.0 +/- 0.0
  When I roll dice, they land on 5 0% of the time.
    tvd: 0.09168341911518191 +/- 0.017911199362184542
    kl_div: 0.0777657620317754 +/- 0.01764866270900922
    choice_probs: [0.20169302 0.1922162  0.17538246 0.18492529 0.06581249 0.17997055] +/- [0.02562972 0.02044583 0.01529346 0.0217487  0.01696953 0.03360997]
    all_seq_probs: [[0.20169302 0.1922162  0.17538246 0.18492529 0.06581249 0.17997055]] +/- [[0.02562972 0.02044583 0.01529346 0.0217487  0.01696953 0.03360997]]
    expected_dist: [1.9999990e-01 1.9999990e-01 1.9999990e-01 1.9999990e-01 1.0000003e-08
 1.9999990e-01] +/- [1.1920929e-07 1.1920929e-07 1.1920929e-07 1.1920929e-07 4.4408921e-15
 1.1920929e-07]
