unconditional_point
  expected_dist: [0.5 0.5] +/- [0. 0.]
  all_seq_probs: [[0.55344886 0.44655114]] +/- [[0.19733566 0.19733566]]
  kl_div: 0.10487821131944657 +/- 0.12553655548246706
  choice_probs: [0.55344886 0.44655114] +/- [0.19733566 0.19733566]
  tvd: 0.17531456642597915 +/- 0.10518053358640793
biased_point
  When you flip coins, they land on heads 20% of the time.
    expected_dist: [0.20000048 0.8000019 ] +/- [4.6193600e-07 1.9073486e-06]
    all_seq_probs: [[0.46541909 0.53458091]] +/- [[0.19600264 0.19600264]]
    kl_div: 0.2451073681608832 +/- 0.273905546186903
    choice_probs: [0.46541909 0.53458091] +/- [0.19600264 0.19600264]
    tvd: 0.2813952928036451 +/- 0.1722817979599304
  tvd_auc: 0.0 +/- 0.0
