unconditional_point
  tvd: 0.39310591261833905 +/- 0.05377067709642323
  kl_div: 0.5405569511651993 +/- 0.21006592653806394
  expected_dist: [0.5 0.5] +/- [0. 0.]
  choice_probs: [0.10689409 0.89310591] +/- [0.05377068 0.05377068]
  all_seq_probs: [[0.10689409 0.89310591]] +/- [[0.05377068 0.05377068]]
biased_point
  tvd_auc: 0.0 +/- 0.0
  When I flip coins they land on heads 100% of the time.
    tvd: 0.6880733467184864 +/- 0.17046994470769342
    kl_div: 1.3190525405256688 +/- 0.5794114491216864
    expected_dist: [1.0000000e+00 1.0000003e-08] +/- [0.000000e+00 4.440892e-15]
    choice_probs: [0.31192666 0.68807336] +/- [0.17046996 0.17046993]
    all_seq_probs: [[0.31192666 0.68807336]] +/- [[0.17046996 0.17046993]]
