biased_point
  tvd_auc: 0.0 +/- 0.0
  When I roll dice, they land on 6 20% of the time.
    choice_probs: [0.13962404 0.16747865 0.14743906 0.14897355 0.14022806 0.25625664] +/- [0.07869902 0.08201197 0.08298637 0.07358049 0.08292669 0.1051628 ]
    all_seq_probs: [[0.13962404 0.16747865 0.14743906 0.14897355 0.14022806 0.25625664]] +/- [[0.07869902 0.08201197 0.08298637 0.07358049 0.08292669 0.1051628 ]]
    tvd: 0.2007929231785238 +/- 0.0985821176204991
    kl_div: 0.15228591430233793 +/- 0.15106878237284693
    expected_dist: [0.15999995 0.15999995 0.15999995 0.15999995 0.15999995 0.1999999 ] +/- [8.9406967e-08 8.9406967e-08 8.9406967e-08 8.9406967e-08 8.9406967e-08
 1.3411045e-07]
