biased_point
  tvd_auc: 0.0 +/- 0.0
  When I roll dice, they land on 1 80% of the time.
    tvd: 0.2356770640052855 +/- 0.20503691071135136
    expected_dist: [0.7999996  0.03999999 0.03999999 0.03999999 0.03999999 0.03999999] +/- [3.5762787e-07 2.2351742e-08 2.2351742e-08 2.2351742e-08 2.2351742e-08
 2.2351742e-08]
    all_seq_probs: [[0.6225763  0.10700989 0.08352773 0.0564142  0.06105176 0.06942012]] +/- [[0.25526014 0.05316207 0.07104639 0.04757611 0.0505538  0.05679395]]
    kl_div: 0.243017444278521 +/- 0.32164977870603795
    choice_probs: [0.6225763  0.10700989 0.08352773 0.0564142  0.06105176 0.06942012] +/- [0.25526014 0.05316207 0.07104639 0.04757611 0.0505538  0.05679395]
unconditional_point
  tvd: 0.3270252487063408 +/- 0.21582711150846193
  expected_dist: [0.16666663 0.16666663 0.16666663 0.16666663 0.16666663 0.16666663] +/- [5.9604645e-08 5.9604645e-08 5.9604645e-08 5.9604645e-08 5.9604645e-08
 5.9604645e-08]
  all_seq_probs: [[0.42635233 0.16545841 0.12975541 0.095661   0.09429444 0.08847843]] +/- [[0.27333922 0.06062302 0.07243307 0.05851774 0.06200198 0.06626525]]
  kl_div: 0.3883013135148212 +/- 0.35387755963648465
  choice_probs: [0.42635233 0.16545841 0.12975541 0.095661   0.09429444 0.08847843] +/- [0.27333922 0.06062302 0.07243307 0.05851774 0.06200198 0.06626525]
