unconditional_point
  choice_probs: [0.06132438 0.41312804 0.19425457 0.14008321 0.10074059 0.0904692 ] +/- [0.02278946 0.09729134 0.03030019 0.028278   0.02544278 0.02771728]
  all_seq_probs: [[0.06132438 0.41312804 0.19425457 0.14008321 0.10074059 0.0904692 ]] +/- [[0.02278946 0.09729134 0.03030019 0.028278   0.02544278 0.02771728]]
  tvd: 0.28002576004713775 +/- 0.07953595311984955
  expected_dist: [0.16666663 0.16666663 0.16666663 0.16666663 0.16666663 0.16666663] +/- [5.9604645e-08 5.9604645e-08 5.9604645e-08 5.9604645e-08 5.9604645e-08
 5.9604645e-08]
  kl_div: 0.2425585994881112 +/- 0.13099001953793676
biased_point
  tvd_auc: 0.0 +/- 0.0
  When I roll dice, they land on 1 100% of the time.
    choice_probs: [0.41734169 0.32574217 0.08356916 0.05763864 0.04978052 0.06592782] +/- [0.23456217 0.11281138 0.04780891 0.03577645 0.03140817 0.03644283]
    all_seq_probs: [[0.41734169 0.32574217 0.08356916 0.05763864 0.04978052 0.06592782]] +/- [[0.23456217 0.11281138 0.04780891 0.03577645 0.03140817 0.03644283]]
    tvd: 0.58265828476889 +/- 0.2345621762829294
    expected_dist: [1.0000000e+00 1.0000003e-08 1.0000003e-08 1.0000003e-08 1.0000003e-08
 1.0000003e-08] +/- [0.000000e+00 4.440892e-15 4.440892e-15 4.440892e-15 4.440892e-15
 4.440892e-15]
    kl_div: 1.0701561010258454 +/- 0.6700397285429155
