biased_point
  tvd_auc: 0.0 +/- 0.0
  When you flip coins, they land on heads 0% of the time.
    kl_div: 0.039263814296687315 +/- 0.015203471438283806
    tvd: 0.038392408297669024 +/- 0.014537718704736408
    all_seq_probs: [[0.03839241 0.96160758]] +/- [[0.01453772 0.01453772]]
    choice_probs: [0.03839241 0.96160758] +/- [0.01453772 0.01453772]
    expected_dist: [9.9999795e-09 1.0000000e+00] +/- [1.8651747e-14 0.0000000e+00]
unconditional_point
  kl_div: 0.13447199201583862 +/- 0.058436317040314587
  tvd: 0.23560854703187942 +/- 0.04666857972543347
  all_seq_probs: [[0.26439144 0.73560854]] +/- [[0.04666857 0.04666859]]
  choice_probs: [0.26439144 0.73560854] +/- [0.04666857 0.04666859]
  expected_dist: [0.5 0.5] +/- [0. 0.]
