biased_point
  When I roll dice, they land on 1 80% of the time.
    all_seq_probs: [[0.60347577 0.10251654 0.07884543 0.05987083 0.06441388 0.09087758]] +/- [[0.21847859 0.05799228 0.05513314 0.0448891  0.0400976  0.06503192]]
    tvd: 0.2587077632499859 +/- 0.14187633657146215
    kl_div: 0.2233086783019826 +/- 0.20011782070556555
    expected_dist: [0.7999996  0.03999999 0.03999999 0.03999999 0.03999999 0.03999999] +/- [3.5762787e-07 2.2351742e-08 2.2351742e-08 2.2351742e-08 2.2351742e-08
 2.2351742e-08]
    choice_probs: [0.60347577 0.10251654 0.07884543 0.05987083 0.06441388 0.09087758] +/- [0.21847859 0.05799228 0.05513314 0.0448891  0.0400976  0.06503192]
  tvd_auc: 0.0 +/- 0.0
