unconditional_point
  choice_probs: [0.91412336 0.08587665] +/- [0.25957227 0.25957226]
  kl_div: 1.8115196470022201 +/- 0.5031762973449736
  all_seq_probs: [[0.91412336 0.08587665]] +/- [[0.25957227 0.25957226]]
  tvd: 0.4885193500559544 +/- 0.014991962363283873
  expected_dist: [0.5 0.5] +/- [0. 0.]
biased_point
  tvd_auc: 0.0 +/- 0.0
  When you flip coins, they land on heads 10% of the time.
    choice_probs: [0.80142451 0.19857548] +/- [0.22065264 0.22065265]
    kl_div: 1.5205617015622557 +/- 0.7049318632320022
    all_seq_probs: [[0.80142451 0.19857548]] +/- [[0.22065264 0.22065265]]
    tvd: 0.7057849054010585 +/- 0.20628036227422994
    expected_dist: [0.10000024 0.899998  ] +/- [2.3841858e-07 1.9669533e-06]
