biased_point
  tvd_auc: 0.0 +/- 0.0
  When you roll dice, they land on 4 40% of the time.
    all_seq_probs: [[0.07678399 0.12749095 0.12132683 0.41889806 0.05612575 0.19937442]] +/- [[0.11719286 0.19257083 0.19354222 0.35456723 0.09618964 0.24491384]]
    kl_div: 1.6826128750993083 +/- 1.046523889804019
    tvd: 0.49522391575672214 +/- 0.13771524212802227
    choice_probs: [0.07678399 0.12749095 0.12132683 0.41889806 0.05612575 0.19937442] +/- [0.11719286 0.19257083 0.19354222 0.35456723 0.09618964 0.24491384]
    expected_dist: [0.12000033 0.12000033 0.12000033 0.40000096 0.12000033 0.12000033] +/- [3.3527613e-07 3.3527613e-07 3.3527613e-07 9.2387199e-07 3.3527613e-07
 3.3527613e-07]
