biased_point
  tvd_auc: 0.0 +/- 0.0
  When I roll dice, they land on 6 80% of the time.
    expected_dist: [0.03999999 0.03999999 0.03999999 0.03999999 0.03999999 0.7999996 ] +/- [2.2351742e-08 2.2351742e-08 2.2351742e-08 2.2351742e-08 2.2351742e-08
 4.1723251e-07]
    all_seq_probs: [[0.07887486 0.07286879 0.07721332 0.09484195 0.10695783 0.56924324]] +/- [[0.06166033 0.05750966 0.04793981 0.05813295 0.0571011  0.20697668]]
    tvd: 0.2803661266062409 +/- 0.1368045960167645
    kl_div: 0.2315732143819332 +/- 0.15123877961109236
    choice_probs: [0.07887486 0.07286879 0.07721332 0.09484195 0.10695783 0.56924324] +/- [0.06166033 0.05750966 0.04793981 0.05813295 0.0571011  0.20697668]
