biased_point
  When I roll dice, they land on 5 80% of the time.
    tvd: 0.23843239628011362 +/- 0.14124162294997106
    kl_div: 0.22781354606850074 +/- 0.200931179199336
    expected_dist: [0.03999999 0.03999999 0.03999999 0.03999999 0.7999996  0.03999999] +/- [2.2351742e-08 2.2351742e-08 2.2351742e-08 2.2351742e-08 4.1723251e-07
 2.2351742e-08]
    all_seq_probs: [[0.05841166 0.05809895 0.06048483 0.061022   0.62950929 0.13247326]] +/- [[0.06986189 0.059852   0.05073248 0.0496371  0.20323655 0.08993002]]
    choice_probs: [0.05841166 0.05809895 0.06048483 0.061022   0.62950929 0.13247326] +/- [0.06986189 0.059852   0.05073248 0.0496371  0.20323655 0.08993002]
  tvd_auc: 0.0 +/- 0.0
