biased_point
  tvd_auc: 0.0 +/- 0.0
  When I roll dice, they land on 2 40% of the time.
    kl_div: 0.16104338713237668 +/- 0.10852922137215552
    all_seq_probs: [[0.15319654 0.26358373 0.15177543 0.15455784 0.12442779 0.15245866]] +/- [[0.06337365 0.10753468 0.0650159  0.07176022 0.06521573 0.09422779]]
    choice_probs: [0.15319654 0.26358373 0.15177543 0.15455784 0.12442779 0.15245866] +/- [0.06337365 0.10753468 0.0650159  0.07176022 0.06521573 0.09422779]
    expected_dist: [0.11999992 0.3999998  0.11999992 0.11999992 0.11999992 0.11999992] +/- [7.4505806e-08 2.3841858e-07 7.4505806e-08 7.4505806e-08 7.4505806e-08
 7.4505806e-08]
    tvd: 0.22617492029443384 +/- 0.07390236675717533
