biased_point
  tvd_auc: 0.0 +/- 0.0
  When I roll dice, they land on 2 80% of the time.
    tvd: 0.058437324161641296 +/- 0.025382089164259825
    kl_div: 0.027134760489861947 +/- 0.021912919740139116
    expected_dist: [0.03999999 0.7999996  0.03999999 0.03999999 0.03999999 0.03999999] +/- [2.2351742e-08 3.5762787e-07 2.2351742e-08 2.2351742e-08 2.2351742e-08
 2.2351742e-08]
    choice_probs: [0.04059606 0.81665198 0.0392113  0.0306582  0.03760674 0.03527573] +/- [0.0199544  0.05267977 0.01830461 0.01128989 0.0153485  0.01717523]
    all_seq_probs: [[0.04059606 0.81665198 0.0392113  0.0306582  0.03760674 0.03527573]] +/- [[0.0199544  0.05267977 0.01830461 0.01128989 0.0153485  0.01717523]]
