biased_point
  When you roll dice, they land on 3 80% of the time.
    expected_dist: [0.03999997 0.03999997 0.8000019  0.03999997 0.03999997 0.03999997] +/- [4.0978193e-08 4.0978193e-08 1.9073486e-06 4.0978193e-08 4.0978193e-08
 4.0978193e-08]
    tvd: 0.4951896526686971 +/- 0.31559693702712754
    kl_div: 3.03743772200821 +/- 2.435531029723717
    all_seq_probs: [[0.01188972 0.07055756 0.53137342 0.06797531 0.07599245 0.24221155]] +/- [[0.03528937 0.16850017 0.46220076 0.15915447 0.14083791 0.32297937]]
    choice_probs: [0.01188972 0.07055756 0.53137342 0.06797531 0.07599245 0.24221155] +/- [0.03528937 0.16850017 0.46220076 0.15915447 0.14083791 0.32297937]
  tvd_auc: 0.0 +/- 0.0
