biased_point
  When you roll dice, they land on 3 100% of the time.
    all_seq_probs: [[0.05324189 0.10795563 0.41984922 0.23804412 0.06984539 0.11106377]] +/- [[0.03716608 0.08018944 0.22042043 0.10568451 0.03795175 0.04765173]]
    choice_probs: [0.05324189 0.10795563 0.41984922 0.23804412 0.06984539 0.11106377] +/- [0.03716608 0.08018944 0.22042043 0.10568451 0.03795175 0.04765173]
    expected_dist: [9.9999795e-09 9.9999795e-09 1.0000000e+00 9.9999795e-09 9.9999795e-09
 9.9999795e-09] +/- [1.8651747e-14 1.8651747e-14 0.0000000e+00 1.8651747e-14 1.8651747e-14
 1.8651747e-14]
    kl_div: 1.1119672082184022 +/- 0.8544036952572279
    tvd: 0.5801507642459678 +/- 0.22042042543743404
  tvd_auc: 0.0 +/- 0.0
unconditional_point
  all_seq_probs: [[0.02861624 0.2084159  0.00880265 0.2593867  0.36859541 0.12618309]] +/- [[0.0127573  0.06196218 0.01137944 0.09595851 0.07739828 0.07126307]]
  choice_probs: [0.02861624 0.2084159  0.00880265 0.2593867  0.36859541 0.12618309] +/- [0.0127573  0.06196218 0.01137944 0.09595851 0.07739828 0.07126307]
  expected_dist: [0.16666676 0.16666676 0.16666676 0.16666676 0.16666676 0.16666676] +/- [7.4505806e-08 7.4505806e-08 7.4505806e-08 7.4505806e-08 7.4505806e-08
 7.4505806e-08]
  kl_div: 0.6994239064540597 +/- 0.13537134203165013
  tvd: 0.3642331820903346 +/- 0.04132169960878453
