unconditional_point
  expected_dist: [0.16666676 0.16666676 0.16666676 0.16666676 0.16666676 0.16666676] +/- [7.4505806e-08 7.4505806e-08 7.4505806e-08 7.4505806e-08 7.4505806e-08
 7.4505806e-08]
  choice_probs: [0.0063331  0.00560845 0.0990768  0.10128791 0.4424491  0.34524465] +/- [0.00922178 0.00750173 0.27225469 0.09279264 0.22659455 0.23974664]
  kl_div: 2.548961444875109 +/- 1.0363481880558372
  tvd: 0.5955488111420395 +/- 0.08218925267819198
  all_seq_probs: [[0.0063331  0.00560845 0.0990768  0.10128791 0.4424491  0.34524465]] +/- [[0.00922178 0.00750173 0.27225469 0.09279264 0.22659455 0.23974664]]
biased_point
  When you roll dice, they land on 3 100% of the time.
    expected_dist: [9.9999795e-09 9.9999795e-09 1.0000000e+00 9.9999795e-09 9.9999795e-09
 9.9999795e-09] +/- [1.8651747e-14 1.8651747e-14 0.0000000e+00 1.8651747e-14 1.8651747e-14
 1.8651747e-14]
    choice_probs: [0.0623503  0.00150142 0.76921151 0.09830453 0.00683548 0.06179678] +/- [0.19241926 0.00731308 0.37040994 0.23986912 0.02849317 0.13729615]
    kl_div: 0.8120971688524415 +/- 1.664744596237535
    tvd: 0.2307884670887404 +/- 0.370409937772399
    all_seq_probs: [[0.0623503  0.00150142 0.76921151 0.09830453 0.00683548 0.06179678]] +/- [[0.19241926 0.00731308 0.37040994 0.23986912 0.02849317 0.13729615]]
  tvd_auc: 0.0 +/- 0.0
