biased_point
  tvd_auc: 0.0 +/- 0.0
  When you roll dice, they land on 5 80% of the time.
    expected_dist: [0.03999997 0.03999997 0.03999997 0.03999997 0.8000019  0.03999997] +/- [4.0978193e-08 4.0978193e-08 4.0978193e-08 4.0978193e-08 1.9073486e-06
 4.0978193e-08]
    choice_probs: [0.02404602 0.0462665  0.05030081 0.11736599 0.55421894 0.20780176] +/- [0.04538844 0.07962035 0.08252382 0.1751703  0.42789646 0.25668146]
    all_seq_probs: [[0.02404602 0.0462665  0.05030081 0.11736599 0.55421894 0.20780176]] +/- [[0.04538844 0.07962035 0.08252382 0.1751703  0.42789646 0.25668146]]
    tvd: 0.44635004559125674 +/- 0.2785267566033432
    kl_div: 1.7406429829710979 +/- 1.2609856506245676
