biased_point
  tvd_auc: 0.0 +/- 0.0
  When I roll dice, they land on 3 40% of the time.
    choice_probs: [0.13903756 0.13994939 0.28926896 0.1395171  0.14798805 0.14423893] +/- [0.04006084 0.02248323 0.06396839 0.02177521 0.02575466 0.02869843]
    tvd: 0.12586551830172538 +/- 0.05117374739211615
    expected_dist: [0.11999992 0.11999992 0.3999998  0.11999992 0.11999992 0.11999992] +/- [7.4505806e-08 7.4505806e-08 2.3841858e-07 7.4505806e-08 7.4505806e-08
 7.4505806e-08]
    kl_div: 0.049012348121614195 +/- 0.04101765326589464
    all_seq_probs: [[0.13903756 0.13994939 0.28926896 0.1395171  0.14798805 0.14423893]] +/- [[0.04006084 0.02248323 0.06396839 0.02177521 0.02575466 0.02869843]]
