unconditional_point
  all_seq_probs: [[0.14067602 0.19987743 0.17939664 0.1731564  0.18394285 0.12295067]] +/- [[0.04653138 0.10471336 0.06096904 0.06235343 0.04567156 0.03180012]]
  expected_dist: [0.16666663 0.16666663 0.16666663 0.16666663 0.16666663 0.16666663] +/- [5.9604645e-08 5.9604645e-08 5.9604645e-08 5.9604645e-08 5.9604645e-08
 5.9604645e-08]
  choice_probs: [0.14067602 0.19987743 0.17939664 0.1731564  0.18394285 0.12295067] +/- [0.04653138 0.10471336 0.06096904 0.06235343 0.04567156 0.03180012]
  tvd: 0.15190767761319876 +/- 0.06681087981834669
  kl_div: 0.09529763076396193 +/- 0.07555550803856201
biased_point
  When I roll dice, they land on 5 0% of the time.
    all_seq_probs: [[0.13074223 0.19343587 0.17184968 0.16822241 0.20958584 0.12616398]] +/- [[0.05082654 0.10243406 0.06591743 0.06907514 0.05251591 0.03627669]]
    expected_dist: [1.9999990e-01 1.9999990e-01 1.9999990e-01 1.9999990e-01 1.0000003e-08
 1.9999990e-01] +/- [1.1920929e-07 1.1920929e-07 1.1920929e-07 1.1920929e-07 4.4408921e-15
 1.1920929e-07]
    choice_probs: [0.13074223 0.19343587 0.17184968 0.16822241 0.20958584 0.12616398] +/- [0.05082654 0.10243406 0.06591743 0.06907514 0.05251591 0.03627669]
    tvd: 0.266845048769649 +/- 0.036893083017696914
    kl_div: 0.3807541306368924 +/- 0.06173828430649442
  tvd_auc: 0.0 +/- 0.0
