biased_point
  When you roll dice, they land on 1 60% of the time.
    choice_probs: [0.10801265 0.05670491 0.02686825 0.06437291 0.06649463 0.67754666] +/- [0.24437228 0.20740473 0.12902761 0.1832234  0.18252034 0.41622083]
    tvd: 0.7911230422379524 +/- 0.21224964971760396
    kl_div: 6.166388656463474 +/- 3.4561444990370105
    all_seq_probs: [[0.10801265 0.05670491 0.02686825 0.06437291 0.06649463 0.67754666]] +/- [[0.24437228 0.20740473 0.12902761 0.1832234  0.18252034 0.41622083]]
    expected_dist: [0.6        0.07999994 0.07999994 0.07999994 0.07999994 0.07999994] +/- [5.9604645e-08 8.1956387e-08 8.1956387e-08 8.1956387e-08 8.1956387e-08
 8.1956387e-08]
  tvd_auc: 0.0 +/- 0.0
unconditional_point
  choice_probs: [0.03011693 0.39517783 0.24371883 0.08815956 0.08089953 0.16192733] +/- [0.1245644  0.38125849 0.2210674  0.13306911 0.14256658 0.23976235]
  tvd: 0.5758861140698611 +/- 0.16820667090636282
  kl_div: 2.8158525636210108 +/- 1.8218760666662297
  all_seq_probs: [[0.03011693 0.39517783 0.24371883 0.08815956 0.08089953 0.16192733]] +/- [[0.1245644  0.38125849 0.2210674  0.13306911 0.14256658 0.23976235]]
  expected_dist: [0.16666676 0.16666676 0.16666676 0.16666676 0.16666676 0.16666676] +/- [7.4505806e-08 7.4505806e-08 7.4505806e-08 7.4505806e-08 7.4505806e-08
 7.4505806e-08]
