biased_point
  tvd_auc: 0.0 +/- 0.0
  When I roll dice, they land on 2 20% of the time.
    tvd: 0.1932809706032276 +/- 0.08329355385588716
    expected_dist: [0.15999995 0.1999999  0.15999995 0.15999995 0.15999995 0.15999995] +/- [8.9406967e-08 1.3411045e-07 8.9406967e-08 8.9406967e-08 8.9406967e-08
 8.9406967e-08]
    choice_probs: [0.14399686 0.2336366  0.18813969 0.14016682 0.14093721 0.15312281] +/- [0.069867   0.11396363 0.07631932 0.07029941 0.07768372 0.08180541]
    all_seq_probs: [[0.14399686 0.2336366  0.18813969 0.14016682 0.14093721 0.15312281]] +/- [[0.069867   0.11396363 0.07631932 0.07029941 0.07768372 0.08180541]]
    kl_div: 0.1386784937030461 +/- 0.11735611828086166
unconditional_point
  tvd: 0.3040403973450884 +/- 0.12010398657769188
  expected_dist: [0.16666663 0.16666663 0.16666663 0.16666663 0.16666663 0.16666663] +/- [5.9604645e-08 5.9604645e-08 5.9604645e-08 5.9604645e-08 5.9604645e-08
 5.9604645e-08]
  choice_probs: [0.13097169 0.16049211 0.26037998 0.16860831 0.13747969 0.14206823] +/- [0.10060233 0.12324784 0.15241293 0.12930403 0.10931687 0.09895411]
  all_seq_probs: [[0.13097169 0.16049211 0.26037998 0.16860831 0.13747969 0.14206823]] +/- [[0.10060233 0.12324784 0.15241293 0.12930403 0.10931687 0.09895411]]
  kl_div: 0.41823023316828767 +/- 0.3681538477778863
