biased_point
  tvd_auc: 0.0 +/- 0.0
  When I roll dice, they land on 2 40% of the time.
    tvd: 0.23795185976661742 +/- 0.08954915246197685
    expected_dist: [0.11999992 0.3999998  0.11999992 0.11999992 0.11999992 0.11999992] +/- [7.4505806e-08 2.3841858e-07 7.4505806e-08 7.4505806e-08 7.4505806e-08
 7.4505806e-08]
    all_seq_probs: [[0.16743304 0.26253936 0.17122851 0.14828374 0.13264881 0.11786653]] +/- [[0.09047066 0.17852627 0.05447995 0.06985351 0.05576097 0.05082561]]
    choice_probs: [0.16743304 0.26253936 0.17122851 0.14828374 0.13264881 0.11786653] +/- [0.09047066 0.17852627 0.05447995 0.06985351 0.05576097 0.05082561]
    kl_div: 0.18980582788703032 +/- 0.1591291129184872
