biased_point
  When I roll dice, they land on 2 20% of the time.
    tvd: 0.0688075587246567 +/- 0.07102095014865292
    expected_dist: [0.15999995 0.1999999  0.15999995 0.15999995 0.15999995 0.15999995] +/- [8.9406967e-08 1.3411045e-07 8.9406967e-08 8.9406967e-08 8.9406967e-08
 8.9406967e-08]
    all_seq_probs: [[0.14676949 0.21181062 0.15471129 0.15961866 0.16632899 0.16076099]] +/- [[0.03162065 0.05783234 0.03513712 0.03242245 0.03358089 0.03259599]]
    kl_div: 0.0328634634642367 +/- 0.09675874901228852
    choice_probs: [0.14676949 0.21181062 0.15471129 0.15961866 0.16632899 0.16076099] +/- [0.03162065 0.05783234 0.03513712 0.03242245 0.03358089 0.03259599]
  tvd_auc: 0.0 +/- 0.0
