biased_point
  When you roll dice, they land on 4 80% of the time.
    tvd: 0.5416253898663416 +/- 0.289046376195306
    all_seq_probs: [[0.02951155 0.11073447 0.01458655 0.39625182 0.05409627 0.39481935]] +/- [[0.09109744 0.26140759 0.04948285 0.3462784  0.09140557 0.30162484]]
    kl_div: 1.8977921179813428 +/- 1.9406287760421823
    choice_probs: [0.02951155 0.11073447 0.01458655 0.39625182 0.05409627 0.39481935] +/- [0.09109744 0.26140759 0.04948285 0.3462784  0.09140557 0.30162484]
    expected_dist: [0.03999997 0.03999997 0.03999997 0.8000019  0.03999997 0.03999997] +/- [4.0978193e-08 4.0978193e-08 4.0978193e-08 1.9073486e-06 4.0978193e-08
 4.0978193e-08]
  tvd_auc: 0.0 +/- 0.0
