biased_point
  When I roll dice, they land on 2 40% of the time.
    kl_div: 0.1519042115600314 +/- 0.08553534648063775
    tvd: 0.2240461616590619 +/- 0.062183651944714396
    all_seq_probs: [[0.15434631 0.23725477 0.17958152 0.17185065 0.12984117 0.12712559]] +/- [[0.05052022 0.07383684 0.05866865 0.06150296 0.05690329 0.0747217 ]]
    choice_probs: [0.15434631 0.23725477 0.17958152 0.17185065 0.12984117 0.12712559] +/- [0.05052022 0.07383684 0.05866865 0.06150296 0.05690329 0.0747217 ]
    expected_dist: [0.11999992 0.3999998  0.11999992 0.11999992 0.11999992 0.11999992] +/- [7.4505806e-08 2.3841858e-07 7.4505806e-08 7.4505806e-08 7.4505806e-08
 7.4505806e-08]
  tvd_auc: 0.0 +/- 0.0
