unconditional_point
  kl_div: 0.2814170449893572 +/- 0.18528931572973562
  choice_probs: [0.05215939 0.43798091 0.17678273 0.12811283 0.10393648 0.10102765] +/- [0.02922492 0.10644096 0.02924369 0.03140194 0.02824117 0.02754433]
  tvd: 0.2892106791958213 +/- 0.09890989686443036
  expected_dist: [0.16666663 0.16666663 0.16666663 0.16666663 0.16666663 0.16666663] +/- [5.9604645e-08 5.9604645e-08 5.9604645e-08 5.9604645e-08 5.9604645e-08
 5.9604645e-08]
  all_seq_probs: [[0.05215939 0.43798091 0.17678273 0.12811283 0.10393648 0.10102765]] +/- [[0.02922492 0.10644096 0.02924369 0.03140194 0.02824117 0.02754433]]
biased_point
  When I roll dice, they land on 1 100% of the time.
    kl_div: 1.5858894294669514 +/- 0.4911071795873021
    choice_probs: [0.22924105 0.5830758  0.05113727 0.0294595  0.03824382 0.06884257] +/- [0.10937073 0.12128062 0.02193475 0.01351913 0.01483799 0.02259742]
    tvd: 0.7707589375334414 +/- 0.10937072866068476
    expected_dist: [1.0000000e+00 1.0000003e-08 1.0000003e-08 1.0000003e-08 1.0000003e-08
 1.0000003e-08] +/- [0.000000e+00 4.440892e-15 4.440892e-15 4.440892e-15 4.440892e-15
 4.440892e-15]
    all_seq_probs: [[0.22924105 0.5830758  0.05113727 0.0294595  0.03824382 0.06884257]] +/- [[0.10937073 0.12128062 0.02193475 0.01351913 0.01483799 0.02259742]]
  tvd_auc: 0.0 +/- 0.0
