biased_point
  tvd_auc: 0.0 +/- 0.0
  When you roll dice, they land on 4 20% of the time.
    kl_div: 1.7619499927927973 +/- 0.9086261963304316
    choice_probs: [0.11226524 0.27496154 0.10633855 0.27404087 0.08536384 0.14702997] +/- [0.16703649 0.30967519 0.17003594 0.28592836 0.14997494 0.2140916 ]
    all_seq_probs: [[0.11226524 0.27496154 0.10633855 0.27404087 0.08536384 0.14702997]] +/- [[0.16703649 0.30967519 0.17003594 0.28592836 0.14997494 0.2140916 ]]
    tvd: 0.5410305034348503 +/- 0.12852790304502495
    expected_dist: [0.15999988 0.15999988 0.15999988 0.20000048 0.15999988 0.15999988] +/- [1.3411045e-07 1.3411045e-07 1.3411045e-07 4.6193600e-07 1.3411045e-07
 1.3411045e-07]
