unconditional_point
  expected_dist: [0.16666663 0.16666663 0.16666663 0.16666663 0.16666663 0.16666663] +/- [5.9604645e-08 5.9604645e-08 5.9604645e-08 5.9604645e-08 5.9604645e-08
 5.9604645e-08]
  all_seq_probs: [[0.07326343 0.17559179 0.30619    0.21895133 0.14395969 0.08204375]] +/- [[0.03679597 0.07093501 0.07667535 0.06774153 0.05391634 0.07139615]]
  kl_div: 0.26278254857461436 +/- 0.16570288442983983
  tvd: 0.25228997112251816 +/- 0.07040303355479914
  choice_probs: [0.07326343 0.17559179 0.30619    0.21895133 0.14395969 0.08204375] +/- [0.03679597 0.07093501 0.07667535 0.06774153 0.05391634 0.07139615]
biased_point
  tvd_auc: 0.0 +/- 0.0
  When I roll dice, they land on 6 80% of the time.
    expected_dist: [0.03999999 0.03999999 0.03999999 0.03999999 0.03999999 0.7999996 ] +/- [2.2351742e-08 2.2351742e-08 2.2351742e-08 2.2351742e-08 2.2351742e-08
 4.1723251e-07]
    all_seq_probs: [[0.09919018 0.16503925 0.20235073 0.15697052 0.16140842 0.2150409 ]] +/- [[0.05640864 0.06767666 0.04543205 0.04847552 0.04839064 0.11418508]]
    kl_div: 0.9234058324951911 +/- 0.45268860326096877
    tvd: 0.5860937558673323 +/- 0.11325218826697361
    choice_probs: [0.09919018 0.16503925 0.20235073 0.15697052 0.16140842 0.2150409 ] +/- [0.05640864 0.06767666 0.04543205 0.04847552 0.04839064 0.11418508]
