unconditional_point
  tvd: 0.24385567671619357 +/- 0.1344945571363271
  kl_div: 0.2596058549284935 +/- 0.3341611206981153
  choice_probs: [0.57526426 0.42473575] +/- [0.26812249 0.26812249]
  all_seq_probs: [[0.57526426 0.42473575]] +/- [[0.26812249 0.26812249]]
  expected_dist: [0.5 0.5] +/- [0. 0.]
biased_point
  tvd_auc: 0.0 +/- 0.0
  When you flip coins, they land on heads 40% of the time.
    tvd: 0.2143102628663182 +/- 0.15443920888430454
    kl_div: 0.19922913858294486 +/- 0.3036689332267723
    choice_probs: [0.5175375  0.48246252] +/- [0.23656986 0.23656986]
    all_seq_probs: [[0.5175375  0.48246252]] +/- [[0.23656986 0.23656986]]
    expected_dist: [0.40000096 0.6       ] +/- [9.23872e-07 0.00000e+00]
