biased_point
  tvd_auc: 0.0 +/- 0.0
  When you roll dice, they land on 4 20% of the time.
    all_seq_probs: [[0.15946721 0.21071705 0.24833084 0.19377279 0.13503909 0.05267302]] +/- [[0.23083677 0.34648662 0.33767117 0.29635749 0.23383963 0.10039019]]
    choice_probs: [0.15946721 0.21071705 0.24833084 0.19377279 0.13503909 0.05267302] +/- [0.23083677 0.34648662 0.33767117 0.29635749 0.23383963 0.10039019]
    expected_dist: [0.15999988 0.15999988 0.15999988 0.20000048 0.15999988 0.15999988] +/- [1.3411045e-07 1.3411045e-07 1.3411045e-07 4.6193600e-07 1.3411045e-07
 1.3411045e-07]
    kl_div: 3.5398452320778744 +/- 1.9305827069178265
    tvd: 0.6374738186561869 +/- 0.11589673697945757
unconditional_point
  all_seq_probs: [[0.01111067 0.20899032 0.3581182  0.2570791  0.13505359 0.02964812]] +/- [[0.01867026 0.25078565 0.29930378 0.24412173 0.22377838 0.10184561]]
  choice_probs: [0.01111067 0.20899032 0.3581182  0.2570791  0.13505359 0.02964812] +/- [0.01867026 0.25078565 0.29930378 0.24412173 0.22377838 0.10184561]
  expected_dist: [0.16666676 0.16666676 0.16666676 0.16666676 0.16666676 0.16666676] +/- [7.4505806e-08 7.4505806e-08 7.4505806e-08 7.4505806e-08 7.4505806e-08
 7.4505806e-08]
  kl_div: 2.5946599041509906 +/- 0.9042419287519564
  tvd: 0.5840851579152838 +/- 0.08955053621833234
