biased_point
  tvd_auc: 0.0 +/- 0.0
  When you roll dice, they land on 3 60% of the time.
    choice_probs: [0.01158899 0.02133128 0.13894855 0.06367294 0.07983233 0.68462592] +/- [0.03475384 0.04978081 0.2157157  0.10248887 0.15339864 0.2727854 ]
    kl_div: 2.516485384949716 +/- 1.303361647745898
    tvd: 0.7013711691016906 +/- 0.17754052381937027
    all_seq_probs: [[0.01158899 0.02133128 0.13894855 0.06367294 0.07983233 0.68462592]] +/- [[0.03475384 0.04978081 0.2157157  0.10248887 0.15339864 0.2727854 ]]
    expected_dist: [0.07999994 0.07999994 0.6        0.07999994 0.07999994 0.07999994] +/- [8.1956387e-08 8.1956387e-08 5.9604645e-08 8.1956387e-08 8.1956387e-08
 8.1956387e-08]
