biased_point
  tvd_auc: 0.0 +/- 0.0
  When I roll dice, they land on 1 60% of the time.
    choice_probs: [0.46115455 0.12888862 0.10191089 0.08836837 0.09790506 0.1217725 ] +/- [0.13503531 0.03593399 0.03914019 0.03826593 0.04209506 0.05280267]
    all_seq_probs: [[0.46115455 0.12888862 0.10191089 0.08836837 0.09790506 0.1217725 ]] +/- [[0.13503531 0.03593399 0.03914019 0.03826593 0.04209506 0.05280267]]
    expected_dist: [0.60000026 0.07999998 0.07999998 0.07999998 0.07999998 0.07999998] +/- [1.7881393e-07 4.4703484e-08 4.4703484e-08 4.4703484e-08 4.4703484e-08
 4.4703484e-08]
    kl_div: 0.11013962906465168 +/- 0.07846278204942723
    tvd: 0.18946880635805427 +/- 0.08524326138072114
