biased_point
  tvd_auc: 0.0 +/- 0.0
  When I roll dice, they land on 2 60% of the time.
    choice_probs: [0.09952145 0.24167827 0.13242205 0.14307465 0.12420384 0.25909975] +/- [0.04245231 0.13244195 0.04958698 0.05359185 0.08522977 0.09405486]
    expected_dist: [0.07999998 0.60000026 0.07999998 0.07999998 0.07999998 0.07999998] +/- [4.4703484e-08 1.7881393e-07 4.4703484e-08 4.4703484e-08 4.4703484e-08
 4.4703484e-08]
    tvd: 0.38910296444781123 +/- 0.09393511360174943
    all_seq_probs: [[0.09952145 0.24167827 0.13242205 0.14307465 0.12420384 0.25909975]] +/- [[0.04245231 0.13244195 0.04958698 0.05359185 0.08522977 0.09405486]]
    kl_div: 0.4402558985800715 +/- 0.20948829909620595
