biased_point
  tvd_auc: 0.0 +/- 0.0
  When I flip coins they land on heads 10% of the time.
    all_seq_probs: [[0.6425     0.36789063]] +/- [[0.22225463 0.21811031]]
    expected_dist: [0.09999995 0.9000002 ] +/- [5.2154064e-08 2.3841858e-07]
    choice_probs: [0.6425     0.36789063] +/- [0.22225463 0.21811031]
    kl_div: 1.1773859137296676 +/- 1.3131514169716108
    tvd: 0.537304674834013 +/- 0.22017976773328948
