biased_point
  When I roll dice, they land on 1 80% of the time.
    all_seq_probs: [[0.13967479 0.36157871 0.1889104  0.11273101 0.08276756 0.11433754]] +/- [[0.06743469 0.09943559 0.05094481 0.02828664 0.038724   0.04450532]]
    tvd: 0.662781780376099 +/- 0.06534534858970927
    expected_dist: [0.7999996  0.03999999 0.03999999 0.03999999 0.03999999 0.03999999] +/- [3.5762787e-07 2.2351742e-08 2.2351742e-08 2.2351742e-08 2.2351742e-08
 2.2351742e-08]
    kl_div: 1.2518191633699463 +/- 0.46122725859090585
    choice_probs: [0.13967479 0.36157871 0.1889104  0.11273101 0.08276756 0.11433754] +/- [0.06743469 0.09943559 0.05094481 0.02828664 0.038724   0.04450532]
  tvd_auc: 0.0 +/- 0.0
unconditional_point
  all_seq_probs: [[0.03528095 0.38665344 0.28224952 0.14121669 0.07115813 0.08344126]] +/- [[0.03248527 0.13685283 0.08489198 0.06776815 0.06039936 0.07313116]]
  tvd: 0.37829372322186827 +/- 0.08588149393824113
  expected_dist: [0.16666663 0.16666663 0.16666663 0.16666663 0.16666663 0.16666663] +/- [5.9604645e-08 5.9604645e-08 5.9604645e-08 5.9604645e-08 5.9604645e-08
 5.9604645e-08]
  kl_div: 0.5075238856952637 +/- 0.20271570713279133
  choice_probs: [0.03528095 0.38665344 0.28224952 0.14121669 0.07115813 0.08344126] +/- [0.03248527 0.13685283 0.08489198 0.06776815 0.06039936 0.07313116]
