biased_point
  When you roll dice, they land on 3 20% of the time.
    tvd: 0.6179688129015045 +/- 0.1415380317687533
    all_seq_probs: [[0.2359376  0.16090253 0.08897629 0.12499603 0.08099921 0.30818833]] +/- [[0.3231965  0.24610469 0.18179727 0.21886083 0.17698495 0.35489795]]
    choice_probs: [0.2359376  0.16090253 0.08897629 0.12499603 0.08099921 0.30818833] +/- [0.3231965  0.24610469 0.18179727 0.21886083 0.17698495 0.35489795]
    kl_div: 4.929543083681842 +/- 2.5550111302201306
    expected_dist: [0.15999988 0.15999988 0.20000048 0.15999988 0.15999988 0.15999988] +/- [1.6391277e-07 1.6391277e-07 4.4703484e-07 1.6391277e-07 1.6391277e-07
 1.6391277e-07]
  tvd_auc: 0.0 +/- 0.0
