biased_point
  tvd_auc: 0.0 +/- 0.0
  When you roll dice, they land on 1 20% of the time.
    all_seq_probs: [[0.11200081 0.18518613 0.19588001 0.15071827 0.18442863 0.17178618]] +/- [[0.12087757 0.19974829 0.21793682 0.20375667 0.20739235 0.19168468]]
    expected_dist: [0.20000048 0.15999988 0.15999988 0.15999988 0.15999988 0.15999988] +/- [4.4703484e-07 1.6391277e-07 1.6391277e-07 1.6391277e-07 1.6391277e-07
 1.6391277e-07]
    kl_div: 1.7749455101627973 +/- 1.4679090607188305
    tvd: 0.4613529478366931 +/- 0.15723200406196444
    choice_probs: [0.11200081 0.18518613 0.19588001 0.15071827 0.18442863 0.17178618] +/- [0.12087757 0.19974829 0.21793682 0.20375667 0.20739235 0.19168468]
