biased_point
  tvd_auc: 0.0 +/- 0.0
  When I roll dice, they land on 1 20% of the time.
    choice_probs: [0.25363423 0.20943748 0.15530083 0.13901146 0.14289539 0.0997206 ] +/- [0.04888292 0.13180434 0.0590493  0.06040601 0.05510983 0.03522783]
    expected_dist: [0.1999999  0.15999995 0.15999995 0.15999995 0.15999995 0.15999995] +/- [1.3411045e-07 8.9406967e-08 8.9406967e-08 8.9406967e-08 8.9406967e-08
 8.9406967e-08]
    kl_div: 0.11318877335055731 +/- 0.1611677878710183
    all_seq_probs: [[0.25363423 0.20943748 0.15530083 0.13901146 0.14289539 0.0997206 ]] +/- [[0.04888292 0.13180434 0.0590493  0.06040601 0.05510983 0.03522783]]
    tvd: 0.16628914806991815 +/- 0.1181471275521738
unconditional_point
  choice_probs: [0.18737766 0.19775305 0.18352197 0.17098862 0.17142549 0.08893322] +/- [0.03932666 0.09898291 0.05160701 0.05617126 0.05030471 0.02998149]
  expected_dist: [0.16666663 0.16666663 0.16666663 0.16666663 0.16666663 0.16666663] +/- [5.9604645e-08 5.9604645e-08 5.9604645e-08 5.9604645e-08 5.9604645e-08
 5.9604645e-08]
  kl_div: 0.09193458793597528 +/- 0.07106544548675452
  all_seq_probs: [[0.18737766 0.19775305 0.18352197 0.17098862 0.17142549 0.08893322]] +/- [[0.03932666 0.09898291 0.05160701 0.05617126 0.05030471 0.02998149]]
  tvd: 0.15626421697437765 +/- 0.06376461930490802
