biased_point
  When I roll dice, they land on 4 60% of the time.
    choice_probs: [0.10901052 0.12022705 0.12661915 0.35356854 0.1260871  0.16448765] +/- [0.08516575 0.05543958 0.05113966 0.11463232 0.05406015 0.06542156]
    all_seq_probs: [[0.10901052 0.12022705 0.12661915 0.35356854 0.1260871  0.16448765]] +/- [[0.08516575 0.05543958 0.05113966 0.11463232 0.05406015 0.06542156]]
    expected_dist: [0.07999997 0.07999997 0.07999997 0.60000026 0.07999997 0.07999997] +/- [2.9802322e-08 2.9802322e-08 2.9802322e-08 2.3841858e-07 2.9802322e-08
 2.9802322e-08]
    tvd: 0.2839944525249302 +/- 0.0859984249763352
    kl_div: 0.2205073098565481 +/- 0.1222940639605692
  tvd_auc: 0.0 +/- 0.0
