biased_point
  tvd_auc: 0.0 +/- 0.0
  When you roll dice, they land on 5 20% of the time.
    all_seq_probs: [[0.11040068 0.20437275 0.22522006 0.14166123 0.11487719 0.20346809]] +/- [[0.16750694 0.20251197 0.22407022 0.14260957 0.19483881 0.22385565]]
    kl_div: 1.6553617667258367 +/- 1.322636880298351
    tvd: 0.46785630491125174 +/- 0.15325672142074223
    choice_probs: [0.11040068 0.20437275 0.22522006 0.14166123 0.11487719 0.20346809] +/- [0.16750694 0.20251197 0.22407022 0.14260957 0.19483881 0.22385565]
    expected_dist: [0.15999988 0.15999988 0.15999988 0.15999988 0.20000048 0.15999988] +/- [1.3411045e-07 1.3411045e-07 1.3411045e-07 1.3411045e-07 4.6193600e-07
 1.3411045e-07]
