biased_point
  When I roll dice, they land on 4 60% of the time.
    kl_div: 0.09792501598596573 +/- 0.11874292973783011
    all_seq_probs: [[0.06907651 0.09639182 0.09726511 0.52553639 0.12420903 0.08752113]] +/- [[0.03236748 0.09373428 0.05952002 0.12996225 0.05526914 0.03655813]]
    expected_dist: [0.07999997 0.07999997 0.07999997 0.60000026 0.07999997 0.07999997] +/- [2.9802322e-08 2.9802322e-08 2.9802322e-08 2.3841858e-07 2.9802322e-08
 2.9802322e-08]
    choice_probs: [0.06907651 0.09639182 0.09726511 0.52553639 0.12420903 0.08752113] +/- [0.03236748 0.09373428 0.05952002 0.12996225 0.05526914 0.03655813]
    tvd: 0.15897268226835876 +/- 0.09168068899183819
  tvd_auc: 0.0 +/- 0.0
