biased_point
  tvd_auc: 0.0 +/- 0.0
  When I flip coins they land on heads 40% of the time.
    kl_div: 0.018059053532779215 +/- 0.020261673335959254
    tvd: 0.07677041992545128 +/- 0.04718805388215237
    choice_probs: [0.38027035 0.61972964] +/- [0.08792697 0.08792695]
    all_seq_probs: [[0.38027035 0.61972964]] +/- [[0.08792697 0.08792695]]
    expected_dist: [0.3999998  0.60000026] +/- [2.3841858e-07 2.3841858e-07]
unconditional_point
  kl_div: 0.047403943240642545 +/- 0.04912282960202312
  tvd: 0.1260468365252018 +/- 0.07532691482889353
  choice_probs: [0.3776886 0.6223114] +/- [0.08125191 0.08125188]
  all_seq_probs: [[0.3776886 0.6223114]] +/- [[0.08125191 0.08125188]]
  expected_dist: [0.5 0.5] +/- [0. 0.]
