biased_point
  tvd_auc: 0.0 +/- 0.0
  When I roll dice, they land on 2 20% of the time.
    kl_div: 0.1358789578685537 +/- 0.07108578416490688
    expected_dist: [0.15999995 0.1999999  0.15999995 0.15999995 0.15999995 0.15999995] +/- [8.9406967e-08 1.3411045e-07 8.9406967e-08 8.9406967e-08 8.9406967e-08
 8.9406967e-08]
    choice_probs: [0.14157676 0.22946866 0.18014693 0.17727057 0.14562534 0.12591175] +/- [0.04497388 0.10770394 0.0712272  0.0918595  0.05118121 0.05071918]
    all_seq_probs: [[0.14157676 0.22946866 0.18014693 0.17727057 0.14562534 0.12591175]] +/- [[0.04497388 0.10770394 0.0712272  0.0918595  0.05118121 0.05071918]]
    tvd: 0.16640345010906457 +/- 0.06527898727505455
unconditional_point
  kl_div: 0.09154930886928923 +/- 0.08127158208763491
  expected_dist: [0.16666663 0.16666663 0.16666663 0.16666663 0.16666663 0.16666663] +/- [5.9604645e-08 5.9604645e-08 5.9604645e-08 5.9604645e-08 5.9604645e-08
 5.9604645e-08]
  choice_probs: [0.14840841 0.19530966 0.18357453 0.17258541 0.17163773 0.12848428] +/- [0.04252245 0.10322171 0.05369627 0.0634798  0.05335944 0.03437409]
  all_seq_probs: [[0.14840841 0.19530966 0.18357453 0.17258541 0.17163773 0.12848428]] +/- [[0.04252245 0.10322171 0.05369627 0.0634798  0.05335944 0.03437409]]
  tvd: 0.14617551609873772 +/- 0.06662239939307996
