biased_point
  When I roll dice, they land on 6 40% of the time.
    expected_dist: [0.11999992 0.11999992 0.11999992 0.11999992 0.11999992 0.3999998 ] +/- [7.4505806e-08 7.4505806e-08 7.4505806e-08 7.4505806e-08 7.4505806e-08
 2.3841858e-07]
    all_seq_probs: [[0.13517343 0.14795693 0.16657806 0.14547835 0.15140597 0.25340725]] +/- [[0.07387954 0.06593605 0.06191096 0.05672304 0.04643549 0.09440141]]
    choice_probs: [0.13517343 0.14795693 0.16657806 0.14547835 0.15140597 0.25340725] +/- [0.07387954 0.06593605 0.06191096 0.05672304 0.04643549 0.09440141]
    kl_div: 0.12889837724156678 +/- 0.0964261927897657
    tvd: 0.21209035899490117 +/- 0.0778280548281887
  tvd_auc: 0.0 +/- 0.0
