biased_point
  When you roll dice, they land on 5 60% of the time.
    kl_div: 0.6400942692881799 +/- 0.7029663233869933
    all_seq_probs: [[0.07482661 0.15805463 0.15821272 0.17233932 0.27408019 0.16248653]] +/- [[0.04537657 0.2130119  0.13168334 0.10869805 0.19012246 0.10967482]]
    choice_probs: [0.07482661 0.15805463 0.15821272 0.17233932 0.27408019 0.16248653] +/- [0.04537657 0.2130119  0.13168334 0.10869805 0.19012246 0.10967482]
    expected_dist: [0.07999994 0.07999994 0.07999994 0.07999994 0.6        0.07999994] +/- [5.9604645e-08 5.9604645e-08 5.9604645e-08 5.9604645e-08 0.0000000e+00
 5.9604645e-08]
    tvd: 0.401249417898478 +/- 0.17530586835287992
  tvd_auc: 0.0 +/- 0.0
