unconditional_point
  all_seq_probs: [[0.50510796 0.49489205]] +/- [[0.12793068 0.12793068]]
  tvd: 0.09689833849668503 +/- 0.08368429602518711
  choice_probs: [0.50510796 0.49489205] +/- [0.12793068 0.12793068]
  expected_dist: [0.5 0.5] +/- [0. 0.]
  kl_div: 0.045364777445793154 +/- 0.1364993576093411
biased_point
  tvd_auc: 0.0 +/- 0.0
  When I flip coins they land on heads 60% of the time.
    all_seq_probs: [[0.48205115 0.51794886]] +/- [[0.11538984 0.11538984]]
    tvd: 0.12921933848410844 +/- 0.10261144594594583
    choice_probs: [0.48205115 0.51794886] +/- [0.11538984 0.11538984]
    expected_dist: [0.60000026 0.3999998 ] +/- [2.3841858e-07 2.3841858e-07]
    kl_div: 0.0705093290284276 +/- 0.19382446586418986
