biased_point
  When I roll dice, they land on 4 0% of the time.
    kl_div: 0.22176980337494087 +/- 0.030569355201515602
    tvd: 0.19340153797649953 +/- 0.022986628441288817
    all_seq_probs: [[0.15314998 0.16419392 0.16799347 0.18569881 0.16935889 0.15960494]] +/- [[0.02566405 0.02263789 0.02069488 0.01359613 0.02782705 0.03808561]]
    expected_dist: [1.9999990e-01 1.9999990e-01 1.9999990e-01 1.0000003e-08 1.9999990e-01
 1.9999990e-01] +/- [1.1920929e-07 1.1920929e-07 1.1920929e-07 4.4408921e-15 1.1920929e-07
 1.1920929e-07]
    choice_probs: [0.15314998 0.16419392 0.16799347 0.18569881 0.16935889 0.15960494] +/- [0.02566405 0.02263789 0.02069488 0.01359613 0.02782705 0.03808561]
  tvd_auc: 0.0 +/- 0.0
