biased_point
  When you roll dice, they land on 2 60% of the time.
    all_seq_probs: [[0.04989916 0.08505274 0.01775536 0.12433055 0.01506221 0.7079    ]] +/- [[0.17161504 0.23066241 0.08427026 0.27486776 0.04863024 0.40633261]]
    expected_dist: [0.07999994 0.6        0.07999994 0.07999994 0.07999994 0.07999994] +/- [8.1956387e-08 5.9604645e-08 8.1956387e-08 8.1956387e-08 8.1956387e-08
 8.1956387e-08]
    tvd: 0.8173167441380633 +/- 0.1778966948854889
    kl_div: 5.933099923101446 +/- 2.95515973382226
    choice_probs: [0.04989916 0.08505274 0.01775536 0.12433055 0.01506221 0.7079    ] +/- [0.17161504 0.23066241 0.08427026 0.27486776 0.04863024 0.40633261]
  tvd_auc: 0.0 +/- 0.0
unconditional_point
  all_seq_probs: [[0.00409146 0.09482114 0.12982734 0.29850953 0.32243079 0.15031975]] +/- [[0.00749699 0.24888223 0.17762626 0.2274267  0.21786667 0.1808872 ]]
  expected_dist: [0.16666676 0.16666676 0.16666676 0.16666676 0.16666676 0.16666676] +/- [7.4505806e-08 7.4505806e-08 7.4505806e-08 7.4505806e-08 7.4505806e-08
 7.4505806e-08]
  tvd: 0.5414880939731411 +/- 0.11505190334740194
  kl_div: 2.592079295029165 +/- 1.1839441768740153
  choice_probs: [0.00409146 0.09482114 0.12982734 0.29850953 0.32243079 0.15031975] +/- [0.00749699 0.24888223 0.17762626 0.2274267  0.21786667 0.1808872 ]
