biased_point
  When I roll dice, they land on 5 0% of the time.
    all_seq_probs: [[0.2061083  0.18553028 0.17527671 0.1997429  0.0268652  0.20647661]] +/- [[0.02884358 0.02617407 0.02121231 0.02516004 0.00959648 0.03055904]]
    tvd: 0.07313148738005372 +/- 0.021823957049173247
    expected_dist: [1.9999990e-01 1.9999990e-01 1.9999990e-01 1.9999990e-01 1.0000003e-08
 1.9999990e-01] +/- [1.1920929e-07 1.1920929e-07 1.1920929e-07 1.1920929e-07 4.4408921e-15
 1.1920929e-07]
    choice_probs: [0.2061083  0.18553028 0.17527671 0.1997429  0.0268652  0.20647661] +/- [0.02884358 0.02617407 0.02121231 0.02516004 0.00959648 0.03055904]
    kl_div: 0.03882356532641893 +/- 0.009551243390865464
  tvd_auc: 0.0 +/- 0.0
