biased_point
  When you flip coins, they land on heads 70% of the time.
    expected_dist: [0.6999983 0.3      ] +/- [1.66893e-06 0.00000e+00]
    tvd: 0.3020658609096366 +/- 0.15814069237050818
    kl_div: 0.7428125106701627 +/- 0.7391083305972811
    all_seq_probs: [[0.6778019 0.3221981]] +/- [[0.34023449 0.34023449]]
    choice_probs: [0.6778019 0.3221981] +/- [0.34023449 0.34023449]
  tvd_auc: 0.0 +/- 0.0
unconditional_point
  expected_dist: [0.5 0.5] +/- [0. 0.]
  tvd: 0.4209084186103637 +/- 0.10156601047178955
  kl_div: 1.1348836331367493 +/- 1.0379812821489227
  all_seq_probs: [[0.41192457 0.58807543]] +/- [[0.42393664 0.42393663]]
  choice_probs: [0.41192457 0.58807543] +/- [0.42393664 0.42393663]
