biased_point
  tvd_auc: 0.0 +/- 0.0
  When I roll dice, they land on 5 80% of the time.
    choice_probs: [0.11282679 0.08919993 0.08877453 0.09652802 0.41484483 0.19782588] +/- [0.04115994 0.07456107 0.05104095 0.0461222  0.13157636 0.04809506]
    tvd: 0.38541277885437014 +/- 0.13120435420133153
    expected_dist: [0.03999999 0.03999999 0.03999999 0.03999999 0.7999996  0.03999999] +/- [2.2351742e-08 2.2351742e-08 2.2351742e-08 2.2351742e-08 4.1723251e-07
 2.2351742e-08]
    all_seq_probs: [[0.11282679 0.08919993 0.08877453 0.09652802 0.41484483 0.19782588]] +/- [[0.04115994 0.07456107 0.05104095 0.0461222  0.13157636 0.04809506]]
    kl_div: 0.3892107829914312 +/- 0.25834473800067836
