biased_point
  tvd_auc: 0.0 +/- 0.0
  When I roll dice, they land on 6 80% of the time.
    kl_div: 0.09693991353939055 +/- 0.10029635402305571
    all_seq_probs: [[0.04399341 0.05359609 0.04597914 0.06049745 0.0792436  0.71669033]] +/- [[0.0320062  0.03068961 0.03364163 0.03834773 0.06603123 0.14502004]]
    choice_probs: [0.04399341 0.05359609 0.04597914 0.06049745 0.0792436  0.71669033] +/- [0.0320062  0.03068961 0.03364163 0.03834773 0.06603123 0.14502004]
    tvd: 0.1412836768780835 +/- 0.10088322095837833
    expected_dist: [0.03999999 0.03999999 0.03999999 0.03999999 0.03999999 0.7999996 ] +/- [2.2351742e-08 2.2351742e-08 2.2351742e-08 2.2351742e-08 2.2351742e-08
 4.1723251e-07]
