biased_point
  tvd_auc: 0.0 +/- 0.0
  When I roll dice, they land on 4 60% of the time.
    expected_dist: [0.07999997 0.07999997 0.07999997 0.60000026 0.07999997 0.07999997] +/- [2.9802322e-08 2.9802322e-08 2.9802322e-08 2.3841858e-07 2.9802322e-08
 2.9802322e-08]
    kl_div: 0.06043073281856778 +/- 0.04887739898135958
    tvd: 0.1348181244544685 +/- 0.06699784602725667
    choice_probs: [0.08019755 0.08545921 0.11725083 0.51419046 0.10617745 0.09672451] +/- [0.02801635 0.03407202 0.04173441 0.10221376 0.03653615 0.04258262]
    all_seq_probs: [[0.08019755 0.08545921 0.11725083 0.51419046 0.10617745 0.09672451]] +/- [[0.02801635 0.03407202 0.04173441 0.10221376 0.03653615 0.04258262]]
