biased_point
  tvd_auc: 0.0 +/- 0.0
  When you roll dice, they land on 6 40% of the time.
    tvd: 0.5234117758459217 +/- 0.14212973384355312
    choice_probs: [0.06423347 0.14722094 0.22719182 0.25404013 0.13783015 0.1694835 ] +/- [0.11197187 0.18728252 0.19315759 0.24864473 0.1480783  0.24453133]
    all_seq_probs: [[0.06423347 0.14722094 0.22719182 0.25404013 0.13783015 0.1694835 ]] +/- [[0.11197187 0.18728252 0.19315759 0.24864473 0.1480783  0.24453133]]
    kl_div: 1.5239473413773812 +/- 1.091696224569956
    expected_dist: [0.12000033 0.12000033 0.12000033 0.12000033 0.12000033 0.40000096] +/- [3.3527613e-07 3.3527613e-07 3.3527613e-07 3.3527613e-07 3.3527613e-07
 9.2387199e-07]
