biased_point
  When I roll dice, they land on 5 0% of the time.
    choice_probs: [0.20028406 0.2098636  0.18748478 0.2127064  0.03183681 0.15782435] +/- [0.05752557 0.05173684 0.04637198 0.07512603 0.00979755 0.05107676]
    kl_div: 0.08089781326326062 +/- 0.029246392017853617
    all_seq_probs: [[0.20028406 0.2098636  0.18748478 0.2127064  0.03183681 0.15782435]] +/- [[0.05752557 0.05173684 0.04637198 0.07512603 0.00979755 0.05107676]]
    expected_dist: [1.9999990e-01 1.9999990e-01 1.9999990e-01 1.9999990e-01 1.0000003e-08
 1.9999990e-01] +/- [1.1920929e-07 1.1920929e-07 1.1920929e-07 1.1920929e-07 4.4408921e-15
 1.1920929e-07]
    tvd: 0.13540488518894825 +/- 0.04284210454645017
  tvd_auc: 0.0 +/- 0.0
