biased_point
  When I roll dice, they land on 1 40% of the time.
    choice_probs: [0.28182653 0.16116728 0.13061811 0.19267049 0.11310154 0.12061605] +/- [0.11398827 0.0621925  0.04798688 0.08701085 0.07081023 0.06236642]
    tvd: 0.21567704798653722 +/- 0.07446267083955681
    kl_div: 0.17187074438290437 +/- 0.1897132641256553
    all_seq_probs: [[0.28182653 0.16116728 0.13061811 0.19267049 0.11310154 0.12061605]] +/- [[0.11398827 0.0621925  0.04798688 0.08701085 0.07081023 0.06236642]]
    expected_dist: [0.3999998  0.11999992 0.11999992 0.11999992 0.11999992 0.11999992] +/- [2.3841858e-07 7.4505806e-08 7.4505806e-08 7.4505806e-08 7.4505806e-08
 7.4505806e-08]
  tvd_auc: 0.0 +/- 0.0
