unconditional_point
  all_seq_probs: [[0.68945747 0.31054254]] +/- [[0.28677373 0.28677373]]
  kl_div: 0.4435875461101532 +/- 0.39036587072580065
  tvd: 0.317380515307188 +/- 0.13192009617226494
  choice_probs: [0.68945747 0.31054254] +/- [0.28677373 0.28677373]
  expected_dist: [0.5 0.5] +/- [0. 0.]
biased_point
  tvd_auc: 0.0 +/- 0.0
  When you flip coins, they land on heads 30% of the time.
    all_seq_probs: [[0.61944887 0.38055114]] +/- [[0.27924406 0.27924407]]
    kl_div: 0.4960002356655896 +/- 0.4605054369449849
    tvd: 0.3777727341577411 +/- 0.19316464684188395
    choice_probs: [0.61944887 0.38055114] +/- [0.27924406 0.27924407]
    expected_dist: [0.3       0.6999983] +/- [0.00000e+00 1.66893e-06]
