biased_point
  tvd_auc: 0.0 +/- 0.0
  When I roll dice, they land on 6 40% of the time.
    expected_dist: [0.11999992 0.11999992 0.11999992 0.11999992 0.11999992 0.3999998 ] +/- [7.4505806e-08 7.4505806e-08 7.4505806e-08 7.4505806e-08 7.4505806e-08
 2.3841858e-07]
    all_seq_probs: [[0.11627209 0.12902334 0.13240501 0.18149552 0.1508654  0.28993863]] +/- [[0.03336373 0.03626662 0.02939642 0.0246673  0.02726257 0.07673893]]
    tvd: 0.1483319529145956 +/- 0.048266151118449875
    choice_probs: [0.11627209 0.12902334 0.13240501 0.18149552 0.1508654  0.28993863] +/- [0.03336373 0.03626662 0.02939642 0.0246673  0.02726257 0.07673893]
    kl_div: 0.06636854976619361 +/- 0.04011741243775554
