biased_point
  When I roll dice, they land on 2 60% of the time.
    all_seq_probs: [[0.16483117 0.26491794 0.16807537 0.12293724 0.12095997 0.15827833]] +/- [[0.07270765 0.11033284 0.07265146 0.05756949 0.10017071 0.10245637]]
    expected_dist: [0.07999998 0.60000026 0.07999998 0.07999998 0.07999998 0.07999998] +/- [4.4703484e-08 1.7881393e-07 4.4703484e-08 4.4703484e-08 4.4703484e-08
 4.4703484e-08]
    tvd: 0.36140039494261145 +/- 0.09991537549483769
    choice_probs: [0.16483117 0.26491794 0.16807537 0.12293724 0.12095997 0.15827833] +/- [0.07270765 0.11033284 0.07265146 0.05756949 0.10017071 0.10245637]
    kl_div: 0.3841273991606431 +/- 0.2755246330312176
  tvd_auc: 0.0 +/- 0.0
