unconditional_point
  kl_div: 0.07143736958503723 +/- 0.09259701854215269
  all_seq_probs: [[0.55437838 0.44562163]] +/- [[0.16385582 0.16385582]]
  expected_dist: [0.5 0.5] +/- [0. 0.]
  choice_probs: [0.55437838 0.44562163] +/- [0.16385582 0.16385582]
  tvd: 0.1335268123447895 +/- 0.10943640901739826
biased_point
  tvd_auc: 0.0 +/- 0.0
  When I flip coins they land on heads 20% of the time.
    kl_div: 0.4063993789255619 +/- 0.18090194120289943
    all_seq_probs: [[0.62179607 0.37820393]] +/- [[0.10788061 0.10788062]]
    expected_dist: [0.1999999 0.7999996] +/- [1.1920929e-07 4.1723251e-07]
    choice_probs: [0.62179607 0.37820393] +/- [0.10788061 0.10788062]
    tvd: 0.4217960675060749 +/- 0.10788061792763247
