biased_point
  tvd_auc: 0.0 +/- 0.0
  When I roll dice, they land on 2 0% of the time.
    choice_probs: [0.14935992 0.1808109  0.16074619 0.16226544 0.16782669 0.17899086] +/- [0.0297957  0.02416225 0.01807754 0.01424243 0.02548172 0.03741041]
    expected_dist: [1.9999990e-01 1.0000003e-08 1.9999990e-01 1.9999990e-01 1.9999990e-01
 1.9999990e-01] +/- [1.1920929e-07 4.4408921e-15 1.1920929e-07 1.1920929e-07 1.1920929e-07
 1.1920929e-07]
    all_seq_probs: [[0.14935992 0.1808109  0.16074619 0.16226544 0.16782669 0.17899086]] +/- [[0.0297957  0.02416225 0.01807754 0.01424243 0.02548172 0.03741041]]
    tvd: 0.19179130352222537 +/- 0.02177970709466032
    kl_div: 0.2133492781921399 +/- 0.02393183233619793
