biased_point
  When I roll dice, they land on 5 60% of the time.
    kl_div: 0.12911530133453197 +/- 0.11212270089425375
    expected_dist: [0.07999997 0.07999997 0.07999997 0.07999997 0.60000026 0.07999997] +/- [2.9802322e-08 2.9802322e-08 2.9802322e-08 2.9802322e-08 2.3841858e-07
 2.9802322e-08]
    tvd: 0.20094065818469972 +/- 0.10878812746451635
    all_seq_probs: [[0.1061041  0.10859874 0.12246379 0.11415634 0.45202468 0.09665233]] +/- [[0.0367921  0.04386673 0.03872128 0.03523706 0.16244714 0.05635132]]
    choice_probs: [0.1061041  0.10859874 0.12246379 0.11415634 0.45202468 0.09665233] +/- [0.0367921  0.04386673 0.03872128 0.03523706 0.16244714 0.05635132]
  tvd_auc: 0.0 +/- 0.0
