biased_point
  When I roll dice, they land on 5 80% of the time.
    choice_probs: [0.07866302 0.12214852 0.09811933 0.10635275 0.37761015 0.21710621] +/- [0.04521464 0.07419609 0.05494834 0.04952571 0.18016995 0.07096078]
    expected_dist: [0.03999999 0.03999999 0.03999999 0.03999999 0.7999996  0.03999999] +/- [2.2351742e-08 2.2351742e-08 2.2351742e-08 2.2351742e-08 4.1723251e-07
 2.2351742e-08]
    all_seq_probs: [[0.07866302 0.12214852 0.09811933 0.10635275 0.37761015 0.21710621]] +/- [[0.04521464 0.07419609 0.05494834 0.04952571 0.18016995 0.07096078]]
    kl_div: 0.5350967993278755 +/- 0.4253148672766583
    tvd: 0.4255565386079252 +/- 0.17598028020599735
  tvd_auc: 0.0 +/- 0.0
