biased_point
  When I roll dice, they land on 2 100% of the time.
    expected_dist: [1.0000003e-08 1.0000000e+00 1.0000003e-08 1.0000003e-08 1.0000003e-08
 1.0000003e-08] +/- [4.440892e-15 0.000000e+00 4.440892e-15 4.440892e-15 4.440892e-15
 4.440892e-15]
    kl_div: 0.02661712410798074 +/- 0.018477590357074122
    tvd: 0.02610210858595961 +/- 0.017715324923038348
    all_seq_probs: [[0.01135323 0.97389787 0.00494747 0.00415148 0.00276969 0.00288027]] +/- [[0.00700957 0.01771532 0.00352403 0.00329376 0.00237263 0.00196666]]
    choice_probs: [0.01135323 0.97389787 0.00494747 0.00415148 0.00276969 0.00288027] +/- [0.00700957 0.01771532 0.00352403 0.00329376 0.00237263 0.00196666]
  tvd_auc: 0.0 +/- 0.0
