unconditional_point
  kl_div: 0.4403065857166075 +/- 0.17212637006525483
  tvd: 0.2906053710216656 +/- 0.05247476612135424
  expected_dist: [0.16666663 0.16666663 0.16666663 0.16666663 0.16666663 0.16666663] +/- [5.9604645e-08 5.9604645e-08 5.9604645e-08 5.9604645e-08 5.9604645e-08
 5.9604645e-08]
  all_seq_probs: [[0.05601552 0.1784945  0.3609836  0.16829584 0.02193377 0.21427676]] +/- [[0.02802246 0.04926631 0.09250486 0.03430022 0.02123248 0.07451932]]
  choice_probs: [0.05601552 0.1784945  0.3609836  0.16829584 0.02193377 0.21427676] +/- [0.02802246 0.04926631 0.09250486 0.03430022 0.02123248 0.07451932]
biased_point
  When I roll dice, they land on 5 100% of the time.
    kl_div: 2.103730739411055 +/- 0.6099780949989165
    tvd: 0.8536178396795497 +/- 0.0934366077361209
    expected_dist: [1.0000003e-08 1.0000003e-08 1.0000003e-08 1.0000003e-08 1.0000000e+00
 1.0000003e-08] +/- [4.440892e-15 4.440892e-15 4.440892e-15 4.440892e-15 0.000000e+00
 4.440892e-15]
    all_seq_probs: [[0.09393233 0.14059824 0.1643252  0.11261872 0.14638213 0.34214337]] +/- [[0.04333376 0.02849656 0.04803803 0.02859276 0.09343661 0.07315907]]
    choice_probs: [0.09393233 0.14059824 0.1643252  0.11261872 0.14638213 0.34214337] +/- [0.04333376 0.02849656 0.04803803 0.02859276 0.09343661 0.07315907]
  tvd_auc: 0.0 +/- 0.0
