biased_point
  tvd_auc: 0.0 +/- 0.0
  When I flip coins they land on heads 100% of the time.
    expected_dist: [1.0000000e+00 1.0000003e-08] +/- [0.000000e+00 4.440892e-15]
    all_seq_probs: [[0.98627718 0.01372281]] +/- [[0.01041434 0.01041435]]
    choice_probs: [0.98627718 0.01372281] +/- [0.01041434 0.01041435]
    kl_div: 0.013875248448781291 +/- 0.010813365266722927
    tvd: 0.013722809274952735 +/- 0.010414344305368084
unconditional_point
  expected_dist: [0.5 0.5] +/- [0. 0.]
  all_seq_probs: [[0.92519273 0.07480726]] +/- [[0.03215491 0.03215491]]
  choice_probs: [0.92519273 0.07480726] +/- [0.03215491 0.03215491]
  kl_div: 0.6864754503965378 +/- 0.19322929450852208
  tvd: 0.4251927388831973 +/- 0.03215491187750887
