biased_point
  tvd_auc: 0.0 +/- 0.0
  When I roll dice, they land on 4 20% of the time.
    all_seq_probs: [[0.1176995  0.1823993  0.20192701 0.17712308 0.15386635 0.16698477]] +/- [[0.06282138 0.09346825 0.11332304 0.07685367 0.06597765 0.06807661]]
    expected_dist: [0.15999994 0.15999994 0.15999994 0.1999999  0.15999994 0.15999994] +/- [7.4505806e-08 7.4505806e-08 7.4505806e-08 1.1920929e-07 7.4505806e-08
 7.4505806e-08]
    kl_div: 0.1419079770492135 +/- 0.09798031703771266
    tvd: 0.20343923673033715 +/- 0.0793411252478842
    choice_probs: [0.1176995  0.1823993  0.20192701 0.17712308 0.15386635 0.16698477] +/- [0.06282138 0.09346825 0.11332304 0.07685367 0.06597765 0.06807661]
unconditional_point
  all_seq_probs: [[0.11079506 0.18774511 0.26885375 0.12891256 0.145186   0.1585075 ]] +/- [[0.10783702 0.14488364 0.17387449 0.11199334 0.088882   0.09771175]]
  expected_dist: [0.16666663 0.16666663 0.16666663 0.16666663 0.16666663 0.16666663] +/- [5.9604645e-08 5.9604645e-08 5.9604645e-08 5.9604645e-08 5.9604645e-08
 5.9604645e-08]
  kl_div: 0.4282841478998307 +/- 0.2679552134478637
  tvd: 0.32861885367892685 +/- 0.10763744305190083
  choice_probs: [0.11079506 0.18774511 0.26885375 0.12891256 0.145186   0.1585075 ] +/- [0.10783702 0.14488364 0.17387449 0.11199334 0.088882   0.09771175]
