biased_point
  When you roll dice, they land on 1 80% of the time.
    tvd: 0.3716427171617764 +/- 0.24371812124633124
    expected_dist: [0.8000019  0.03999997 0.03999997 0.03999997 0.03999997 0.03999997] +/- [1.9669533e-06 4.0978193e-08 4.0978193e-08 4.0978193e-08 4.0978193e-08
 4.0978193e-08]
    kl_div: 1.5827577059593168 +/- 1.2472093956712318
    all_seq_probs: [[0.65378167 0.0744053  0.07404706 0.04395534 0.07617861 0.07763203]] +/- [[0.40529942 0.11676649 0.12685762 0.07175604 0.12556593 0.13290737]]
    choice_probs: [0.65378167 0.0744053  0.07404706 0.04395534 0.07617861 0.07763203] +/- [0.40529942 0.11676649 0.12685762 0.07175604 0.12556593 0.13290737]
  tvd_auc: 0.0 +/- 0.0
