unconditional_point
  expected_dist: [0.5 0.5] +/- [0. 0.]
  kl_div: 1.2538119078874588 +/- 0.6763065738531538
  tvd: 0.44735517803253605 +/- 0.07765162062107665
  choice_probs: [0.51806709 0.4819329 ] +/- [0.45368492 0.45368492]
  all_seq_probs: [[0.51806709 0.4819329 ]] +/- [[0.45368492 0.45368492]]
biased_point
  tvd_auc: 0.0 +/- 0.0
  When you flip coins, they land on heads 50% of the time.
    expected_dist: [0.5 0.5] +/- [0. 0.]
    kl_div: 0.639435051202774 +/- 0.5092669728153273
    tvd: 0.34945189982280134 +/- 0.1470799594343533
    choice_probs: [0.51629123 0.48370877] +/- [0.37879247 0.37879248]
    all_seq_probs: [[0.51629123 0.48370877]] +/- [[0.37879247 0.37879248]]
