biased_point
  tvd_auc: 0.0 +/- 0.0
  When you flip coins, they land on heads 30% of the time.
    kl_div: 0.25021495622396467 +/- 0.12640887885352473
    choice_probs: [0.62941295 0.37058704] +/- [0.09891361 0.09891363]
    expected_dist: [0.3       0.6999983] +/- [0.00000e+00 1.66893e-06]
    tvd: 0.32966141349077227 +/- 0.09808233810436853
    all_seq_probs: [[0.62941295 0.37058704]] +/- [[0.09891361 0.09891363]]
unconditional_point
  kl_div: 0.24070085155963897 +/- 0.189946004239052
  choice_probs: [0.76283817 0.23716182] +/- [0.12782387 0.12782386]
  expected_dist: [0.5 0.5] +/- [0. 0.]
  tvd: 0.27323213854804634 +/- 0.10376436774567441
  all_seq_probs: [[0.76283817 0.23716182]] +/- [[0.12782387 0.12782386]]
