biased_point
  When you roll dice, they land on 6 100% of the time.
    all_seq_probs: [[0.39053335 0.00618491 0.08281879 0.04629331 0.08658631 0.38758333]] +/- [[0.36387772 0.0182822  0.15168601 0.08766804 0.10833677 0.38269243]]
    kl_div: 2.369534984675858 +/- 2.429062192123578
    expected_dist: [9.9999795e-09 9.9999795e-09 9.9999795e-09 9.9999795e-09 9.9999795e-09
 1.0000000e+00] +/- [1.8651747e-14 1.8651747e-14 1.8651747e-14 1.8651747e-14 1.8651747e-14
 0.0000000e+00]
    choice_probs: [0.39053335 0.00618491 0.08281879 0.04629331 0.08658631 0.38758333] +/- [0.36387772 0.0182822  0.15168601 0.08766804 0.10833677 0.38269243]
    tvd: 0.6124166477327533 +/- 0.3826924222174688
  tvd_auc: 0.0 +/- 0.0
