unconditional_point
  tvd: 0.3834700996987522 +/- 0.14292548066667715
  expected_dist: [0.5 0.5] +/- [0. 0.]
  choice_probs: [0.44243674 0.55756327] +/- [0.40517093 0.40517093]
  all_seq_probs: [[0.44243674 0.55756327]] +/- [[0.40517093 0.40517093]]
  kl_div: 0.8920419135689736 +/- 0.6197728373376703
biased_point
  tvd_auc: 0.0 +/- 0.0
  When you flip coins, they land on heads 50% of the time.
    tvd: 0.347706321044825 +/- 0.13620776038710763
    expected_dist: [0.5 0.5] +/- [0. 0.]
    choice_probs: [0.45087501 0.549125  ] +/- [0.37018776 0.37018776]
    all_seq_probs: [[0.45087501 0.549125  ]] +/- [[0.37018776 0.37018776]]
    kl_div: 0.6075697229504585 +/- 0.49874685137631336
