biased_point
  tvd_auc: 0.0 +/- 0.0
  When I roll dice, they land on 2 80% of the time.
    kl_div: 0.1534406111619319 +/- 0.14256970976189043
    choice_probs: [0.06251265 0.67238102 0.08528952 0.06734289 0.0700416  0.04243229] +/- [0.05012    0.17961003 0.04772997 0.04072355 0.04801874 0.02923135]
    tvd: 0.18677290355670265 +/- 0.12205762049348755
    expected_dist: [0.03999999 0.7999996  0.03999999 0.03999999 0.03999999 0.03999999] +/- [2.2351742e-08 3.5762787e-07 2.2351742e-08 2.2351742e-08 2.2351742e-08
 2.2351742e-08]
    all_seq_probs: [[0.06251265 0.67238102 0.08528952 0.06734289 0.0700416  0.04243229]] +/- [[0.05012    0.17961003 0.04772997 0.04072355 0.04801874 0.02923135]]
