unconditional_point
  all_seq_probs: [[0.07641986 0.92358013]] +/- [[0.04123055 0.04123053]]
  choice_probs: [0.07641986 0.92358013] +/- [0.04123055 0.04123053]
  expected_dist: [0.5 0.5] +/- [0. 0.]
  tvd: 0.42358013555407525 +/- 0.04123053966497447
  kl_div: 0.6899108111858367 +/- 0.20799629374911488
biased_point
  tvd_auc: 0.0 +/- 0.0
  When I flip coins they land on heads 0% of the time.
    all_seq_probs: [[0.20031846 0.79968155]] +/- [[0.03051823 0.03051822]]
    choice_probs: [0.20031846 0.79968155] +/- [0.03051823 0.03051822]
    expected_dist: [1.0000003e-08 1.0000000e+00] +/- [4.440892e-15 0.000000e+00]
    tvd: 0.20031844995104883 +/- 0.030518224353978534
    kl_div: 0.22428020693023284 +/- 0.03858165803996308
