biased_point
  tvd_auc: 0.0 +/- 0.0
  When you roll dice, they land on 6 0% of the time.
    kl_div: 7.388348595802659 +/- 3.0657504614880695
    tvd: 0.6538852801749497 +/- 0.11932558485995462
    all_seq_probs: [[0.20355203 0.2349044  0.14127525 0.19098836 0.05313969 0.17614028]] +/- [[0.28082895 0.31082463 0.23441478 0.31190592 0.15259448 0.25480221]]
    expected_dist: [2.0000048e-01 2.0000048e-01 2.0000048e-01 2.0000048e-01 2.0000048e-01
 9.9999795e-09] +/- [4.6193600e-07 4.6193600e-07 4.6193600e-07 4.6193600e-07 4.6193600e-07
 1.8651747e-14]
    choice_probs: [0.20355203 0.2349044  0.14127525 0.19098836 0.05313969 0.17614028] +/- [0.28082895 0.31082463 0.23441478 0.31190592 0.15259448 0.25480221]
