biased_point
  tvd_auc: 0.0 +/- 0.0
  When I flip coins they land on heads 70% of the time.
    kl_div: 0.1157301760558039 +/- 0.09464725141338606
    all_seq_probs: [[0.50510029 0.49489972]] +/- [[0.13343416 0.13343417]]
    choice_probs: [0.50510029 0.49489972] +/- [0.13343416 0.13343417]
    tvd: 0.20696260154247284 +/- 0.11382904527203064
    expected_dist: [0.7000003  0.30000013] +/- [2.9802322e-07 1.1920929e-07]
unconditional_point
  kl_div: 0.08205131977796555 +/- 0.09376546952027522
  all_seq_probs: [[0.47701997 0.52298003]] +/- [[0.18383996 0.18383996]]
  choice_probs: [0.47701997 0.52298003] +/- [0.18383996 0.18383996]
  tvd: 0.1529400296509266 +/- 0.10456844552299292
  expected_dist: [0.5 0.5] +/- [0. 0.]
