unconditional_point
  tvd: 0.21880335873365403 +/- 0.08378826241744411
  expected_dist: [0.5 0.5] +/- [0. 0.]
  kl_div: 0.13746606647968293 +/- 0.12407917210994247
  choice_probs: [0.71880335 0.28119664] +/- [0.08378827 0.08378826]
  all_seq_probs: [[0.71880335 0.28119664]] +/- [[0.08378827 0.08378826]]
biased_point
  tvd_auc: 0.0 +/- 0.0
  When you flip coins, they land on heads 90% of the time.
    tvd: 0.0846799563728273 +/- 0.05853916004331192
    expected_dist: [0.899998   0.10000024] +/- [1.9669533e-06 2.3841858e-07]
    kl_div: 0.03708503879979253 +/- 0.03480438610602786
    choice_probs: [0.82911803 0.17088197] +/- [0.07465438 0.07465438]
    all_seq_probs: [[0.82911803 0.17088197]] +/- [[0.07465438 0.07465438]]
