biased_point
  When I roll dice, they land on 6 0% of the time.
    choice_probs: [0.19527568 0.19188554 0.1924428  0.20681323 0.20965338 0.00392936] +/- [0.02633073 0.02202605 0.01862235 0.01842942 0.02638223 0.00172821]
    kl_div: 0.011175706370073897 +/- 0.006469499296907951
    tvd: 0.04842771183586853 +/- 0.022574517117223507
    expected_dist: [1.9999990e-01 1.9999990e-01 1.9999990e-01 1.9999990e-01 1.9999990e-01
 1.0000003e-08] +/- [1.1920929e-07 1.1920929e-07 1.1920929e-07 1.1920929e-07 1.1920929e-07
 4.4408921e-15]
    all_seq_probs: [[0.19527568 0.19188554 0.1924428  0.20681323 0.20965338 0.00392936]] +/- [[0.02633073 0.02202605 0.01862235 0.01842942 0.02638223 0.00172821]]
  tvd_auc: 0.0 +/- 0.0
