biased_point
  tvd_auc: 0.0 +/- 0.0
  When I roll dice, they land on 6 100% of the time.
    choice_probs: [0.07347147 0.01464595 0.01444923 0.01280081 0.02522179 0.85941076] +/- [0.03172584 0.00608112 0.00728252 0.00714133 0.01460979 0.05996357]
    kl_div: 0.1541389871813948 +/- 0.07403748945217806
    all_seq_probs: [[0.07347147 0.01464595 0.01444923 0.01280081 0.02522179 0.85941076]] +/- [[0.03172584 0.00608112 0.00728252 0.00714133 0.01460979 0.05996357]]
    tvd: 0.1405892226020427 +/- 0.05996357250929953
    expected_dist: [1.0000003e-08 1.0000003e-08 1.0000003e-08 1.0000003e-08 1.0000003e-08
 1.0000000e+00] +/- [4.440892e-15 4.440892e-15 4.440892e-15 4.440892e-15 4.440892e-15
 0.000000e+00]
unconditional_point
  choice_probs: [0.19318117 0.16771752 0.18807953 0.17856937 0.19777144 0.07468096] +/- [0.01330111 0.01816984 0.01500969 0.01518336 0.02632325 0.02815857]
  kl_div: 0.063915226997633 +/- 0.03915934942260112
  all_seq_probs: [[0.19318117 0.16771752 0.18807953 0.17856937 0.19777144 0.07468096]] +/- [[0.01330111 0.01816984 0.01500969 0.01518336 0.02632325 0.02815857]]
  tvd: 0.10233391229063273 +/- 0.023661045296550838
  expected_dist: [0.16666663 0.16666663 0.16666663 0.16666663 0.16666663 0.16666663] +/- [5.9604645e-08 5.9604645e-08 5.9604645e-08 5.9604645e-08 5.9604645e-08
 5.9604645e-08]
