biased_point
  When I flip coins they land on heads 90% of the time.
    choice_probs: [0.89907238 0.10092761] +/- [0.04190883 0.04190884]
    tvd: 0.035926020927727224 +/- 0.02159935639522302
    expected_dist: [0.9000002  0.09999995] +/- [2.3841858e-07 5.2154064e-08]
    all_seq_probs: [[0.89907238 0.10092761]] +/- [[0.04190883 0.04190884]]
    kl_div: 0.010410939576104283 +/- 0.011715233108678866
  tvd_auc: 0.0 +/- 0.0
unconditional_point
  choice_probs: [0.89571191 0.10428809] +/- [0.0459759  0.04597591]
  tvd: 0.39571191037073733 +/- 0.045975905613214726
  expected_dist: [0.5 0.5] +/- [0. 0.]
  all_seq_probs: [[0.89571191 0.10428809]] +/- [[0.0459759  0.04597591]]
  kl_div: 0.549569605588913 +/- 0.22585752680819038
