biased_point
  When you flip coins, they land on heads 30% of the time.
    expected_dist: [0.3       0.6999983] +/- [0.00000e+00 1.66893e-06]
    kl_div: 0.08394505167938769 +/- 0.07253977888669047
    all_seq_probs: [[0.4708222  0.52917782]] +/- [[0.10614152 0.10614152]]
    choice_probs: [0.4708222  0.52917782] +/- [0.10614152 0.10614152]
    tvd: 0.17976276150345802 +/- 0.09017532809818334
  tvd_auc: 0.0 +/- 0.0
unconditional_point
  expected_dist: [0.5 0.5] +/- [0. 0.]
  kl_div: 0.08526912575960159 +/- 0.0853533307601983
  all_seq_probs: [[0.66106061 0.33893939]] +/- [[0.10192337 0.10192339]]
  choice_probs: [0.66106061 0.33893939] +/- [0.10192337 0.10192339]
  tvd: 0.1660444169342518 +/- 0.09358496945860653
