biased_point
  tvd_auc: 0.0 +/- 0.0
  When you flip coins, they land on heads 80% of the time.
    kl_div: 0.6903124579936266 +/- 0.7255829729765024
    tvd: 0.4179274307563901 +/- 0.24043990044771224
    all_seq_probs: [[0.42373421 0.57626579]] +/- [[0.30149418 0.30149418]]
    choice_probs: [0.42373421 0.57626579] +/- [0.30149418 0.30149418]
    expected_dist: [0.8000019  0.20000048] +/- [1.9073486e-06 4.6193600e-07]
unconditional_point
  kl_div: 0.8485138379335403 +/- 0.5181753237673712
  tvd: 0.4012441507102922 +/- 0.11977387916509934
  all_seq_probs: [[0.24191235 0.75808765]] +/- [[0.3297475  0.32974751]]
  choice_probs: [0.24191235 0.75808765] +/- [0.3297475  0.32974751]
  expected_dist: [0.5 0.5] +/- [0. 0.]
