unconditional_point
  expected_dist: [0.16666676 0.16666676 0.16666676 0.16666676 0.16666676 0.16666676] +/- [7.4505806e-08 7.4505806e-08 7.4505806e-08 7.4505806e-08 7.4505806e-08
 7.4505806e-08]
  all_seq_probs: [[0.0025215  0.05035116 0.08826822 0.39620914 0.35047664 0.11217335]] +/- [[0.00665773 0.20389627 0.08674604 0.19457164 0.1461533  0.11771551]]
  tvd: 0.5153957127883376 +/- 0.10782667073446567
  kl_div: 2.5988505132251865 +/- 0.894594760963414
  choice_probs: [0.0025215  0.05035116 0.08826822 0.39620914 0.35047664 0.11217335] +/- [0.00665773 0.20389627 0.08674604 0.19457164 0.1461533  0.11771551]
biased_point
  tvd_auc: 0.0 +/- 0.0
  When you roll dice, they land on 2 100% of the time.
    expected_dist: [9.9999795e-09 1.0000000e+00 9.9999795e-09 9.9999795e-09 9.9999795e-09
 9.9999795e-09] +/- [1.8651747e-14 0.0000000e+00 1.8651747e-14 1.8651747e-14 1.8651747e-14
 1.8651747e-14]
    all_seq_probs: [[0.13192513 0.60746572 0.11245172 0.04166833 0.00665888 0.09983022]] +/- [[0.24816603 0.41740772 0.23862862 0.14881629 0.02311367 0.19570773]]
    tvd: 0.39253425652600427 +/- 0.4174077144769172
    kl_div: 1.5239479688658135 +/- 2.254868650163552
    choice_probs: [0.13192513 0.60746572 0.11245172 0.04166833 0.00665888 0.09983022] +/- [0.24816603 0.41740772 0.23862862 0.14881629 0.02311367 0.19570773]
