unconditional_point
  kl_div: 0.08523505514676799 +/- 0.04608457010400814
  tvd: 0.13503870584070682 +/- 0.0472973155002826
  expected_dist: [0.16666663 0.16666663 0.16666663 0.16666663 0.16666663 0.16666663] +/- [5.9604645e-08 5.9604645e-08 5.9604645e-08 5.9604645e-08 5.9604645e-08
 5.9604645e-08]
  all_seq_probs: [[0.16049161 0.19045895 0.19702535 0.17277991 0.13364398 0.14560021]] +/- [[0.02958387 0.07138104 0.04346118 0.06213222 0.06938659 0.03212162]]
  choice_probs: [0.16049161 0.19045895 0.19702535 0.17277991 0.13364398 0.14560021] +/- [0.02958387 0.07138104 0.04346118 0.06213222 0.06938659 0.03212162]
biased_point
  tvd_auc: 0.0 +/- 0.0
  When I roll dice, they land on 5 40% of the time.
    kl_div: 0.181633734019415 +/- 0.13511859638610066
    tvd: 0.23006489053368567 +/- 0.07993391022936493
    expected_dist: [0.11999992 0.11999992 0.11999992 0.11999992 0.3999998  0.11999992] +/- [7.4505806e-08 7.4505806e-08 7.4505806e-08 7.4505806e-08 2.3841858e-07
 7.4505806e-08]
    all_seq_probs: [[0.13751549 0.16138366 0.16826916 0.15788107 0.23802731 0.13692333]] +/- [[0.03899343 0.08697688 0.05747651 0.07004715 0.11034705 0.04922342]]
    choice_probs: [0.13751549 0.16138366 0.16826916 0.15788107 0.23802731 0.13692333] +/- [0.03899343 0.08697688 0.05747651 0.07004715 0.11034705 0.04922342]
