biased_point
  When I roll dice, they land on 2 40% of the time.
    kl_div: 0.05244433633284643 +/- 0.025146626913138802
    all_seq_probs: [[0.1537049  0.28193639 0.14763863 0.13980404 0.13616868 0.14074736]] +/- [[0.03231977 0.0548225  0.02180399 0.02563991 0.02290117 0.03623712]]
    expected_dist: [0.11999992 0.3999998  0.11999992 0.11999992 0.11999992 0.11999992] +/- [7.4505806e-08 2.3841858e-07 7.4505806e-08 7.4505806e-08 7.4505806e-08
 7.4505806e-08]
    choice_probs: [0.1537049  0.28193639 0.14763863 0.13980404 0.13616868 0.14074736] +/- [0.03231977 0.0548225  0.02180399 0.02563991 0.02290117 0.03623712]
    tvd: 0.13606859631836415 +/- 0.03828660222997187
  tvd_auc: 0.0 +/- 0.0
