biased_point
  tvd_auc: 0.0 +/- 0.0
  When I roll dice, they land on 6 20% of the time.
    expected_dist: [0.15999995 0.15999995 0.15999995 0.15999995 0.15999995 0.1999999 ] +/- [8.9406967e-08 8.9406967e-08 8.9406967e-08 8.9406967e-08 8.9406967e-08
 1.3411045e-07]
    choice_probs: [0.11656022 0.17191036 0.14005275 0.14878725 0.14680484 0.27588459] +/- [0.03500078 0.06965564 0.0386472  0.03364836 0.0418277  0.08509244]
    tvd: 0.13245026841759683 +/- 0.09288647041402846
    all_seq_probs: [[0.11656022 0.17191036 0.14005275 0.14878725 0.14680484 0.27588459]] +/- [[0.03500078 0.06965564 0.0386472  0.03364836 0.0418277  0.08509244]]
    kl_div: 0.07115226070338394 +/- 0.11935809180849039
