biased_point
  tvd_auc: 0.0 +/- 0.0
  When you roll dice, they land on 3 20% of the time.
    choice_probs: [0.08543289 0.15514456 0.16408885 0.10990976 0.165486   0.31993794] +/- [0.06262979 0.13073659 0.13459876 0.0879011  0.14257697 0.20337186]
    all_seq_probs: [[0.08543289 0.15514456 0.16408885 0.10990976 0.165486   0.31993794]] +/- [[0.06262979 0.13073659 0.13459876 0.0879011  0.14257697 0.20337186]]
    tvd: 0.34015355257689955 +/- 0.14135164565111244
    expected_dist: [0.15999988 0.15999988 0.20000048 0.15999988 0.15999988 0.15999988] +/- [1.6391277e-07 1.6391277e-07 4.4703484e-07 1.6391277e-07 1.6391277e-07
 1.6391277e-07]
    kl_div: 0.46510890190483767 +/- 0.36225291016443434
