biased_point
  tvd_auc: 0.0 +/- 0.0
  When you roll dice, they land on 3 80% of the time.
    kl_div: 1.3302517781998613 +/- 1.0863609968516723
    expected_dist: [0.03999997 0.03999997 0.8000019  0.03999997 0.03999997 0.03999997] +/- [4.0978193e-08 4.0978193e-08 1.9073486e-06 4.0978193e-08 4.0978193e-08
 4.0978193e-08]
    all_seq_probs: [[0.00398144 0.02164751 0.53842431 0.08818171 0.15280121 0.19496382]] +/- [[0.01281709 0.06760136 0.3960729  0.14142234 0.21415051 0.21837659]]
    choice_probs: [0.00398144 0.02164751 0.53842431 0.08818171 0.15280121 0.19496382] +/- [0.01281709 0.06760136 0.3960729  0.14142234 0.21415051 0.21837659]
    tvd: 0.44152862679288435 +/- 0.2848526626672411
