biased_point
  tvd_auc: 0.0 +/- 0.0
  When I roll dice, they land on 6 100% of the time.
    tvd: 0.014753792217429104 +/- 0.005296929399106688
    kl_div: 0.014877597373282753 +/- 0.005382651046177228
    choice_probs: [0.00574625 0.0015331  0.00217028 0.00149318 0.00381102 0.98524618] +/- [0.00182365 0.0005617  0.00087368 0.00059796 0.00160953 0.00529693]
    all_seq_probs: [[0.00574625 0.0015331  0.00217028 0.00149318 0.00381102 0.98524618]] +/- [[0.00182365 0.0005617  0.00087368 0.00059796 0.00160953 0.00529693]]
    expected_dist: [1.0000003e-08 1.0000003e-08 1.0000003e-08 1.0000003e-08 1.0000003e-08
 1.0000000e+00] +/- [4.440892e-15 4.440892e-15 4.440892e-15 4.440892e-15 4.440892e-15
 0.000000e+00]
