unconditional_point
  tvd: 0.4622073382466915 +/- 0.052538951198985925
  expected_dist: [0.5 0.5] +/- [0. 0.]
  kl_div: 1.32627209764719 +/- 0.6417239368298236
  all_seq_probs: [[0.89361436 0.10638564]] +/- [[0.24791874 0.24791873]]
  choice_probs: [0.89361436 0.10638564] +/- [0.24791874 0.24791873]
biased_point
  tvd_auc: 0.0 +/- 0.0
  When you flip coins, they land on heads 10% of the time.
    tvd: 0.6512574359336868 +/- 0.2585861296417458
    expected_dist: [0.10000024 0.899998  ] +/- [2.3841858e-07 1.9669533e-06]
    kl_div: 1.5163790104580113 +/- 1.014986025658215
    all_seq_probs: [[0.74469339 0.2553066 ]] +/- [[0.2745423 0.2745423]]
    choice_probs: [0.74469339 0.2553066 ] +/- [0.2745423 0.2745423]
