unconditional_point
  choice_probs: [0.79617207 0.20382793] +/- [0.35259584 0.35259585]
  all_seq_probs: [[0.79617207 0.20382793]] +/- [[0.35259584 0.35259585]]
  kl_div: 1.297548667550087 +/- 0.6675863446202024
  expected_dist: [0.5 0.5] +/- [0. 0.]
  tvd: 0.4563680687976885 +/- 0.06139960778857557
biased_point
  When you flip coins, they land on heads 20% of the time.
    choice_probs: [0.66661802 0.33338198] +/- [0.31303458 0.31303461]
    all_seq_probs: [[0.66661802 0.33338198]] +/- [[0.31303458 0.31303461]]
    kl_div: 0.9773337641879917 +/- 0.8114052818068411
    expected_dist: [0.20000048 0.8000019 ] +/- [4.6193600e-07 1.9073486e-06]
    tvd: 0.4984602273693308 +/- 0.2593461651127394
  tvd_auc: 0.0 +/- 0.0
