biased_point
  tvd_auc: 0.0 +/- 0.0
  When I roll dice, they land on 6 80% of the time.
    tvd: 0.12234872304135934 +/- 0.07490780966511915
    choice_probs: [0.04329593 0.04412997 0.05583873 0.05475146 0.06237728 0.73960664] +/- [0.03335586 0.02686844 0.0321817  0.02919661 0.03702054 0.12066481]
    kl_div: 0.07725870779948309 +/- 0.06490963924175422
    all_seq_probs: [[0.04329593 0.04412997 0.05583873 0.05475146 0.06237728 0.73960664]] +/- [[0.03335586 0.02686844 0.0321817  0.02919661 0.03702054 0.12066481]]
    expected_dist: [0.03999999 0.03999999 0.03999999 0.03999999 0.03999999 0.7999996 ] +/- [2.2351742e-08 2.2351742e-08 2.2351742e-08 2.2351742e-08 2.2351742e-08
 4.1723251e-07]
