biased_point
  When I flip coins they land on heads 60% of the time.
    tvd: 0.27334058165550235 +/- 0.08782778648621858
    kl_div: 0.33731554858386514 +/- 0.24116379808475144
    all_seq_probs: [[0.86566406 0.13482666]] +/- [[0.10962673 0.1093428 ]]
    expected_dist: [0.60000026 0.3999998 ] +/- [2.3841858e-07 2.3841858e-07]
    choice_probs: [0.86566406 0.13482666] +/- [0.10962673 0.1093428 ]
  tvd_auc: 0.0 +/- 0.0
