biased_point
  tvd_auc: 0.0 +/- 0.0
  When I roll dice, they land on 4 0% of the time.
    choice_probs: [0.19502613 0.17423418 0.17756859 0.04332693 0.18461787 0.22522632] +/- [0.03266245 0.02941006 0.02957062 0.01143556 0.02534959 0.03209239]
    expected_dist: [1.9999990e-01 1.9999990e-01 1.9999990e-01 1.0000003e-08 1.9999990e-01
 1.9999990e-01] +/- [1.1920929e-07 1.1920929e-07 1.1920929e-07 4.4408921e-15 1.1920929e-07
 1.1920929e-07]
    kl_div: 0.06079789760145701 +/- 0.015162914380370292
    tvd: 0.09509720861100768 +/- 0.03199150144156691
    all_seq_probs: [[0.19502613 0.17423418 0.17756859 0.04332693 0.18461787 0.22522632]] +/- [[0.03266245 0.02941006 0.02957062 0.01143556 0.02534959 0.03209239]]
