biased_point
  When I flip coins they land on heads 40% of the time.
    tvd: 0.057730938196182253 +/- 0.04014883450283867
    choice_probs: [0.38952236 0.61047764] +/- [0.06953424 0.06953421]
    expected_dist: [0.3999998  0.60000026] +/- [2.3841858e-07 2.3841858e-07]
    all_seq_probs: [[0.38952236 0.61047764]] +/- [[0.06953424 0.06953421]]
    kl_div: 0.010955711156129836 +/- 0.014405256626818474
  tvd_auc: 0.0 +/- 0.0
unconditional_point
  tvd: 0.08029758900403977 +/- 0.061025551204300615
  choice_probs: [0.42343785 0.57656216] +/- [0.06565104 0.06565102]
  expected_dist: [0.5 0.5] +/- [0. 0.]
  all_seq_probs: [[0.42343785 0.57656216]] +/- [[0.06565104 0.06565102]]
  kl_div: 0.021474355161190034 +/- 0.026990952814270254
