biased_point
  tvd_auc: 0.0 +/- 0.0
  When I roll dice, they land on 5 80% of the time.
    tvd: 0.23376642651157453 +/- 0.12376637956586727
    kl_div: 0.21762843423348385 +/- 0.1479994451843764
    choice_probs: [0.0635051  0.04802185 0.06760273 0.06016962 0.63375441 0.12694628] +/- [0.07399334 0.04441223 0.05297507 0.04980247 0.18833613 0.07042756]
    expected_dist: [0.03999999 0.03999999 0.03999999 0.03999999 0.7999996  0.03999999] +/- [2.2351742e-08 2.2351742e-08 2.2351742e-08 2.2351742e-08 4.1723251e-07
 2.2351742e-08]
    all_seq_probs: [[0.0635051  0.04802185 0.06760273 0.06016962 0.63375441 0.12694628]] +/- [[0.07399334 0.04441223 0.05297507 0.04980247 0.18833613 0.07042756]]
