biased_point
  tvd_auc: 0.0 +/- 0.0
  When I flip coins they land on heads 10% of the time.
    all_seq_probs: [[0.45016921 0.54983081]] +/- [[0.10304602 0.10304601]]
    expected_dist: [0.09999995 0.9000002 ] +/- [5.2154064e-08 2.3841858e-07]
    kl_div: 0.3128837615251541 +/- 0.15736966861189408
    tvd: 0.3501691882312298 +/- 0.1030460144205245
    choice_probs: [0.45016921 0.54983081] +/- [0.10304602 0.10304601]
unconditional_point
  all_seq_probs: [[0.39071762 0.60928238]] +/- [[0.18679632 0.18679633]]
  expected_dist: [0.5 0.5] +/- [0. 0.]
  kl_div: 0.11657236754894257 +/- 0.11878872615338708
  tvd: 0.18629520252346993 +/- 0.11013447032455798
  choice_probs: [0.39071762 0.60928238] +/- [0.18679632 0.18679633]
