biased_point
  tvd_auc: 0.0 +/- 0.0
  When I roll dice, they land on 5 20% of the time.
    kl_div: 0.12852780335124409 +/- 0.08413424036476581
    all_seq_probs: [[0.13926032 0.18749158 0.14538995 0.17200055 0.22526915 0.13058845]] +/- [[0.05061007 0.09038491 0.07006019 0.06293296 0.08857166 0.04590719]]
    choice_probs: [0.13926032 0.18749158 0.14538995 0.17200055 0.22526915 0.13058845] +/- [0.05061007 0.09038491 0.07006019 0.06293296 0.08857166 0.04590719]
    tvd: 0.15867071588523685 +/- 0.06746726439140584
    expected_dist: [0.15999994 0.15999994 0.15999994 0.15999994 0.1999999  0.15999994] +/- [7.4505806e-08 7.4505806e-08 7.4505806e-08 7.4505806e-08 1.1920929e-07
 7.4505806e-08]
unconditional_point
  kl_div: 0.08502803368799505 +/- 0.0644505299270005
  all_seq_probs: [[0.14933201 0.21147814 0.17052656 0.17993888 0.15459624 0.13412817]] +/- [[0.03959912 0.07867208 0.05971076 0.05821363 0.05762144 0.03005539]]
  choice_probs: [0.14933201 0.21147814 0.17052656 0.17993888 0.15459624 0.13412817] +/- [0.03959912 0.07867208 0.05971076 0.05821363 0.05762144 0.03005539]
  tvd: 0.13833135817199946 +/- 0.05578220960688443
  expected_dist: [0.16666663 0.16666663 0.16666663 0.16666663 0.16666663 0.16666663] +/- [5.9604645e-08 5.9604645e-08 5.9604645e-08 5.9604645e-08 5.9604645e-08
 5.9604645e-08]
