biased_point
  tvd_auc: 0.0 +/- 0.0
  When I roll dice, they land on 6 0% of the time.
    kl_div: 0.10155576928486511 +/- 0.03722591829542127
    choice_probs: [0.19887557 0.19626116 0.19039117 0.17743199 0.16658869 0.07045145] +/- [0.04824071 0.03566294 0.0330082  0.03209592 0.04450354 0.02251004]
    tvd: 0.11436063462057326 +/- 0.03933683582740856
    expected_dist: [1.9999990e-01 1.9999990e-01 1.9999990e-01 1.9999990e-01 1.9999990e-01
 1.0000003e-08] +/- [1.1920929e-07 1.1920929e-07 1.1920929e-07 1.1920929e-07 1.1920929e-07
 4.4408921e-15]
    all_seq_probs: [[0.19887557 0.19626116 0.19039117 0.17743199 0.16658869 0.07045145]] +/- [[0.04824071 0.03566294 0.0330082  0.03209592 0.04450354 0.02251004]]
