biased_point
  tvd_auc: 0.0 +/- 0.0
  When I roll dice, they land on 3 80% of the time.
    tvd: 0.18219269955996423 +/- 0.08347431265272952
    choice_probs: [0.04590946 0.070794   0.69798504 0.06736336 0.05576831 0.06217984] +/- [0.04304182 0.0542728  0.16150024 0.04815504 0.03642919 0.06016346]
    kl_div: 0.14074256750638597 +/- 0.08338764458020921
    expected_dist: [0.03999999 0.03999999 0.7999996  0.03999999 0.03999999 0.03999999] +/- [2.2351742e-08 2.2351742e-08 4.1723251e-07 2.2351742e-08 2.2351742e-08
 2.2351742e-08]
    all_seq_probs: [[0.04590946 0.070794   0.69798504 0.06736336 0.05576831 0.06217984]] +/- [[0.04304182 0.0542728  0.16150024 0.04815504 0.03642919 0.06016346]]
