biased_point
  When I roll dice, they land on 2 60% of the time.
    tvd: 0.3858759372867644 +/- 0.1150258516172875
    expected_dist: [0.07999998 0.60000026 0.07999998 0.07999998 0.07999998 0.07999998] +/- [4.4703484e-08 1.7881393e-07 4.4703484e-08 4.4703484e-08 4.4703484e-08
 4.4703484e-08]
    kl_div: 0.45144206990487873 +/- 0.2818484591312689
    all_seq_probs: [[0.13880871 0.2338822  0.19998991 0.19794757 0.13160922 0.09776239]] +/- [[0.03461494 0.12960213 0.06740129 0.05566523 0.04746731 0.04050438]]
    choice_probs: [0.13880871 0.2338822  0.19998991 0.19794757 0.13160922 0.09776239] +/- [0.03461494 0.12960213 0.06740129 0.05566523 0.04746731 0.04050438]
  tvd_auc: 0.0 +/- 0.0
unconditional_point
  tvd: 0.16976136514917017 +/- 0.05215612475815502
  expected_dist: [0.16666663 0.16666663 0.16666663 0.16666663 0.16666663 0.16666663] +/- [5.9604645e-08 5.9604645e-08 5.9604645e-08 5.9604645e-08 5.9604645e-08
 5.9604645e-08]
  kl_div: 0.10673475142102688 +/- 0.06790056364857959
  all_seq_probs: [[0.14099586 0.12677256 0.21712501 0.21666505 0.17783552 0.120606  ]] +/- [[0.02549184 0.09848268 0.05636804 0.04808014 0.04747199 0.02989104]]
  choice_probs: [0.14099586 0.12677256 0.21712501 0.21666505 0.17783552 0.120606  ] +/- [0.02549184 0.09848268 0.05636804 0.04808014 0.04747199 0.02989104]
