biased_point
  When I flip coins they land on heads 30% of the time.
    expected_dist: [0.30000013 0.7000003 ] +/- [1.1920929e-07 2.9802322e-07]
    kl_div: 0.07776008921675384 +/- 0.060051859841094166
    tvd: 0.1769347831606865 +/- 0.07177136783071293
    all_seq_probs: [[0.45874396 0.54125607]] +/- [[0.10610095 0.10610094]]
    choice_probs: [0.45874396 0.54125607] +/- [0.10610095 0.10610094]
  tvd_auc: 0.0 +/- 0.0
unconditional_point
  expected_dist: [0.5 0.5] +/- [0. 0.]
  kl_div: 0.063520268201828 +/- 0.1611602944756569
  tvd: 0.10239410199224949 +/- 0.10654559076168336
  all_seq_probs: [[0.49142239 0.50857762]] +/- [[0.14752268 0.14752267]]
  choice_probs: [0.49142239 0.50857762] +/- [0.14752268 0.14752267]
