biased_point
  When you flip coins, they land on heads 30% of the time.
    choice_probs: [0.66827695 0.33172306] +/- [0.32819057 0.32819057]
    tvd: 0.44058751164563 +/- 0.22185489812095405
    all_seq_probs: [[0.66827695 0.33172306]] +/- [[0.32819057 0.32819057]]
    kl_div: 0.8520645836442708 +/- 0.7166948860670341
    expected_dist: [0.3       0.6999983] +/- [0.00000e+00 1.66893e-06]
  tvd_auc: 0.0 +/- 0.0
unconditional_point
  choice_probs: [0.69186514 0.30813486] +/- [0.33146945 0.33146946]
  tvd: 0.3571512986216694 +/- 0.13830104998851128
  all_seq_probs: [[0.69186514 0.30813486]] +/- [[0.33146945 0.33146946]]
  kl_div: 0.7013079687356949 +/- 0.5811420303611562
  expected_dist: [0.5 0.5] +/- [0. 0.]
