unconditional_point
  all_seq_probs: [[0.79707114 0.20292886]] +/- [[0.18859551 0.18859551]]
  choice_probs: [0.79707114 0.20292886] +/- [0.18859551 0.18859551]
  kl_div: 0.4831273944377899 +/- 0.4145464525941726
  expected_dist: [0.5 0.5] +/- [0. 0.]
  tvd: 0.32575830070860684 +/- 0.1330453230526429
biased_point
  tvd_auc: 0.0 +/- 0.0
  When you flip coins, they land on heads 20% of the time.
    all_seq_probs: [[0.69660552 0.30339448]] +/- [[0.19719438 0.19719439]]
    choice_probs: [0.69660552 0.30339448] +/- [0.19719438 0.19719439]
    kl_div: 0.7297799006081186 +/- 0.5262739097455861
    expected_dist: [0.20000048 0.8000019 ] +/- [4.6193600e-07 1.9073486e-06]
    tvd: 0.49935114197432995 +/- 0.19013443525336052
