biased_point
  tvd_auc: 0.0 +/- 0.0
  When I roll dice, they land on 3 80% of the time.
    all_seq_probs: [[0.05562461 0.06469843 0.71083176 0.04910903 0.04862064 0.07111554]] +/- [[0.04091019 0.0489781  0.14475061 0.03785544 0.04075166 0.06132248]]
    kl_div: 0.12209515321650542 +/- 0.11193036618455815
    expected_dist: [0.03999999 0.03999999 0.7999996  0.03999999 0.03999999 0.03999999] +/- [2.2351742e-08 2.2351742e-08 4.1723251e-07 2.2351742e-08 2.2351742e-08
 2.2351742e-08]
    tvd: 0.1573721533996286 +/- 0.09372532507594174
    choice_probs: [0.05562461 0.06469843 0.71083176 0.04910903 0.04862064 0.07111554] +/- [0.04091019 0.0489781  0.14475061 0.03785544 0.04075166 0.06132248]
