biased_point
  tvd_auc: 0.0 +/- 0.0
  When I roll dice, they land on 2 40% of the time.
    kl_div: 0.08993348292307929 +/- 0.05165940285575056
    all_seq_probs: [[0.14312681 0.27830112 0.15727381 0.18390175 0.12505825 0.11233826]] +/- [[0.03306606 0.0779818  0.0361291  0.02428387 0.03078149 0.04615538]]
    choice_probs: [0.14312681 0.27830112 0.15727381 0.18390175 0.12505825 0.11233826] +/- [0.03306606 0.0779818  0.0361291  0.02428387 0.03078149 0.04615538]
    tvd: 0.16629843467846514 +/- 0.04999131309284987
    expected_dist: [0.11999992 0.3999998  0.11999992 0.11999992 0.11999992 0.11999992] +/- [7.4505806e-08 2.3841858e-07 7.4505806e-08 7.4505806e-08 7.4505806e-08
 7.4505806e-08]
