unconditional_point
  expected_dist: [0.5 0.5] +/- [0. 0.]
  tvd: 0.4247462662309408 +/- 0.040599179356679886
  choice_probs: [0.92474627 0.07525374] +/- [0.04059918 0.04059918]
  kl_div: 0.7085830760002136 +/- 0.24030119653732387
  all_seq_probs: [[0.92474627 0.07525374]] +/- [[0.04059918 0.04059918]]
biased_point
  When I flip coins they land on heads 0% of the time.
    expected_dist: [1.0000003e-08 1.0000000e+00] +/- [4.440892e-15 0.000000e+00]
    tvd: 0.8210340237536394 +/- 0.12261036858848137
    choice_probs: [0.82103402 0.17896597] +/- [0.12261037 0.12261037]
    kl_div: 1.936465871036126 +/- 0.6717690485655076
    all_seq_probs: [[0.82103402 0.17896597]] +/- [[0.12261037 0.12261037]]
  tvd_auc: 0.0 +/- 0.0
