biased_point
  tvd_auc: 0.0 +/- 0.0
  When I roll dice, they land on 2 0% of the time.
    choice_probs: [0.15189118 0.18835474 0.16265    0.14999363 0.16251581 0.18459465] +/- [0.0383508  0.02955231 0.02344123 0.02057517 0.0267306  0.05937273]
    expected_dist: [1.9999990e-01 1.0000003e-08 1.9999990e-01 1.9999990e-01 1.9999990e-01
 1.9999990e-01] +/- [1.1920929e-07 4.4408921e-15 1.1920929e-07 1.1920929e-07 1.1920929e-07
 1.1920929e-07]
    tvd: 0.20758846334302042 +/- 0.03678082427193406
    kl_div: 0.23325407725221567 +/- 0.038354929171165814
    all_seq_probs: [[0.15189118 0.18835474 0.16265    0.14999363 0.16251581 0.18459465]] +/- [[0.0383508  0.02955231 0.02344123 0.02057517 0.0267306  0.05937273]]
