biased_point
  When I roll dice, they land on 5 100% of the time.
    tvd: 0.07697484387104338 +/- 0.03043218185727933
    choice_probs: [0.00631269 0.00473663 0.0049951  0.0085159  0.92302514 0.05241456] +/- [0.00263475 0.00213083 0.00226903 0.00356921 0.03043219 0.02169756]
    all_seq_probs: [[0.00631269 0.00473663 0.0049951  0.0085159  0.92302514 0.05241456]] +/- [[0.00263475 0.00213083 0.00226903 0.00356921 0.03043219 0.02169756]]
    kl_div: 0.08065416597977589 +/- 0.03354180761546388
    expected_dist: [1.0000003e-08 1.0000003e-08 1.0000003e-08 1.0000003e-08 1.0000000e+00
 1.0000003e-08] +/- [4.440892e-15 4.440892e-15 4.440892e-15 4.440892e-15 0.000000e+00
 4.440892e-15]
  tvd_auc: 0.0 +/- 0.0
