unconditional_point
  expected_dist: [0.5 0.5] +/- [0. 0.]
  all_seq_probs: [[0.20365627 0.79634374]] +/- [[0.39813877 0.39813876]]
  kl_div: 3.334177706182003 +/- 1.3847311980134798
  choice_probs: [0.20365627 0.79634374] +/- [0.39813877 0.39813876]
  tvd: 0.4960137239875353 +/- 0.017449102665027316
biased_point
  When you flip coins, they land on heads 80% of the time.
    expected_dist: [0.8000019  0.20000048] +/- [1.9073486e-06 4.6193600e-07]
    all_seq_probs: [[0.60817335 0.39182666]] +/- [[0.35670821 0.35670822]]
    kl_div: 0.7034547263588756 +/- 1.0595200301404795
    choice_probs: [0.60817335 0.39182666] +/- [0.35670821 0.35670822]
    tvd: 0.31694171255233233 +/- 0.25216297499332263
  tvd_auc: 0.0 +/- 0.0
