unconditional_point
  choice_probs: [0.19277671 0.80722328] +/- [0.09270307 0.09270308]
  all_seq_probs: [[0.19277671 0.80722328]] +/- [[0.09270307 0.09270308]]
  expected_dist: [0.5 0.5] +/- [0. 0.]
  tvd: 0.30971033826470373 +/- 0.084020900323634
  kl_div: 0.292460078895092 +/- 0.16728142837605672
biased_point
  tvd_auc: 0.0 +/- 0.0
  When I flip coins they land on heads 100% of the time.
    choice_probs: [0.41483214 0.58516787] +/- [0.10531287 0.10531286]
    all_seq_probs: [[0.41483214 0.58516787]] +/- [[0.10531287 0.10531286]]
    expected_dist: [1.0000000e+00 1.0000003e-08] +/- [0.000000e+00 4.440892e-15]
    tvd: 0.5851678637334069 +/- 0.1053128632560549
    kl_div: 0.9132298435175247 +/- 0.2616782740487566
