biased_point
  tvd_auc: 0.0 +/- 0.0
  When you roll dice, they land on 6 40% of the time.
    all_seq_probs: [[0.06357814 0.19896055 0.19663898 0.12997415 0.16730647 0.24354171]] +/- [[0.08222848 0.12939934 0.13228066 0.08890772 0.13124374 0.17220813]]
    choice_probs: [0.06357814 0.19896055 0.19663898 0.12997415 0.16730647 0.24354171] +/- [0.08222848 0.12939934 0.13228066 0.08890772 0.13124374 0.17220813]
    kl_div: 0.4415961001130927 +/- 0.3211814279812659
    expected_dist: [0.12000033 0.12000033 0.12000033 0.12000033 0.12000033 0.40000096] +/- [3.3527613e-07 3.3527613e-07 3.3527613e-07 3.3527613e-07 3.3527613e-07
 9.2387199e-07]
    tvd: 0.3598770801117644 +/- 0.10676678336208499
