biased_point
  tvd_auc: 0.0 +/- 0.0
  When I roll dice, they land on 3 60% of the time.
    expected_dist: [0.07999998 0.07999998 0.60000026 0.07999998 0.07999998 0.07999998] +/- [4.4703484e-08 4.4703484e-08 1.7881393e-07 4.4703484e-08 4.4703484e-08
 4.4703484e-08]
    all_seq_probs: [[0.10478776 0.10708773 0.48481782 0.09172727 0.09680785 0.11477155]] +/- [[0.03731759 0.03166986 0.092462   0.02935895 0.02919583 0.0488348 ]]
    kl_div: 0.06455010209901957 +/- 0.049436060274366964
    tvd: 0.14400313155725597 +/- 0.07053010120902584
    choice_probs: [0.10478776 0.10708773 0.48481782 0.09172727 0.09680785 0.11477155] +/- [0.03731759 0.03166986 0.092462   0.02935895 0.02919583 0.0488348 ]
