unconditional_point
  kl_div: 0.14443359231948852 +/- 0.1681918284292287
  tvd: 0.19539094038307667 +/- 0.12379904293663145
  all_seq_probs: [[0.58665785 0.41334216]] +/- [[0.21446268 0.21446268]]
  choice_probs: [0.58665785 0.41334216] +/- [0.21446268 0.21446268]
  expected_dist: [0.5 0.5] +/- [0. 0.]
biased_point
  tvd_auc: 0.0 +/- 0.0
  When you flip coins, they land on heads 10% of the time.
    kl_div: 0.4613020184934139 +/- 0.3828665980618134
    tvd: 0.3981166508793831 +/- 0.19790559740197652
    all_seq_probs: [[0.49791821 0.50208181]] +/- [[0.19830433 0.19830434]]
    choice_probs: [0.49791821 0.50208181] +/- [0.19830433 0.19830434]
    expected_dist: [0.10000024 0.899998  ] +/- [2.3841858e-07 1.9669533e-06]
