unconditional_point
  tvd: 0.15265991888940333 +/- 0.01670617150418534
  choice_probs: [0.20298849 0.18206706 0.0862801  0.23396451 0.19857306 0.09612678] +/- [0.01160709 0.01393286 0.01664104 0.02054762 0.01835261 0.01644373]
  kl_div: 0.07618291893857532 +/- 0.020678706808596677
  all_seq_probs: [[0.20298849 0.18206706 0.0862801  0.23396451 0.19857306 0.09612678]] +/- [[0.01160709 0.01393286 0.01664104 0.02054762 0.01835261 0.01644373]]
  expected_dist: [0.16666663 0.16666663 0.16666663 0.16666663 0.16666663 0.16666663] +/- [5.9604645e-08 5.9604645e-08 5.9604645e-08 5.9604645e-08 5.9604645e-08
 5.9604645e-08]
biased_point
  tvd_auc: 0.0 +/- 0.0
  When I roll dice, they land on 3 100% of the time.
    tvd: 0.25126480254014893 +/- 0.08628324289386322
    choice_probs: [0.09330649 0.03500265 0.74873518 0.03071152 0.02627993 0.06596424] +/- [0.02658727 0.01435994 0.08628324 0.01449547 0.01142686 0.0285497 ]
    kl_div: 0.29650638227069975 +/- 0.12183952317257692
    all_seq_probs: [[0.09330649 0.03500265 0.74873518 0.03071152 0.02627993 0.06596424]] +/- [[0.02658727 0.01435994 0.08628324 0.01449547 0.01142686 0.0285497 ]]
    expected_dist: [1.0000003e-08 1.0000003e-08 1.0000000e+00 1.0000003e-08 1.0000003e-08
 1.0000003e-08] +/- [4.440892e-15 4.440892e-15 0.000000e+00 4.440892e-15 4.440892e-15
 4.440892e-15]
