biased_point
  tvd_auc: 0.0 +/- 0.0
  When I roll dice, they land on 2 80% of the time.
    kl_div: 0.6738770289273817 +/- 0.477014862200258
    expected_dist: [0.03999999 0.7999996  0.03999999 0.03999999 0.03999999 0.03999999] +/- [2.2351742e-08 3.5762787e-07 2.2351742e-08 2.2351742e-08 2.2351742e-08
 2.2351742e-08]
    all_seq_probs: [[0.13043609 0.32309102 0.19777068 0.16494149 0.11248038 0.07128033]] +/- [[0.03749304 0.19223647 0.06335014 0.05050351 0.04965189 0.0333321 ]]
    choice_probs: [0.13043609 0.32309102 0.19777068 0.16494149 0.11248038 0.07128033] +/- [0.03749304 0.19223647 0.06335014 0.05050351 0.04965189 0.0333321 ]
    tvd: 0.4792506017908454 +/- 0.1888184571259766
unconditional_point
  kl_div: 0.11459192450041883 +/- 0.08022717612186081
  expected_dist: [0.16666663 0.16666663 0.16666663 0.16666663 0.16666663 0.16666663] +/- [5.9604645e-08 5.9604645e-08 5.9604645e-08 5.9604645e-08 5.9604645e-08
 5.9604645e-08]
  all_seq_probs: [[0.13532036 0.11415298 0.23437891 0.21810223 0.18098832 0.11705721]] +/- [[0.0279635  0.11911772 0.0347377  0.03950514 0.04388967 0.02950958]]
  choice_probs: [0.13532036 0.11415298 0.23437891 0.21810223 0.18098832 0.11705721] +/- [0.0279635  0.11911772 0.0347377  0.03950514 0.04388967 0.02950958]
  tvd: 0.1815292802453041 +/- 0.0640930646247485
