biased_point
  tvd_auc: 0.0 +/- 0.0
  When I roll dice, they land on 5 0% of the time.
    expected_dist: [1.9999990e-01 1.9999990e-01 1.9999990e-01 1.9999990e-01 1.0000003e-08
 1.9999990e-01] +/- [1.1920929e-07 1.1920929e-07 1.1920929e-07 1.1920929e-07 4.4408921e-15
 1.1920929e-07]
    kl_div: 0.3248519066079288 +/- 0.13300692911591702
    all_seq_probs: [[0.17952269 0.1617284  0.16294557 0.14830068 0.22757524 0.11992741]] +/- [[0.06334962 0.04328336 0.04343699 0.03622171 0.07270658 0.06003869]]
    tvd: 0.2579200864502153 +/- 0.07252929591401318
    choice_probs: [0.17952269 0.1617284  0.16294557 0.14830068 0.22757524 0.11992741] +/- [0.06334962 0.04328336 0.04343699 0.03622171 0.07270658 0.06003869]
