biased_point
  tvd_auc: 0.0 +/- 0.0
  When I roll dice, they land on 5 20% of the time.
    all_seq_probs: [[0.16168528 0.1680778  0.16045547 0.16058376 0.19117784 0.15801986]] +/- [[0.03706459 0.03460195 0.02817574 0.0400632  0.03422849 0.04958387]]
    choice_probs: [0.16168528 0.1680778  0.16045547 0.16058376 0.19117784 0.15801986] +/- [0.03706459 0.03460195 0.02817574 0.0400632  0.03422849 0.04958387]
    kl_div: 0.02923176237381995 +/- 0.03329151056606848
    expected_dist: [0.15999994 0.15999994 0.15999994 0.15999994 0.1999999  0.15999994] +/- [7.4505806e-08 7.4505806e-08 7.4505806e-08 7.4505806e-08 1.1920929e-07
 7.4505806e-08]
    tvd: 0.08707340778782964 +/- 0.038092845283831625
