biased_point
  tvd_auc: 0.0 +/- 0.0
  When you roll dice, they land on 5 60% of the time.
    expected_dist: [0.07999994 0.07999994 0.07999994 0.07999994 0.6        0.07999994] +/- [5.9604645e-08 5.9604645e-08 5.9604645e-08 5.9604645e-08 0.0000000e+00
 5.9604645e-08]
    choice_probs: [0.04345473 0.17543428 0.09139835 0.14972831 0.09835174 0.4416326 ] +/- [0.11561332 0.31404379 0.16193145 0.24988115 0.18041948 0.42760098]
    tvd: 0.744908910264954 +/- 0.16593340684774366
    all_seq_probs: [[0.04345473 0.17543428 0.09139835 0.14972831 0.09835174 0.4416326 ]] +/- [[0.11561332 0.31404379 0.16193145 0.24988115 0.18041948 0.42760098]]
    kl_div: 3.533690574613283 +/- 2.523790970964654
