unconditional_point
  expected_dist: [0.16666663 0.16666663 0.16666663 0.16666663 0.16666663 0.16666663] +/- [5.9604645e-08 5.9604645e-08 5.9604645e-08 5.9604645e-08 5.9604645e-08
 5.9604645e-08]
  kl_div: 0.09977315440541133 +/- 0.08006163511979532
  all_seq_probs: [[0.14531868 0.16262151 0.19807955 0.18472524 0.16950316 0.13975187]] +/- [[0.04080722 0.11888024 0.05440502 0.05864856 0.05934167 0.03886495]]
  choice_probs: [0.14531868 0.16262151 0.19807955 0.18472524 0.16950316 0.13975187] +/- [0.04080722 0.11888024 0.05440502 0.05864856 0.05934167 0.03886495]
  tvd: 0.15251255575567485 +/- 0.06611078512231981
biased_point
  tvd_auc: 0.0 +/- 0.0
  When I roll dice, they land on 2 40% of the time.
    expected_dist: [0.11999992 0.3999998  0.11999992 0.11999992 0.11999992 0.11999992] +/- [7.4505806e-08 2.3841858e-07 7.4505806e-08 7.4505806e-08 7.4505806e-08
 7.4505806e-08]
    kl_div: 0.37279972932417876 +/- 0.2979437241347367
    all_seq_probs: [[0.08905499 0.32573581 0.10072571 0.35753552 0.05416325 0.07278472]] +/- [[0.05457163 0.19118786 0.05461572 0.23874616 0.04433795 0.05676878]]
    choice_probs: [0.08905499 0.32573581 0.10072571 0.35753552 0.05416325 0.07278472] +/- [0.05457163 0.19118786 0.05461572 0.23874616 0.04433795 0.05676878]
    tvd: 0.34531024770811203 +/- 0.15635379145953957
