biased_point
  When you roll dice, they land on 6 20% of the time.
    kl_div: 0.6523329534022814 +/- 0.6939647677775624
    choice_probs: [0.0967535  0.28150026 0.147241   0.15595419 0.16357519 0.15497586] +/- [0.08960832 0.28239088 0.11698603 0.11234949 0.13834132 0.15530205]
    tvd: 0.369500016294478 +/- 0.17477927022638998
    expected_dist: [0.15999988 0.15999988 0.15999988 0.15999988 0.15999988 0.20000048] +/- [1.6391277e-07 1.6391277e-07 1.6391277e-07 1.6391277e-07 1.6391277e-07
 4.4703484e-07]
    all_seq_probs: [[0.0967535  0.28150026 0.147241   0.15595419 0.16357519 0.15497586]] +/- [[0.08960832 0.28239088 0.11698603 0.11234949 0.13834132 0.15530205]]
  tvd_auc: 0.0 +/- 0.0
