unconditional_point
  all_seq_probs: [[0.16449264 0.18651851 0.18008306 0.17596121 0.17040143 0.12254316]] +/- [[0.03892078 0.06898866 0.03217201 0.03565094 0.05345961 0.0417705 ]]
  choice_probs: [0.16449264 0.18651851 0.18008306 0.17596121 0.17040143 0.12254316] +/- [0.03892078 0.06898866 0.03217201 0.03565094 0.05345961 0.0417705 ]
  tvd: 0.10607419885694981 +/- 0.05784438115414384
  expected_dist: [0.16666663 0.16666663 0.16666663 0.16666663 0.16666663 0.16666663] +/- [5.9604645e-08 5.9604645e-08 5.9604645e-08 5.9604645e-08 5.9604645e-08
 5.9604645e-08]
  kl_div: 0.05866624664806295 +/- 0.06356633244669586
biased_point
  tvd_auc: 0.0 +/- 0.0
  When I roll dice, they land on 6 60% of the time.
    all_seq_probs: [[0.13513989 0.1575505  0.14242717 0.16312608 0.13197001 0.26978636]] +/- [[0.053715   0.09663695 0.04928744 0.05553339 0.05339986 0.16435439]]
    choice_probs: [0.13513989 0.1575505  0.14242717 0.16312608 0.13197001 0.26978636] +/- [0.053715   0.09663695 0.04928744 0.05553339 0.05339986 0.16435439]
    tvd: 0.35971565613523127 +/- 0.13834465442752067
    expected_dist: [0.07999997 0.07999997 0.07999997 0.07999997 0.07999997 0.60000026] +/- [2.9802322e-08 2.9802322e-08 2.9802322e-08 2.9802322e-08 2.9802322e-08
 2.3841858e-07]
    kl_div: 0.38239581511938014 +/- 0.24894133580020977
