biased_point
  When I roll dice, they land on 1 60% of the time.
    kl_div: 0.3970722595695406 +/- 0.22202910180759355
    expected_dist: [0.60000026 0.07999998 0.07999998 0.07999998 0.07999998 0.07999998] +/- [1.7881393e-07 4.4703484e-08 4.4703484e-08 4.4703484e-08 4.4703484e-08
 4.4703484e-08]
    choice_probs: [0.30768342 0.1666658  0.13394794 0.11021851 0.10698848 0.17449586] +/- [0.20198974 0.06074421 0.07621386 0.11311921 0.06553383 0.11392815]
    tvd: 0.3609993732208386 +/- 0.12167165866244534
    all_seq_probs: [[0.30768342 0.1666658  0.13394794 0.11021851 0.10698848 0.17449586]] +/- [[0.20198974 0.06074421 0.07621386 0.11311921 0.06553383 0.11392815]]
  tvd_auc: 0.0 +/- 0.0
unconditional_point
  kl_div: 0.10682109949411825 +/- 0.15259230142757627
  expected_dist: [0.16666663 0.16666663 0.16666663 0.16666663 0.16666663 0.16666663] +/- [5.9604645e-08 5.9604645e-08 5.9604645e-08 5.9604645e-08 5.9604645e-08
 5.9604645e-08]
  choice_probs: [0.19311133 0.20873224 0.1834652  0.14602233 0.13232257 0.13634633] +/- [0.09428007 0.05212566 0.06003043 0.09968883 0.05700459 0.05265518]
  tvd: 0.1624630194157362 +/- 0.11072774590150823
  all_seq_probs: [[0.19311133 0.20873224 0.1834652  0.14602233 0.13232257 0.13634633]] +/- [[0.09428007 0.05212566 0.06003043 0.09968883 0.05700459 0.05265518]]
