biased_point
  When I roll dice, they land on 5 20% of the time.
    tvd: 0.12926097247749568 +/- 0.07661026873250364
    all_seq_probs: [[0.16581872 0.17043294 0.1547629  0.1476137  0.2232182  0.13815356]] +/- [[0.04844755 0.05082647 0.05019265 0.03916388 0.1027372  0.05180126]]
    kl_div: 0.06767412614834029 +/- 0.10794783466711019
    expected_dist: [0.15999994 0.15999994 0.15999994 0.15999994 0.1999999  0.15999994] +/- [7.4505806e-08 7.4505806e-08 7.4505806e-08 7.4505806e-08 1.1920929e-07
 7.4505806e-08]
    choice_probs: [0.16581872 0.17043294 0.1547629  0.1476137  0.2232182  0.13815356] +/- [0.04844755 0.05082647 0.05019265 0.03916388 0.1027372  0.05180126]
  tvd_auc: 0.0 +/- 0.0
