biased_point
  tvd_auc: 0.0 +/- 0.0
  When I roll dice, they land on 5 80% of the time.
    choice_probs: [0.06643574 0.09547747 0.09341431 0.08824131 0.47045649 0.18597467] +/- [0.05355798 0.08819601 0.06139625 0.0463813  0.20310483 0.08569455]
    kl_div: 0.3822029788783402 +/- 0.3293534458795291
    expected_dist: [0.03999999 0.03999999 0.03999999 0.03999999 0.7999996  0.03999999] +/- [2.2351742e-08 2.2351742e-08 2.2351742e-08 2.2351742e-08 4.1723251e-07
 2.2351742e-08]
    all_seq_probs: [[0.06643574 0.09547747 0.09341431 0.08824131 0.47045649 0.18597467]] +/- [[0.05355798 0.08819601 0.06139625 0.0463813  0.20310483 0.08569455]]
    tvd: 0.3479719506856054 +/- 0.1811866848415457
