biased_point
  tvd_auc: 0.0 +/- 0.0
  When I roll dice, they land on 5 60% of the time.
    all_seq_probs: [[0.09767891 0.08908729 0.10577791 0.12100907 0.32665267 0.25979414]] +/- [[0.06896156 0.06529784 0.0609473  0.06393986 0.14677836 0.12661565]]
    tvd: 0.3500737297302112 +/- 0.08817569779122263
    kl_div: 0.3594292931782547 +/- 0.1996064442243038
    expected_dist: [0.07999997 0.07999997 0.07999997 0.07999997 0.60000026 0.07999997] +/- [2.9802322e-08 2.9802322e-08 2.9802322e-08 2.9802322e-08 2.3841858e-07
 2.9802322e-08]
    choice_probs: [0.09767891 0.08908729 0.10577791 0.12100907 0.32665267 0.25979414] +/- [0.06896156 0.06529784 0.0609473  0.06393986 0.14677836 0.12661565]
