biased_point
  tvd_auc: 0.0 +/- 0.0
  When I roll dice, they land on 1 100% of the time.
    choice_probs: [0.98023727 0.00934152 0.00209349 0.0009913  0.00119879 0.00613762] +/- [0.00549327 0.00311204 0.00055507 0.00027352 0.0002978  0.0029509 ]
    tvd: 0.01976269845433704 +/- 0.005493269748840633
    kl_div: 0.01997571499405069 +/- 0.005606331652474131
    all_seq_probs: [[0.98023727 0.00934152 0.00209349 0.0009913  0.00119879 0.00613762]] +/- [[0.00549327 0.00311204 0.00055507 0.00027352 0.0002978  0.0029509 ]]
    expected_dist: [1.0000000e+00 1.0000003e-08 1.0000003e-08 1.0000003e-08 1.0000003e-08
 1.0000003e-08] +/- [0.000000e+00 4.440892e-15 4.440892e-15 4.440892e-15 4.440892e-15
 4.440892e-15]
