biased_point
  tvd_auc: 0.0 +/- 0.0
  When I roll dice, they land on 1 0% of the time.
    all_seq_probs: [[0.2026184  0.16956549 0.15929628 0.16554081 0.15552284 0.14745618]] +/- [[0.03969103 0.04832626 0.04846566 0.04826552 0.0611544  0.0540484 ]]
    tvd: 0.23935680340164517 +/- 0.044137668992259196
    expected_dist: [1.0000003e-08 1.9999990e-01 1.9999990e-01 1.9999990e-01 1.9999990e-01
 1.9999990e-01] +/- [4.4408921e-15 1.1920929e-07 1.1920929e-07 1.1920929e-07 1.1920929e-07
 1.1920929e-07]
    kl_div: 0.2883298495169925 +/- 0.0711852051846153
    choice_probs: [0.2026184  0.16956549 0.15929628 0.16554081 0.15552284 0.14745618] +/- [0.03969103 0.04832626 0.04846566 0.04826552 0.0611544  0.0540484 ]
