biased_point
  When I roll dice, they land on 2 60% of the time.
    all_seq_probs: [[0.13554943 0.36076859 0.1507482  0.12325098 0.12862298 0.10105981]] +/- [[0.04850109 0.13188906 0.03793707 0.05508465 0.03159282 0.04516113]]
    expected_dist: [0.07999998 0.60000026 0.07999998 0.07999998 0.07999998 0.07999998] +/- [4.4703484e-08 1.7881393e-07 4.4703484e-08 4.4703484e-08 4.4703484e-08
 4.4703484e-08]
    tvd: 0.2568360435590148 +/- 0.11216078524774914
    kl_div: 0.1888691189387464 +/- 0.14458563622576293
    choice_probs: [0.13554943 0.36076859 0.1507482  0.12325098 0.12862298 0.10105981] +/- [0.04850109 0.13188906 0.03793707 0.05508465 0.03159282 0.04516113]
  tvd_auc: 0.0 +/- 0.0
