biased_point
  tvd_auc: 0.0 +/- 0.0
  When I flip coins they land on heads 40% of the time.
    choice_probs: [0.86371094 0.13618652] +/- [0.1139737  0.11398315]
    kl_div: 0.8868330870568752 +/- 0.6652995316788123
    expected_dist: [0.3999998  0.60000026] +/- [2.3841858e-07 2.3841858e-07]
    tvd: 0.46376220107078553 +/- 0.11396219930547156
    all_seq_probs: [[0.86371094 0.13618652]] +/- [[0.1139737  0.11398315]]
