biased_point
  tvd_auc: 0.0 +/- 0.0
  When you roll dice, they land on 5 60% of the time.
    expected_dist: [0.07999994 0.07999994 0.07999994 0.07999994 0.6        0.07999994] +/- [5.9604645e-08 5.9604645e-08 5.9604645e-08 5.9604645e-08 0.0000000e+00
 5.9604645e-08]
    all_seq_probs: [[0.05870368 0.07790737 0.12402462 0.16143512 0.19837595 0.37955326]] +/- [[0.15576115 0.15459958 0.13792959 0.18463882 0.28085453 0.28152142]]
    tvd: 0.611774969642016 +/- 0.1854358772423536
    choice_probs: [0.05870368 0.07790737 0.12402462 0.16143512 0.19837595 0.37955326] +/- [0.15576115 0.15459958 0.13792959 0.18463882 0.28085453 0.28152142]
    kl_div: 2.55972173799295 +/- 1.4132255937142115
