biased_point
  When you roll dice, they land on 4 80% of the time.
    expected_dist: [0.03999997 0.03999997 0.03999997 0.8000019  0.03999997 0.03999997] +/- [4.0978193e-08 4.0978193e-08 4.0978193e-08 1.9073486e-06 4.0978193e-08
 4.0978193e-08]
    kl_div: 0.6973038306907511 +/- 1.174097146175604
    all_seq_probs: [[0.11341884 0.05990666 0.06695382 0.60800919 0.0850419  0.06930226]] +/- [[0.14246931 0.14862697 0.08154792 0.33152985 0.15165253 0.09560762]]
    choice_probs: [0.11341884 0.05990666 0.06695382 0.60800919 0.0850419  0.06930226] +/- [0.14246931 0.14862697 0.08154792 0.33152985 0.15165253 0.09560762]
    tvd: 0.3142706966176629 +/- 0.2613725838005749
  tvd_auc: 0.0 +/- 0.0
