biased_point
  tvd_auc: 0.0 +/- 0.0
  When you roll dice, they land on 1 40% of the time.
    expected_dist: [0.40000096 0.12000033 0.12000033 0.12000033 0.12000033 0.12000033] +/- [9.2387199e-07 3.3527613e-07 3.3527613e-07 3.3527613e-07 3.3527613e-07
 3.3527613e-07]
    choice_probs: [0.18927318 0.21947346 0.14032273 0.11774569 0.15788181 0.17530314] +/- [0.17901676 0.15941303 0.10346895 0.09466518 0.15735212 0.12098681]
    tvd: 0.36271919910050926 +/- 0.16514762065672378
    all_seq_probs: [[0.18927318 0.21947346 0.14032273 0.11774569 0.15788181 0.17530314]] +/- [[0.17901676 0.15941303 0.10346895 0.09466518 0.15735212 0.12098681]]
    kl_div: 0.5129431705320021 +/- 0.5296040614464168
