biased_point
  When I roll dice, they land on 2 0% of the time.
    choice_probs: [0.15795412 0.19162652 0.15775223 0.15811689 0.1660554  0.16849484] +/- [0.05901057 0.04767803 0.05663063 0.05174851 0.06037022 0.07706342]
    kl_div: 0.28108031696259134 +/- 0.07811164861586271
    tvd: 0.24738061457061383 +/- 0.06159696120885451
    all_seq_probs: [[0.15795412 0.19162652 0.15775223 0.15811689 0.1660554  0.16849484]] +/- [[0.05901057 0.04767803 0.05663063 0.05174851 0.06037022 0.07706342]]
    expected_dist: [1.9999990e-01 1.0000003e-08 1.9999990e-01 1.9999990e-01 1.9999990e-01
 1.9999990e-01] +/- [1.1920929e-07 4.4408921e-15 1.1920929e-07 1.1920929e-07 1.1920929e-07
 1.1920929e-07]
  tvd_auc: 0.0 +/- 0.0
