biased_point
  tvd_auc: 0.0 +/- 0.0
  When I roll dice, they land on 1 0% of the time.
    expected_dist: [1.0000003e-08 1.9999990e-01 1.9999990e-01 1.9999990e-01 1.9999990e-01
 1.9999990e-01] +/- [4.4408921e-15 1.1920929e-07 1.1920929e-07 1.1920929e-07 1.1920929e-07
 1.1920929e-07]
    tvd: 0.16451076797329997 +/- 0.027323048754058495
    kl_div: 0.17929750420163715 +/- 0.02996688713485397
    all_seq_probs: [[0.15462947 0.15974134 0.17219001 0.1676792  0.17364056 0.17211943]] +/- [[0.02423771 0.0331908  0.01723971 0.01848705 0.02787644 0.02838083]]
    choice_probs: [0.15462947 0.15974134 0.17219001 0.1676792  0.17364056 0.17211943] +/- [0.02423771 0.0331908  0.01723971 0.01848705 0.02787644 0.02838083]
