biased_point
  When I flip coins they land on heads 100% of the time.
    kl_div: 0.0872654678729063 +/- 0.06375729695648519
    choice_probs: [0.91828125 0.08102051] +/- [0.05549537 0.05510509]
    all_seq_probs: [[0.91828125 0.08102051]] +/- [[0.05549537 0.05510509]]
    tvd: 0.08136962390625094 +/- 0.055261597676170476
    expected_dist: [1.0000000e+00 1.0000003e-08] +/- [0.000000e+00 4.440892e-15]
  tvd_auc: 0.0 +/- 0.0
