biased_point
  tvd_auc: 0.0 +/- 0.0
  When I roll dice, they land on 1 100% of the time.
    tvd: 0.23104913921929834 +/- 0.08719873135965812
    expected_dist: [1.0000000e+00 1.0000003e-08 1.0000003e-08 1.0000003e-08 1.0000003e-08
 1.0000003e-08] +/- [0.000000e+00 4.440892e-15 4.440892e-15 4.440892e-15 4.440892e-15
 4.440892e-15]
    choice_probs: [0.76895084 0.12808502 0.02023699 0.01230503 0.01593849 0.05448364] +/- [0.08719873 0.05977913 0.00764399 0.00478523 0.00687568 0.01983629]
    kl_div: 0.26969138818554683 +/- 0.1205905469805316
    all_seq_probs: [[0.76895084 0.12808502 0.02023699 0.01230503 0.01593849 0.05448364]] +/- [[0.08719873 0.05977913 0.00764399 0.00478523 0.00687568 0.01983629]]
unconditional_point
  tvd: 0.28974211098626257 +/- 0.08132847382462483
  expected_dist: [0.16666663 0.16666663 0.16666663 0.16666663 0.16666663 0.16666663] +/- [5.9604645e-08 5.9604645e-08 5.9604645e-08 5.9604645e-08 5.9604645e-08
 5.9604645e-08]
  choice_probs: [0.08813385 0.42909362 0.1900309  0.12293645 0.10587656 0.06392861] +/- [0.02150478 0.09345505 0.02915821 0.02956229 0.02608559 0.02056322]
  kl_div: 0.24665507143712603 +/- 0.14928135417393512
  all_seq_probs: [[0.08813385 0.42909362 0.1900309  0.12293645 0.10587656 0.06392861]] +/- [[0.02150478 0.09345505 0.02915821 0.02956229 0.02608559 0.02056322]]
