unconditional_point
  all_seq_probs: [[0.03245705 0.02524261 0.187975   0.13762632 0.32173923 0.2949598 ]] +/- [[0.10672714 0.0473765  0.28617312 0.17159362 0.25749605 0.2746714 ]]
  kl_div: 2.4118412036295047 +/- 1.2145423383657885
  tvd: 0.570053443348557 +/- 0.11242523611311421
  choice_probs: [0.03245705 0.02524261 0.187975   0.13762632 0.32173923 0.2949598 ] +/- [0.10672714 0.0473765  0.28617312 0.17159362 0.25749605 0.2746714 ]
  expected_dist: [0.16666676 0.16666676 0.16666676 0.16666676 0.16666676 0.16666676] +/- [7.4505806e-08 7.4505806e-08 7.4505806e-08 7.4505806e-08 7.4505806e-08
 7.4505806e-08]
biased_point
  When you roll dice, they land on 3 60% of the time.
    all_seq_probs: [[0.09550408 0.00756422 0.07196387 0.07228176 0.04911835 0.70356772]] +/- [[0.23691467 0.04104026 0.18083943 0.18729179 0.16924273 0.41227585]]
    kl_div: 5.704020789249334 +/- 2.97486514423805
    tvd: 0.8197741291180367 +/- 0.17037000974522631
    choice_probs: [0.09550408 0.00756422 0.07196387 0.07228176 0.04911835 0.70356772] +/- [0.23691467 0.04104026 0.18083943 0.18729179 0.16924273 0.41227585]
    expected_dist: [0.07999994 0.07999994 0.6        0.07999994 0.07999994 0.07999994] +/- [8.1956387e-08 8.1956387e-08 5.9604645e-08 8.1956387e-08 8.1956387e-08
 8.1956387e-08]
  tvd_auc: 0.0 +/- 0.0
