biased_point
  When I roll dice, they land on 6 0% of the time.
    all_seq_probs: [[0.17974425 0.17600877 0.17017275 0.15988997 0.15755668 0.1566276 ]] +/- [[0.06745487 0.11525863 0.07071547 0.05568682 0.05399029 0.06100854]]
    tvd: 0.22325804148920989 +/- 0.09014930284625189
    expected_dist: [1.9999990e-01 1.9999990e-01 1.9999990e-01 1.9999990e-01 1.9999990e-01
 1.0000003e-08] +/- [1.1920929e-07 1.1920929e-07 1.1920929e-07 1.1920929e-07 1.1920929e-07
 4.4408921e-15]
    choice_probs: [0.17974425 0.17600877 0.17017275 0.15988997 0.15755668 0.1566276 ] +/- [0.06745487 0.11525863 0.07071547 0.05568682 0.05399029 0.06100854]
    kl_div: 0.2593742293009251 +/- 0.1460310010351816
  tvd_auc: 0.0 +/- 0.0
