biased_point
  When I roll dice, they land on 5 20% of the time.
    all_seq_probs: [[0.16231172 0.16727407 0.18111214 0.14587096 0.20199976 0.14143138]] +/- [[0.03045114 0.02912132 0.0211557  0.02100357 0.03833071 0.03147941]]
    kl_div: 0.019468857915526314 +/- 0.02159379032493332
    choice_probs: [0.16231172 0.16727407 0.18111214 0.14587096 0.20199976 0.14143138] +/- [0.03045114 0.02912132 0.0211557  0.02100357 0.03833071 0.03147941]
    tvd: 0.07185262084007263 +/- 0.03135848591516992
    expected_dist: [0.15999994 0.15999994 0.15999994 0.15999994 0.1999999  0.15999994] +/- [7.4505806e-08 7.4505806e-08 7.4505806e-08 7.4505806e-08 1.1920929e-07
 7.4505806e-08]
  tvd_auc: 0.0 +/- 0.0
