biased_point
  When you roll dice, they land on 2 0% of the time.
    all_seq_probs: [[0.05610472 0.55185409 0.08269534 0.06696534 0.0422456  0.20013492]] +/- [[0.10656101 0.25216543 0.1426727  0.09708858 0.07635856 0.25456581]]
    kl_div: 2.8180107180155853 +/- 1.1999594048187774
    tvd: 0.710998300851561 +/- 0.12860427835752053
    choice_probs: [0.05610472 0.55185409 0.08269534 0.06696534 0.0422456  0.20013492] +/- [0.10656101 0.25216543 0.1426727  0.09708858 0.07635856 0.25456581]
    expected_dist: [2.0000048e-01 9.9999795e-09 2.0000048e-01 2.0000048e-01 2.0000048e-01
 2.0000048e-01] +/- [4.6193600e-07 1.8651747e-14 4.6193600e-07 4.6193600e-07 4.6193600e-07
 4.6193600e-07]
  tvd_auc: 0.0 +/- 0.0
