biased_point
  tvd_auc: 0.0 +/- 0.0
  When I roll dice, they land on 3 0% of the time.
    all_seq_probs: [[0.17128718 0.16111287 0.192021   0.14722684 0.16319216 0.16515997]] +/- [[0.02609789 0.02430938 0.0213173  0.01903746 0.0261375  0.02655148]]
    expected_dist: [1.9999990e-01 1.9999990e-01 1.0000003e-08 1.9999990e-01 1.9999990e-01
 1.9999990e-01] +/- [1.1920929e-07 1.1920929e-07 4.4408921e-15 1.1920929e-07 1.1920929e-07
 1.1920929e-07]
    kl_div: 0.22589771421555865 +/- 0.02715182132804926
    tvd: 0.199564271933671 +/- 0.020765742815187394
    choice_probs: [0.17128718 0.16111287 0.192021   0.14722684 0.16319216 0.16515997] +/- [0.02609789 0.02430938 0.0213173  0.01903746 0.0261375  0.02655148]
