biased_point
  tvd_auc: 0.0 +/- 0.0
  When I roll dice, they land on 5 80% of the time.
    choice_probs: [0.04589134 0.04273738 0.05340581 0.05752344 0.75411615 0.04632588] +/- [0.0328348  0.02844112 0.02819427 0.03541426 0.09592687 0.02781524]
    kl_div: 0.056019172252854334 +/- 0.05174759661736521
    tvd: 0.09776391046470963 +/- 0.06496620842399584
    expected_dist: [0.03999999 0.03999999 0.03999999 0.03999999 0.7999996  0.03999999] +/- [2.2351742e-08 2.2351742e-08 2.2351742e-08 2.2351742e-08 4.1723251e-07
 2.2351742e-08]
    all_seq_probs: [[0.04589134 0.04273738 0.05340581 0.05752344 0.75411615 0.04632588]] +/- [[0.0328348  0.02844112 0.02819427 0.03541426 0.09592687 0.02781524]]
