biased_point
  When I roll dice, they land on 2 60% of the time.
    choice_probs: [0.08598364 0.52747882 0.1042407  0.09175977 0.09540389 0.09513316] +/- [0.03505909 0.11026036 0.0439732  0.04120001 0.06260341 0.03881571]
    expected_dist: [0.07999998 0.60000026 0.07999998 0.07999998 0.07999998 0.07999998] +/- [4.4703484e-08 1.7881393e-07 4.4703484e-08 4.4703484e-08 4.4703484e-08
 4.4703484e-08]
    all_seq_probs: [[0.08598364 0.52747882 0.1042407  0.09175977 0.09540389 0.09513316]] +/- [[0.03505909 0.11026036 0.0439732  0.04120001 0.06260341 0.03881571]]
    kl_div: 0.06829652394168079 +/- 0.06605577970086948
    tvd: 0.1351288223080337 +/- 0.07270339350100435
  tvd_auc: 0.0 +/- 0.0
