biased_point
  When I roll dice, they land on 1 100% of the time.
    choice_probs: [0.89998691 0.05563562 0.0122969  0.00683383 0.00895971 0.01628704] +/- [0.05107656 0.02777649 0.00650624 0.00386003 0.00495715 0.01084586]
    expected_dist: [1.0000000e+00 1.0000003e-08 1.0000003e-08 1.0000003e-08 1.0000003e-08
 1.0000003e-08] +/- [0.000000e+00 4.440892e-15 4.440892e-15 4.440892e-15 4.440892e-15
 4.440892e-15]
    all_seq_probs: [[0.89998691 0.05563562 0.0122969  0.00683383 0.00895971 0.01628704]] +/- [[0.05107656 0.02777649 0.00650624 0.00386003 0.00495715 0.01084586]]
    tvd: 0.10001307297866731 +/- 0.05107655481077721
    kl_div: 0.10708233508836898 +/- 0.05934405043317441
  tvd_auc: 0.0 +/- 0.0
unconditional_point
  choice_probs: [0.44494829 0.31350158 0.07954582 0.03866296 0.03171993 0.09162141] +/- [0.09608109 0.05874756 0.02220253 0.01077089 0.00990748 0.02626419]
  expected_dist: [0.16666663 0.16666663 0.16666663 0.16666663 0.16666663 0.16666663] +/- [5.9604645e-08 5.9604645e-08 5.9604645e-08 5.9604645e-08 5.9604645e-08
 5.9604645e-08]
  all_seq_probs: [[0.44494829 0.31350158 0.07954582 0.03866296 0.03171993 0.09162141]] +/- [[0.09608109 0.05874756 0.02220253 0.01077089 0.00990748 0.02626419]]
  tvd: 0.4253511878009886 +/- 0.05521015406300198
  kl_div: 0.509268234660849 +/- 0.15353011262590788
