biased_point
  When you roll dice, they land on 4 80% of the time.
    tvd: 0.47242462441535477 +/- 0.2712039096259601
    expected_dist: [0.03999997 0.03999997 0.03999997 0.8000019  0.03999997 0.03999997] +/- [4.0978193e-08 4.0978193e-08 4.0978193e-08 1.9073486e-06 4.0978193e-08
 4.0978193e-08]
    choice_probs: [0.00390056 0.01694393 0.03443332 0.49410505 0.06133549 0.38928164] +/- [0.01498795 0.03995988 0.05280475 0.36650743 0.10797624 0.29821382]
    kl_div: 1.2814615484449314 +/- 0.9091600544953785
    all_seq_probs: [[0.00390056 0.01694393 0.03443332 0.49410505 0.06133549 0.38928164]] +/- [[0.01498795 0.03995988 0.05280475 0.36650743 0.10797624 0.29821382]]
  tvd_auc: 0.0 +/- 0.0
