biased_point
  When I roll dice, they land on 4 60% of the time.
    kl_div: 0.18656972071912606 +/- 0.13300098244836678
    tvd: 0.238154226585757 +/- 0.10707911798735054
    expected_dist: [0.07999997 0.07999997 0.07999997 0.60000026 0.07999997 0.07999997] +/- [2.9802322e-08 2.9802322e-08 2.9802322e-08 2.3841858e-07 2.9802322e-08
 2.9802322e-08]
    all_seq_probs: [[0.08202821 0.123672   0.10664554 0.4221824  0.13152407 0.13394778]] +/- [[0.05978113 0.06795095 0.05786333 0.1348449  0.07337141 0.07371479]]
    choice_probs: [0.08202821 0.123672   0.10664554 0.4221824  0.13152407 0.13394778] +/- [0.05978113 0.06795095 0.05786333 0.1348449  0.07337141 0.07371479]
  tvd_auc: 0.0 +/- 0.0
