biased_point
  tvd_auc: 0.0 +/- 0.0
  When I roll dice, they land on 5 0% of the time.
    tvd: 0.2760491640039644 +/- 0.11905760525508167
    kl_div: 0.34097077580575075 +/- 0.2297494888570786
    all_seq_probs: [[0.16055017 0.15678621 0.16503579 0.13966688 0.23436883 0.14359211]] +/- [[0.06286638 0.06446799 0.05207857 0.05380776 0.12127683 0.0521322 ]]
    choice_probs: [0.16055017 0.15678621 0.16503579 0.13966688 0.23436883 0.14359211] +/- [0.06286638 0.06446799 0.05207857 0.05380776 0.12127683 0.0521322 ]
    expected_dist: [1.9999990e-01 1.9999990e-01 1.9999990e-01 1.9999990e-01 1.0000003e-08
 1.9999990e-01] +/- [1.1920929e-07 1.1920929e-07 1.1920929e-07 1.1920929e-07 4.4408921e-15
 1.1920929e-07]
