biased_point
  When I flip coins they land on heads 10% of the time.
    all_seq_probs: [[0.93828125 0.06145508]] +/- [[0.04623258 0.04568472]]
    choice_probs: [0.93828125 0.06145508] +/- [0.04623258 0.04568472]
    expected_dist: [0.09999995 0.9000002 ] +/- [5.2154064e-08 2.3841858e-07]
    tvd: 0.8384130732715129 +/- 0.04588753909320044
    kl_div: 2.3874643099308015 +/- 0.5720332890795334
  tvd_auc: 0.0 +/- 0.0
