unconditional_point
  tvd: 0.5956657149194085 +/- 0.08587578738939308
  expected_dist: [0.16666676 0.16666676 0.16666676 0.16666676 0.16666676 0.16666676] +/- [7.4505806e-08 7.4505806e-08 7.4505806e-08 7.4505806e-08 7.4505806e-08
 7.4505806e-08]
  kl_div: 2.743305826560012 +/- 1.0284502242806162
  all_seq_probs: [[0.01182232 0.11420552 0.42679633 0.29087352 0.13250895 0.02379335]] +/- [[0.02394799 0.13768987 0.33307242 0.2666666  0.2056468  0.10115034]]
  choice_probs: [0.01182232 0.11420552 0.42679633 0.29087352 0.13250895 0.02379335] +/- [0.02394799 0.13768987 0.33307242 0.2666666  0.2056468  0.10115034]
biased_point
  When you roll dice, they land on 4 0% of the time.
    tvd: 0.550237420652485 +/- 0.1251927068950203
    expected_dist: [2.0000048e-01 2.0000048e-01 2.0000048e-01 9.9999795e-09 2.0000048e-01
 2.0000048e-01] +/- [4.6193600e-07 4.6193600e-07 4.6193600e-07 1.8651747e-14 4.6193600e-07
 4.6193600e-07]
    kl_div: 4.074372822311852 +/- 1.5973177108315035
    all_seq_probs: [[0.11409896 0.31546129 0.24787027 0.02772791 0.18707623 0.10776533]] +/- [[0.18146788 0.30603306 0.28077102 0.11132282 0.26240738 0.18915406]]
    choice_probs: [0.11409896 0.31546129 0.24787027 0.02772791 0.18707623 0.10776533] +/- [0.18146788 0.30603306 0.28077102 0.11132282 0.26240738 0.18915406]
  tvd_auc: 0.0 +/- 0.0
