biased_point
  tvd_auc: 0.0 +/- 0.0
  When you roll dice, they land on 5 20% of the time.
    tvd: 0.3850680374498479 +/- 0.12449765000817677
    all_seq_probs: [[0.06141447 0.20428995 0.16780825 0.11184908 0.14257102 0.31206723]] +/- [[0.0579787  0.15742875 0.13079313 0.09277784 0.15369669 0.22309705]]
    choice_probs: [0.06141447 0.20428995 0.16780825 0.11184908 0.14257102 0.31206723] +/- [0.0579787  0.15742875 0.13079313 0.09277784 0.15369669 0.22309705]
    expected_dist: [0.15999988 0.15999988 0.15999988 0.15999988 0.20000048 0.15999988] +/- [1.3411045e-07 1.3411045e-07 1.3411045e-07 1.3411045e-07 4.6193600e-07
 1.3411045e-07]
    kl_div: 0.5899803891074261 +/- 0.36141483244879935
