biased_point
  When I flip coins they land on heads 80% of the time.
    expected_dist: [0.7999996 0.1999999] +/- [4.1723251e-07 1.1920929e-07]
    kl_div: 0.07105338743887842 +/- 0.10547550769089019
    tvd: 0.1365524949878454 +/- 0.11340611140768914
    choice_probs: [0.67622304 0.32377696] +/- [0.12722734 0.12722734]
    all_seq_probs: [[0.67622304 0.32377696]] +/- [[0.12722734 0.12722734]]
  tvd_auc: 0.0 +/- 0.0
unconditional_point
  expected_dist: [0.5 0.5] +/- [0. 0.]
  kl_div: 0.12287255942821503 +/- 0.13366582520871537
  tvd: 0.19494195759296418 +/- 0.10208125960381687
  choice_probs: [0.67929723 0.32070277] +/- [0.12757528 0.12757529]
  all_seq_probs: [[0.67929723 0.32070277]] +/- [[0.12757528 0.12757529]]
