biased_point
  When I flip coins they land on heads 100% of the time.
    choice_probs: [9.99859245e-01 1.40776213e-04] +/- [0.00011453 0.00011453]
    tvd: 0.0001407606948877138 +/- 0.00011452930728618432
    kl_div: 0.00014067761470769823 +/- 0.00011457355676030861
    expected_dist: [1.0000000e+00 1.0000003e-08] +/- [0.000000e+00 4.440892e-15]
    all_seq_probs: [[9.99859245e-01 1.40776213e-04]] +/- [[0.00011453 0.00011453]]
  tvd_auc: 0.0 +/- 0.0
unconditional_point
  choice_probs: [9.99598155e-01 4.01873309e-04] +/- [0.0002415 0.0002415]
  tvd: 0.4995981408561784 +/- 0.0002415018726157954
  kl_div: 3.2960047620534896 +/- 0.2806592441591828
  expected_dist: [0.5 0.5] +/- [0. 0.]
  all_seq_probs: [[9.99598155e-01 4.01873309e-04]] +/- [[0.0002415 0.0002415]]
