biased_point
  When you flip coins, they land on heads 20% of the time.
    all_seq_probs: [[0.32646498 0.67353503]] +/- [[0.1545348  0.15453478]]
    tvd: 0.14954567919671535 +/- 0.13232717019185367
    expected_dist: [0.20000048 0.8000019 ] +/- [4.6193600e-07 1.9073486e-06]
    kl_div: 0.09064825340360404 +/- 0.1490151916986719
    choice_probs: [0.32646498 0.67353503] +/- [0.1545348  0.15453478]
  tvd_auc: 0.0 +/- 0.0
unconditional_point
  all_seq_probs: [[0.37884356 0.62115645]] +/- [[0.20194611 0.20194611]]
  tvd: 0.19788506858050822 +/- 0.12768169782554167
  expected_dist: [0.5 0.5] +/- [0. 0.]
  kl_div: 0.1507916061282158 +/- 0.17165408764659051
  choice_probs: [0.37884356 0.62115645] +/- [0.20194611 0.20194611]
