biased_point
  tvd_auc: 0.0 +/- 0.0
  When I roll dice, they land on 2 40% of the time.
    all_seq_probs: [[0.15133634 0.32035448 0.14646724 0.1451673  0.12195775 0.1147169 ]] +/- [[0.02890744 0.0674977  0.02095558 0.01861593 0.01881838 0.02328052]]
    choice_probs: [0.15133634 0.32035448 0.14646724 0.1451673  0.12195775 0.1147169 ] +/- [0.02890744 0.0674977  0.02095558 0.01861593 0.01881838 0.02328052]
    kl_div: 0.034661979514639826 +/- 0.021174100186670118
    expected_dist: [0.11999992 0.3999998  0.11999992 0.11999992 0.11999992 0.11999992] +/- [7.4505806e-08 2.3841858e-07 7.4505806e-08 7.4505806e-08 7.4505806e-08
 7.4505806e-08]
    tvd: 0.11004992462694645 +/- 0.039695758781109314
