unconditional_point
  tvd: 0.41394445298155186 +/- 0.1060282920729114
  all_seq_probs: [[0.02557772 0.23753632 0.19847057 0.19949468 0.27463475 0.06428595]] +/- [[0.01652532 0.24319146 0.13486932 0.13169611 0.18207924 0.06321565]]
  choice_probs: [0.02557772 0.23753632 0.19847057 0.19949468 0.27463475 0.06428595] +/- [0.01652532 0.24319146 0.13486932 0.13169611 0.18207924 0.06321565]
  expected_dist: [0.16666676 0.16666676 0.16666676 0.16666676 0.16666676 0.16666676] +/- [7.4505806e-08 7.4505806e-08 7.4505806e-08 7.4505806e-08 7.4505806e-08
 7.4505806e-08]
  kl_div: 0.8861777282608673 +/- 0.4076122485832176
biased_point
  tvd_auc: 0.0 +/- 0.0
  When you roll dice, they land on 1 20% of the time.
    tvd: 0.311171141911298 +/- 0.1241120464240491
    all_seq_probs: [[0.16651207 0.18269943 0.16367859 0.15173937 0.21103024 0.1243403 ]] +/- [[0.15294751 0.19368812 0.13582006 0.09184102 0.13473764 0.07758681]]
    choice_probs: [0.16651207 0.18269943 0.16367859 0.15173937 0.21103024 0.1243403 ] +/- [0.15294751 0.19368812 0.13582006 0.09184102 0.13473764 0.07758681]
    expected_dist: [0.20000048 0.15999988 0.15999988 0.15999988 0.15999988 0.15999988] +/- [4.4703484e-07 1.6391277e-07 1.6391277e-07 1.6391277e-07 1.6391277e-07
 1.6391277e-07]
    kl_div: 0.4007025896923151 +/- 0.2917122861932905
