biased_point
  tvd_auc: 0.0 +/- 0.0
  When I roll dice, they land on 5 80% of the time.
    kl_div: 0.2099109108716948 +/- 0.19515751633046127
    choice_probs: [0.06841615 0.07556184 0.08893425 0.09046647 0.62210945 0.05451185] +/- [0.05023892 0.07328847 0.06122438 0.04846014 0.21972637 0.04123884]
    all_seq_probs: [[0.06841615 0.07556184 0.08893425 0.09046647 0.62210945 0.05451185]] +/- [[0.05023892 0.07328847 0.06122438 0.04846014 0.21972637 0.04123884]]
    tvd: 0.24987947325222193 +/- 0.13890150572844331
    expected_dist: [0.03999999 0.03999999 0.03999999 0.03999999 0.7999996  0.03999999] +/- [2.2351742e-08 2.2351742e-08 2.2351742e-08 2.2351742e-08 4.1723251e-07
 2.2351742e-08]
