unconditional_point
  kl_div: 0.13105985909700393 +/- 0.0750108492432983
  all_seq_probs: [[0.27311943 0.72688055]] +/- [[0.0637321 0.0637321]]
  tvd: 0.2268805591762066 +/- 0.06373210238143588
  choice_probs: [0.27311943 0.72688055] +/- [0.0637321 0.0637321]
  expected_dist: [0.5 0.5] +/- [0. 0.]
biased_point
  When I flip coins they land on heads 0% of the time.
    kl_div: 0.507491193744525 +/- 0.06913478013510897
    all_seq_probs: [[0.39657877 0.60342124]] +/- [[0.0407297  0.04072968]]
    tvd: 0.39657875961744393 +/- 0.04072969434028929
    choice_probs: [0.39657877 0.60342124] +/- [0.0407297  0.04072968]
    expected_dist: [1.0000003e-08 1.0000000e+00] +/- [4.440892e-15 0.000000e+00]
  tvd_auc: 0.0 +/- 0.0
