biased_point
  When I roll dice, they land on 6 20% of the time.
    tvd: 0.16621960647404194 +/- 0.10102830007369519
    all_seq_probs: [[0.14853601 0.14187547 0.17055118 0.1608987  0.14673983 0.23139882]] +/- [[0.07034962 0.06898207 0.08437696 0.06073192 0.08423595 0.08468044]]
    kl_div: 0.10110604759014677 +/- 0.12175749153990412
    expected_dist: [0.15999995 0.15999995 0.15999995 0.15999995 0.15999995 0.1999999 ] +/- [8.9406967e-08 8.9406967e-08 8.9406967e-08 8.9406967e-08 8.9406967e-08
 1.3411045e-07]
    choice_probs: [0.14853601 0.14187547 0.17055118 0.1608987  0.14673983 0.23139882] +/- [0.07034962 0.06898207 0.08437696 0.06073192 0.08423595 0.08468044]
  tvd_auc: 0.0 +/- 0.0
