biased_point
  When you roll dice, they land on 5 100% of the time.
    choice_probs: [0.00223149 0.00691743 0.01113866 0.01483425 0.9635531  0.00132509] +/- [0.00230939 0.01011775 0.0143593  0.01337203 0.03962901 0.00119899]
    expected_dist: [9.9999795e-09 9.9999795e-09 9.9999795e-09 9.9999795e-09 1.0000000e+00
 9.9999795e-09] +/- [1.8651747e-14 1.8651747e-14 1.8651747e-14 1.8651747e-14 0.0000000e+00
 1.8651747e-14]
    tvd: 0.0364468836276195 +/- 0.03962900889613467
    kl_div: 0.038013868014409494 +/- 0.04262738596896907
    all_seq_probs: [[0.00223149 0.00691743 0.01113866 0.01483425 0.9635531  0.00132509]] +/- [[0.00230939 0.01011775 0.0143593  0.01337203 0.03962901 0.00119899]]
  tvd_auc: 0.0 +/- 0.0
