biased_point
  When I roll dice, they land on 1 0% of the time.
    expected_dist: [1.0000003e-08 1.9999990e-01 1.9999990e-01 1.9999990e-01 1.9999990e-01
 1.9999990e-01] +/- [4.4408921e-15 1.1920929e-07 1.1920929e-07 1.1920929e-07 1.1920929e-07
 1.1920929e-07]
    kl_div: 0.04019520796228534 +/- 0.017486140740924274
    choice_probs: [0.01994162 0.16860094 0.17576741 0.19660267 0.20828713 0.23080024] +/- [0.00661806 0.0404137  0.0201841  0.03424875 0.02329405 0.03600553]
    tvd: 0.08649459524666135 +/- 0.03332343447546518
    all_seq_probs: [[0.01994162 0.16860094 0.17576741 0.19660267 0.20828713 0.23080024]] +/- [[0.00661806 0.0404137  0.0201841  0.03424875 0.02329405 0.03600553]]
  tvd_auc: 0.0 +/- 0.0
