biased_point
  tvd_auc: 0.0 +/- 0.0
  When I roll dice, they land on 4 60% of the time.
    tvd: 0.35662583670578896 +/- 0.08631433164453838
    expected_dist: [0.07999997 0.07999997 0.07999997 0.60000026 0.07999997 0.07999997] +/- [2.9802322e-08 2.9802322e-08 2.9802322e-08 2.3841858e-07 2.9802322e-08
 2.9802322e-08]
    kl_div: 0.36860908203409054 +/- 0.21696286248118887
    all_seq_probs: [[0.07672027 0.08848913 0.10500947 0.30761223 0.12619537 0.29597353]] +/- [[0.05435538 0.05194515 0.05426661 0.10799596 0.06298318 0.11539693]]
    choice_probs: [0.07672027 0.08848913 0.10500947 0.30761223 0.12619537 0.29597353] +/- [0.05435538 0.05194515 0.05426661 0.10799596 0.06298318 0.11539693]
