biased_point
  When you roll dice, they land on 5 0% of the time.
    expected_dist: [2.0000048e-01 2.0000048e-01 2.0000048e-01 2.0000048e-01 9.9999795e-09
 2.0000048e-01] +/- [4.6193600e-07 4.6193600e-07 4.6193600e-07 4.6193600e-07 1.8651747e-14
 4.6193600e-07]
    all_seq_probs: [[0.3365859  0.18593648 0.1480524  0.09921002 0.17097353 0.05924168]] +/- [[0.35544163 0.34407574 0.26869876 0.18737324 0.23483681 0.10607896]]
    kl_div: 2.9988022499576257 +/- 1.8364477536096773
    choice_probs: [0.3365859  0.18593648 0.1480524  0.09921002 0.17097353 0.05924168] +/- [0.35544163 0.34407574 0.26869876 0.18737324 0.23483681 0.10607896]
    tvd: 0.656796001716647 +/- 0.14944905934654257
  tvd_auc: 0.0 +/- 0.0
