biased_point
  When I roll dice, they land on 4 80% of the time.
    expected_dist: [0.03999999 0.03999999 0.03999999 0.7999996  0.03999999 0.03999999] +/- [2.2351742e-08 2.2351742e-08 2.2351742e-08 4.1723251e-07 2.2351742e-08
 2.2351742e-08]
    tvd: 0.19885599030647427 +/- 0.10866437458446349
    kl_div: 0.16345712675421964 +/- 0.12030993027316265
    choice_probs: [0.06006276 0.05930171 0.06833358 0.65701389 0.07239949 0.08288855] +/- [0.06358235 0.04463007 0.048533   0.15505258 0.05576347 0.05011338]
    all_seq_probs: [[0.06006276 0.05930171 0.06833358 0.65701389 0.07239949 0.08288855]] +/- [[0.06358235 0.04463007 0.048533   0.15505258 0.05576347 0.05011338]]
  tvd_auc: 0.0 +/- 0.0
