biased_point
  When you roll dice, they land on 2 0% of the time.
    kl_div: 2.6279988143556063 +/- 1.0796634261688753
    expected_dist: [2.0000048e-01 9.9999795e-09 2.0000048e-01 2.0000048e-01 2.0000048e-01
 2.0000048e-01] +/- [4.6193600e-07 1.8651747e-14 4.6193600e-07 4.6193600e-07 4.6193600e-07
 4.6193600e-07]
    tvd: 0.6723253629156631 +/- 0.12818772990926128
    all_seq_probs: [[0.08630662 0.44778326 0.09903508 0.05188488 0.04631743 0.26867273]] +/- [[0.1432575  0.26026334 0.15708264 0.10067449 0.08842151 0.26178719]]
    choice_probs: [0.08630662 0.44778326 0.09903508 0.05188488 0.04631743 0.26867273] +/- [0.1432575  0.26026334 0.15708264 0.10067449 0.08842151 0.26178719]
  tvd_auc: 0.0 +/- 0.0
