unconditional_point
  tvd: 0.3778847487643361 +/- 0.057982199628019745
  choice_probs: [0.87788475 0.12211525] +/- [0.0579822 0.0579822]
  kl_div: 0.47690260648727417 +/- 0.19575335600750618
  all_seq_probs: [[0.87788475 0.12211525]] +/- [[0.0579822 0.0579822]]
  expected_dist: [0.5 0.5] +/- [0. 0.]
biased_point
  When I flip coins they land on heads 100% of the time.
    tvd: 0.09556053179436538 +/- 0.030594550466701377
    choice_probs: [0.90443946 0.09556054] +/- [0.03059454 0.03059456]
    kl_div: 0.10101962592768331 +/- 0.03417181005697479
    all_seq_probs: [[0.90443946 0.09556054]] +/- [[0.03059454 0.03059456]]
    expected_dist: [1.0000000e+00 1.0000003e-08] +/- [0.000000e+00 4.440892e-15]
  tvd_auc: 0.0 +/- 0.0
