unconditional_point
  kl_div: 0.10519757651170948 +/- 0.12265084693212867
  tvd: 0.18023588858544826 +/- 0.09677689042631824
  expected_dist: [0.16666663 0.16666663 0.16666663 0.16666663 0.16666663 0.16666663] +/- [5.9604645e-08 5.9604645e-08 5.9604645e-08 5.9604645e-08 5.9604645e-08
 5.9604645e-08]
  choice_probs: [0.15246136 0.17719681 0.18632813 0.15969346 0.16414873 0.16017149] +/- [0.06528813 0.12306334 0.05645971 0.06537113 0.06221955 0.07438267]
  all_seq_probs: [[0.15246136 0.17719681 0.18632813 0.15969346 0.16414873 0.16017149]] +/- [[0.06528813 0.12306334 0.05645971 0.06537113 0.06221955 0.07438267]]
biased_point
  tvd_auc: 0.0 +/- 0.0
  When I roll dice, they land on 2 20% of the time.
    kl_div: 0.09324375970172696 +/- 0.10606099835460428
    tvd: 0.16262564552947878 +/- 0.08543602215824063
    expected_dist: [0.15999995 0.1999999  0.15999995 0.15999995 0.15999995 0.15999995] +/- [8.9406967e-08 1.3411045e-07 8.9406967e-08 8.9406967e-08 8.9406967e-08
 8.9406967e-08]
    choice_probs: [0.13529349 0.21289541 0.18759818 0.16117073 0.15185994 0.15118226] +/- [0.05078246 0.11476414 0.05417508 0.06215943 0.05930038 0.0635615 ]
    all_seq_probs: [[0.13529349 0.21289541 0.18759818 0.16117073 0.15185994 0.15118226]] +/- [[0.05078246 0.11476414 0.05417508 0.06215943 0.05930038 0.0635615 ]]
