unconditional_point
  kl_div: 0.03774039477109909 +/- 0.03329635100866702
  all_seq_probs: [[0.6143954  0.38560461]] +/- [[0.0676946  0.06769462]]
  expected_dist: [0.5 0.5] +/- [0. 0.]
  tvd: 0.11689214706420899 +/- 0.06328580053170374
  choice_probs: [0.6143954  0.38560461] +/- [0.0676946  0.06769462]
biased_point
  tvd_auc: 0.0 +/- 0.0
  When I flip coins they land on heads 100% of the time.
    kl_div: 0.16057959800584512 +/- 0.04505549375676648
    all_seq_probs: [[0.85250493 0.14749508]] +/- [[0.0377696 0.0377696]]
    expected_dist: [1.0000000e+00 1.0000003e-08] +/- [0.000000e+00 4.440892e-15]
    tvd: 0.14749507009172055 +/- 0.037769597265535096
    choice_probs: [0.85250493 0.14749508] +/- [0.0377696 0.0377696]
