biased_point
  When I roll dice, they land on 2 0% of the time.
    kl_div: 0.44049582898032325 +/- 0.17410226807334506
    expected_dist: [1.9999990e-01 1.0000003e-08 1.9999990e-01 1.9999990e-01 1.9999990e-01
 1.9999990e-01] +/- [1.1920929e-07 4.4408921e-15 1.1920929e-07 1.1920929e-07 1.1920929e-07
 1.1920929e-07]
    choice_probs: [0.13995162 0.25879913 0.1665216  0.11864694 0.13399073 0.18208998] +/- [0.06014385 0.09703497 0.09052848 0.04142606 0.06758768 0.11472779]
    tvd: 0.3283411030949017 +/- 0.08743154450213067
    all_seq_probs: [[0.13995162 0.25879913 0.1665216  0.11864694 0.13399073 0.18208998]] +/- [[0.06014385 0.09703497 0.09052848 0.04142606 0.06758768 0.11472779]]
  tvd_auc: 0.0 +/- 0.0
