unconditional_point
  expected_dist: [0.16666663 0.16666663 0.16666663 0.16666663 0.16666663 0.16666663] +/- [5.9604645e-08 5.9604645e-08 5.9604645e-08 5.9604645e-08 5.9604645e-08
 5.9604645e-08]
  all_seq_probs: [[0.1404677  0.06904909 0.24633738 0.23101714 0.19639569 0.11673299]] +/- [[0.01535991 0.01736307 0.02486635 0.01889153 0.01961354 0.02134112]]
  tvd: 0.17575355473905802 +/- 0.03912198421341453
  kl_div: 0.09968652823939919 +/- 0.044563313889800525
  choice_probs: [0.1404677  0.06904909 0.24633738 0.23101714 0.19639569 0.11673299] +/- [0.01535991 0.01736307 0.02486635 0.01889153 0.01961354 0.02134112]
biased_point
  When I roll dice, they land on 2 100% of the time.
    expected_dist: [1.0000003e-08 1.0000000e+00 1.0000003e-08 1.0000003e-08 1.0000003e-08
 1.0000003e-08] +/- [4.440892e-15 0.000000e+00 4.440892e-15 4.440892e-15 4.440892e-15
 4.440892e-15]
    all_seq_probs: [[0.12032539 0.46841195 0.14415303 0.1363974  0.07769285 0.05301937]] +/- [[0.0571748  0.28158293 0.08374283 0.06998795 0.0543842  0.032506  ]]
    tvd: 0.5315880244378554 +/- 0.281582932658868
    kl_div: 1.0083798451171486 +/- 0.7761781949357899
    choice_probs: [0.12032539 0.46841195 0.14415303 0.1363974  0.07769285 0.05301937] +/- [0.0571748  0.28158293 0.08374283 0.06998795 0.0543842  0.032506  ]
  tvd_auc: 0.0 +/- 0.0
