biased_point
  tvd_auc: 0.0 +/- 0.0
  When you roll dice, they land on 3 60% of the time.
    expected_dist: [0.07999994 0.07999994 0.6        0.07999994 0.07999994 0.07999994] +/- [8.1956387e-08 8.1956387e-08 5.9604645e-08 8.1956387e-08 8.1956387e-08
 8.1956387e-08]
    tvd: 0.4306493726777844 +/- 0.19028508897906643
    kl_div: 1.215272762662964 +/- 1.039683734027004
    choice_probs: [0.06505703 0.01617975 0.60818943 0.06817691 0.05340815 0.19005049] +/- [0.10020469 0.03173782 0.37409568 0.18757783 0.16321232 0.24499982]
    all_seq_probs: [[0.06505703 0.01617975 0.60818943 0.06817691 0.05340815 0.19005049]] +/- [[0.10020469 0.03173782 0.37409568 0.18757783 0.16321232 0.24499982]]
