biased_point
  When I flip coins they land on heads 10% of the time.
    kl_div: 1.3477866125106812 +/- 0.66114106216519
    expected_dist: [0.09999995 0.9000002 ] +/- [5.2154064e-08 2.3841858e-07]
    all_seq_probs: [[0.79410156 0.20701904]] +/- [[0.14410097 0.14342771]]
    tvd: 0.6935412470996379 +/- 0.14374661176772646
    choice_probs: [0.79410156 0.20701904] +/- [0.14410097 0.14342771]
  tvd_auc: 0.0 +/- 0.0
