biased_point
  When I roll dice, they land on 3 0% of the time.
    kl_div: 0.20666967552420773 +/- 0.053580997997244945
    tvd: 0.19989953681015585 +/- 0.04380106651407749
    all_seq_probs: [[0.14950102 0.15948055 0.14017019 0.17114263 0.19264317 0.18706246]] +/- [[0.05659338 0.05325654 0.0244091  0.05337897 0.05249241 0.0508462 ]]
    expected_dist: [1.9999990e-01 1.9999990e-01 1.0000003e-08 1.9999990e-01 1.9999990e-01
 1.9999990e-01] +/- [1.1920929e-07 1.1920929e-07 4.4408921e-15 1.1920929e-07 1.1920929e-07
 1.1920929e-07]
    choice_probs: [0.14950102 0.15948055 0.14017019 0.17114263 0.19264317 0.18706246] +/- [0.05659338 0.05325654 0.0244091  0.05337897 0.05249241 0.0508462 ]
  tvd_auc: 0.0 +/- 0.0
