biased_point
  When I roll dice, they land on 4 20% of the time.
    all_seq_probs: [[0.15379555 0.16547265 0.18089743 0.1850482  0.16831596 0.1464702 ]] +/- [[0.03715273 0.04033802 0.02026906 0.03236636 0.03899113 0.03587528]]
    choice_probs: [0.15379555 0.16547265 0.18089743 0.1850482  0.16831596 0.1464702 ] +/- [0.03715273 0.04033802 0.02026906 0.03236636 0.03899113 0.03587528]
    kl_div: 0.026815327186523064 +/- 0.04129133534136714
    expected_dist: [0.15999994 0.15999994 0.15999994 0.1999999  0.15999994 0.15999994] +/- [7.4505806e-08 7.4505806e-08 7.4505806e-08 1.1920929e-07 7.4505806e-08
 7.4505806e-08]
    tvd: 0.08459532309323549 +/- 0.042150510528091045
  tvd_auc: 0.0 +/- 0.0
