biased_point
  When I roll dice, they land on 6 60% of the time.
    choice_probs: [0.10773393 0.08565438 0.10452138 0.10218688 0.14041562 0.45948781] +/- [0.08971989 0.05108405 0.05793085 0.0503229  0.066902   0.18354281]
    kl_div: 0.20836209991713986 +/- 0.2179050214315494
    expected_dist: [0.07999997 0.07999997 0.07999997 0.07999997 0.07999997 0.60000026] +/- [2.9802322e-08 2.9802322e-08 2.9802322e-08 2.9802322e-08 2.9802322e-08
 2.3841858e-07]
    tvd: 0.23504846825730055 +/- 0.10484288145238677
    all_seq_probs: [[0.10773393 0.08565438 0.10452138 0.10218688 0.14041562 0.45948781]] +/- [[0.08971989 0.05108405 0.05793085 0.0503229  0.066902   0.18354281]]
  tvd_auc: 0.0 +/- 0.0
