biased_point
  When I roll dice, they land on 3 40% of the time.
    kl_div: 0.08043650135048665 +/- 0.06320213146227217
    expected_dist: [0.11999992 0.11999992 0.3999998  0.11999992 0.11999992 0.11999992] +/- [7.4505806e-08 7.4505806e-08 2.3841858e-07 7.4505806e-08 7.4505806e-08
 7.4505806e-08]
    choice_probs: [0.12809666 0.14475061 0.28395342 0.16623711 0.15889038 0.11807183] +/- [0.05252541 0.03800529 0.07181947 0.05624515 0.04735257 0.03968784]
    all_seq_probs: [[0.12809666 0.14475061 0.28395342 0.16623711 0.15889038 0.11807183]] +/- [[0.05252541 0.03800529 0.07181947 0.05624515 0.04735257 0.03968784]]
    tvd: 0.15775202106684447 +/- 0.06449630570341963
  tvd_auc: 0.0 +/- 0.0
