unconditional_point
  kl_div: 0.09702493115473772 +/- 0.15927053280997183
  tvd: 0.14336167900823057 +/- 0.1034550683878052
  all_seq_probs: [[0.18104113 0.18445317 0.18905587 0.17448325 0.15747782 0.11348876]] +/- [[0.05736295 0.09409248 0.08998682 0.05107889 0.05630056 0.05189817]]
  expected_dist: [0.16666663 0.16666663 0.16666663 0.16666663 0.16666663 0.16666663] +/- [5.9604645e-08 5.9604645e-08 5.9604645e-08 5.9604645e-08 5.9604645e-08
 5.9604645e-08]
  choice_probs: [0.18104113 0.18445317 0.18905587 0.17448325 0.15747782 0.11348876] +/- [0.05736295 0.09409248 0.08998682 0.05107889 0.05630056 0.05189817]
biased_point
  tvd_auc: 0.0 +/- 0.0
  When I roll dice, they land on 2 40% of the time.
    kl_div: 0.21302993792109193 +/- 0.17845385645138304
    tvd: 0.25704894952476026 +/- 0.09018413908541388
    all_seq_probs: [[0.14416233 0.2529179  0.14627329 0.22711724 0.1148678  0.11466146]] +/- [[0.06242793 0.13059562 0.09614811 0.09772265 0.06776034 0.07262472]]
    expected_dist: [0.11999992 0.3999998  0.11999992 0.11999992 0.11999992 0.11999992] +/- [7.4505806e-08 2.3841858e-07 7.4505806e-08 7.4505806e-08 7.4505806e-08
 7.4505806e-08]
    choice_probs: [0.14416233 0.2529179  0.14627329 0.22711724 0.1148678  0.11466146] +/- [0.06242793 0.13059562 0.09614811 0.09772265 0.06776034 0.07262472]
