unconditional_point
  kl_div: 0.3867409662604332 +/- 0.35438336928153763
  choice_probs: [0.71013222 0.28986778] +/- [0.2565658 0.2565658]
  tvd: 0.3042732208967209 +/- 0.13190665337019267
  expected_dist: [0.5 0.5] +/- [0. 0.]
  all_seq_probs: [[0.71013222 0.28986778]] +/- [[0.2565658 0.2565658]]
biased_point
  tvd_auc: 0.0 +/- 0.0
  When you flip coins, they land on heads 10% of the time.
    kl_div: 1.233616987146437 +/- 0.9003536981519741
    choice_probs: [0.72758432 0.27241568] +/- [0.2071515  0.20715149]
    tvd: 0.6275843060100451 +/- 0.20715149407569755
    expected_dist: [0.10000024 0.899998  ] +/- [2.3841858e-07 1.9669533e-06]
    all_seq_probs: [[0.72758432 0.27241568]] +/- [[0.2071515  0.20715149]]
