biased_point
  tvd_auc: 0.0 +/- 0.0
  When you flip coins, they land on heads 80% of the time.
    kl_div: 0.4630920469923876 +/- 0.5700906850891796
    tvd: 0.3190765576446429 +/- 0.21799621575459116
    choice_probs: [0.57910855 0.42089145] +/- [0.31707912 0.31707912]
    expected_dist: [0.8000019  0.20000048] +/- [1.9073486e-06 4.6193600e-07]
    all_seq_probs: [[0.57910855 0.42089145]] +/- [[0.31707912 0.31707912]]
unconditional_point
  kl_div: 1.3926226008534432 +/- 0.5725188618051137
  tvd: 0.4650728238221491 +/- 0.06092917040154727
  choice_probs: [0.23176613 0.76823387] +/- [0.38478005 0.38478005]
  expected_dist: [0.5 0.5] +/- [0. 0.]
  all_seq_probs: [[0.23176613 0.76823387]] +/- [[0.38478005 0.38478005]]
