biased_point
  When I roll dice, they land on 5 60% of the time.
    all_seq_probs: [[0.10945255 0.1218156  0.15120206 0.14030468 0.36334607 0.11387904]] +/- [[0.05044022 0.07927625 0.07229856 0.06737665 0.20794594 0.06132055]]
    kl_div: 0.26891489980742334 +/- 0.16228145857725268
    tvd: 0.3088645342644304 +/- 0.10943347616935863
    choice_probs: [0.10945255 0.1218156  0.15120206 0.14030468 0.36334607 0.11387904] +/- [0.05044022 0.07927625 0.07229856 0.06737665 0.20794594 0.06132055]
    expected_dist: [0.07999997 0.07999997 0.07999997 0.07999997 0.60000026 0.07999997] +/- [2.9802322e-08 2.9802322e-08 2.9802322e-08 2.9802322e-08 2.3841858e-07
 2.9802322e-08]
  tvd_auc: 0.0 +/- 0.0
