biased_point
  When I flip coins they land on heads 40% of the time.
    choice_probs: [0.74203125 0.26219364] +/- [0.24784836 0.25158246]
    tvd: 0.33991879820823667 +/- 0.24971540868210343
    expected_dist: [0.3999998  0.60000026] +/- [2.3841858e-07 2.3841858e-07]
    all_seq_probs: [[0.74203125 0.26219364]] +/- [[0.24784836 0.25158246]]
    kl_div: 1.9842072069644927 +/- 2.0542868552162066
  tvd_auc: 0.0 +/- 0.0
