unconditional_point
  all_seq_probs: [[0.45569639 0.54430362]] +/- [[0.15089317 0.15089317]]
  tvd: 0.12748167535662652 +/- 0.09208681883811459
  choice_probs: [0.45569639 0.54430362] +/- [0.15089317 0.15089317]
  kl_div: 0.05791228020191193 +/- 0.08154579087634428
  expected_dist: [0.5 0.5] +/- [0. 0.]
biased_point
  tvd_auc: 0.0 +/- 0.0
  When you flip coins, they land on heads 0% of the time.
    all_seq_probs: [[0.06067065 0.93932937]] +/- [[0.03529428 0.03529428]]
    tvd: 0.06067063369536015 +/- 0.035294276962607264
    choice_probs: [0.06067065 0.93932937] +/- [0.03529428 0.03529428]
    kl_div: 0.06332121801165147 +/- 0.03862873983898079
    expected_dist: [9.9999795e-09 1.0000000e+00] +/- [1.8651747e-14 0.0000000e+00]
