biased_point
  tvd_auc: 0.0 +/- 0.0
  When I roll dice, they land on 5 20% of the time.
    expected_dist: [0.15999994 0.15999994 0.15999994 0.15999994 0.1999999  0.15999994] +/- [7.4505806e-08 7.4505806e-08 7.4505806e-08 7.4505806e-08 1.1920929e-07
 7.4505806e-08]
    kl_div: 0.1076565874973312 +/- 0.0959873403437189
    all_seq_probs: [[0.13541206 0.16986987 0.17722967 0.15289201 0.21572097 0.14887541]] +/- [[0.06099346 0.07856891 0.0653335  0.05981084 0.10785406 0.06026074]]
    choice_probs: [0.13541206 0.16986987 0.17722967 0.15289201 0.21572097 0.14887541] +/- [0.06099346 0.07856891 0.0653335  0.05981084 0.10785406 0.06026074]
    tvd: 0.17776188381016256 +/- 0.08240874485266955
