biased_point
  When I flip coins they land on heads 0% of the time.
    kl_div: 2.8374998165745575 +/- 0.6506532168570688
    tvd: 0.9268975780078137 +/- 0.05642528247513775
    choice_probs: [0.92679687 0.07300171] +/- [0.05707837 0.05593122]
    all_seq_probs: [[0.92679687 0.07300171]] +/- [[0.05707837 0.05593122]]
    expected_dist: [1.0000003e-08 1.0000000e+00] +/- [4.440892e-15 0.000000e+00]
  tvd_auc: 0.0 +/- 0.0
