biased_point
  tvd_auc: 0.0 +/- 0.0
  When you flip coins, they land on heads 20% of the time.
    all_seq_probs: [[0.73130081 0.26869919]] +/- [[0.31233829 0.31233829]]
    tvd: 0.5470944299609208 +/- 0.283766518920625
    kl_div: 2.0489503442333663 +/- 2.1850132587943323
    expected_dist: [0.20000048 0.8000019 ] +/- [4.6193600e-07 1.9073486e-06]
    choice_probs: [0.73130081 0.26869919] +/- [0.31233829 0.31233829]
unconditional_point
  all_seq_probs: [[0.89610416 0.10389584]] +/- [[0.21914739 0.21914739]]
  tvd: 0.44254179714967906 +/- 0.09529343921274437
  kl_div: 2.168864585638046 +/- 1.630602103151955
  expected_dist: [0.5 0.5] +/- [0. 0.]
  choice_probs: [0.89610416 0.10389584] +/- [0.21914739 0.21914739]
