biased_point
  When you roll dice, they land on 3 0% of the time.
    all_seq_probs: [[0.14600277 0.21785123 0.04522123 0.25470902 0.04369822 0.29251754]] +/- [[0.20769446 0.30253194 0.10575736 0.32876751 0.14624569 0.37114433]]
    expected_dist: [2.0000048e-01 2.0000048e-01 9.9999795e-09 2.0000048e-01 2.0000048e-01
 2.0000048e-01] +/- [4.6193600e-07 4.6193600e-07 1.8651747e-14 4.6193600e-07 4.6193600e-07
 4.6193600e-07]
    tvd: 0.619966381393313 +/- 0.11388243145050575
    choice_probs: [0.14600277 0.21785123 0.04522123 0.25470902 0.04369822 0.29251754] +/- [0.20769446 0.30253194 0.10575736 0.32876751 0.14624569 0.37114433]
    kl_div: 6.277343593201062 +/- 2.7069493137252345
  tvd_auc: 0.0 +/- 0.0
