biased_point
  tvd_auc: 0.0 +/- 0.0
  When I roll dice, they land on 1 0% of the time.
    kl_div: 0.015171504026282605 +/- 0.012430903220795264
    expected_dist: [1.0000003e-08 1.9999990e-01 1.9999990e-01 1.9999990e-01 1.9999990e-01
 1.9999990e-01] +/- [4.4408921e-15 1.1920929e-07 1.1920929e-07 1.1920929e-07 1.1920929e-07
 1.1920929e-07]
    choice_probs: [0.0061831  0.20248507 0.19922689 0.20136517 0.19336854 0.19737126] +/- [0.00283845 0.03344666 0.01852691 0.02658619 0.01824415 0.03313693]
    all_seq_probs: [[0.0061831  0.20248507 0.19922689 0.20136517 0.19336854 0.19737126]] +/- [[0.00283845 0.03344666 0.01852691 0.02658619 0.01824415 0.03313693]]
    tvd: 0.05215771922961983 +/- 0.030391296842109585
