biased_point
  tvd_auc: 0.0 +/- 0.0
  When I roll dice, they land on 6 60% of the time.
    choice_probs: [0.09828126 0.08439562 0.097004   0.10516234 0.11458042 0.50057635] +/- [0.05097733 0.02743743 0.0318964  0.03915522 0.03763576 0.11270466]
    kl_div: 0.07378182076034136 +/- 0.06257329770496955
    tvd: 0.14629520013928413 +/- 0.07784929412419468
    all_seq_probs: [[0.09828126 0.08439562 0.097004   0.10516234 0.11458042 0.50057635]] +/- [[0.05097733 0.02743743 0.0318964  0.03915522 0.03763576 0.11270466]]
    expected_dist: [0.07999997 0.07999997 0.07999997 0.07999997 0.07999997 0.60000026] +/- [2.9802322e-08 2.9802322e-08 2.9802322e-08 2.9802322e-08 2.9802322e-08
 2.3841858e-07]
