biased_point
  tvd_auc: 0.0 +/- 0.0
  When I roll dice, they land on 6 20% of the time.
    choice_probs: [0.13910706 0.14893632 0.15584093 0.15329662 0.17239989 0.23041918] +/- [0.05013337 0.06078717 0.06222851 0.04612788 0.06414289 0.09998019]
    kl_div: 0.08865611001325306 +/- 0.15832395149296996
    expected_dist: [0.15999995 0.15999995 0.15999995 0.15999995 0.15999995 0.1999999 ] +/- [8.9406967e-08 8.9406967e-08 8.9406967e-08 8.9406967e-08 8.9406967e-08
 1.3411045e-07]
    all_seq_probs: [[0.13910706 0.14893632 0.15584093 0.15329662 0.17239989 0.23041918]] +/- [[0.05013337 0.06078717 0.06222851 0.04612788 0.06414289 0.09998019]]
    tvd: 0.14205450852401555 +/- 0.10017400690529857
