unconditional_point
  kl_div: 3.5544753144262358 +/- 1.066113801989552
  tvd: 0.6246683495930682 +/- 0.07164858327399463
  expected_dist: [0.16666676 0.16666676 0.16666676 0.16666676 0.16666676 0.16666676] +/- [7.4505806e-08 7.4505806e-08 7.4505806e-08 7.4505806e-08 7.4505806e-08
 7.4505806e-08]
  choice_probs: [0.00164136 0.04734277 0.10947852 0.61894887 0.21557126 0.00701723] +/- [0.00891923 0.14216369 0.20866888 0.22894682 0.14501236 0.01264266]
  all_seq_probs: [[0.00164136 0.04734277 0.10947852 0.61894887 0.21557126 0.00701723]] +/- [[0.00891923 0.14216369 0.20866888 0.22894682 0.14501236 0.01264266]]
biased_point
  When you roll dice, they land on 2 80% of the time.
    kl_div: 1.254842032221175 +/- 1.3735722789003602
    tvd: 0.4576143564737532 +/- 0.292922574068513
    expected_dist: [0.03999997 0.8000019  0.03999997 0.03999997 0.03999997 0.03999997] +/- [4.0978193e-08 1.9669533e-06 4.0978193e-08 4.0978193e-08 4.0978193e-08
 4.0978193e-08]
    choice_probs: [0.02683798 0.46032321 0.1086466  0.13961601 0.02612486 0.23845134] +/- [0.07391019 0.36112804 0.22997398 0.15529853 0.0422669  0.23664269]
    all_seq_probs: [[0.02683798 0.46032321 0.1086466  0.13961601 0.02612486 0.23845134]] +/- [[0.07391019 0.36112804 0.22997398 0.15529853 0.0422669  0.23664269]]
  tvd_auc: 0.0 +/- 0.0
