biased_point
  When you roll dice, they land on 5 0% of the time.
    kl_div: 6.719509751956184 +/- 3.477038523375343
    expected_dist: [2.0000048e-01 2.0000048e-01 2.0000048e-01 2.0000048e-01 9.9999795e-09
 2.0000048e-01] +/- [4.6193600e-07 4.6193600e-07 4.6193600e-07 4.6193600e-07 1.8651747e-14
 4.6193600e-07]
    tvd: 0.6195151131914317 +/- 0.12979963507027376
    choice_probs: [0.16827055 0.30860372 0.12040417 0.12979828 0.00822733 0.26469595] +/- [0.26118958 0.33774294 0.23087544 0.2600861  0.02720581 0.37232742]
    all_seq_probs: [[0.16827055 0.30860372 0.12040417 0.12979828 0.00822733 0.26469595]] +/- [[0.26118958 0.33774294 0.23087544 0.2600861  0.02720581 0.37232742]]
  tvd_auc: 0.0 +/- 0.0
