biased_point
  tvd_auc: 0.0 +/- 0.0
  When I roll dice, they land on 3 100% of the time.
    choice_probs: [0.00406364 0.00209199 0.98829717 0.00237528 0.00118213 0.00198981] +/- [0.00199178 0.00113903 0.00555994 0.00113828 0.00051976 0.00104203]
    tvd: 0.011702813435599051 +/- 0.005559954404265058
    kl_div: 0.011787160708010305 +/- 0.005650636438210456
    expected_dist: [1.0000003e-08 1.0000003e-08 1.0000000e+00 1.0000003e-08 1.0000003e-08
 1.0000003e-08] +/- [4.440892e-15 4.440892e-15 0.000000e+00 4.440892e-15 4.440892e-15
 4.440892e-15]
    all_seq_probs: [[0.00406364 0.00209199 0.98829717 0.00237528 0.00118213 0.00198981]] +/- [[0.00199178 0.00113903 0.00555994 0.00113828 0.00051976 0.00104203]]
