biased_point
  When I roll dice, they land on 5 80% of the time.
    all_seq_probs: [[0.07129705 0.07396714 0.0860015  0.10819078 0.51561652 0.14492701]] +/- [[0.04894195 0.05385295 0.05294413 0.06080077 0.24488224 0.07510904]]
    choice_probs: [0.07129705 0.07396714 0.0860015  0.10819078 0.51561652 0.14492701] +/- [0.04894195 0.05385295 0.05294413 0.06080077 0.24488224 0.07510904]
    expected_dist: [0.03999999 0.03999999 0.03999999 0.03999999 0.7999996  0.03999999] +/- [2.2351742e-08 2.2351742e-08 2.2351742e-08 2.2351742e-08 4.1723251e-07
 2.2351742e-08]
    tvd: 0.31185850629583 +/- 0.21168926654687853
    kl_div: 0.3334291993820807 +/- 0.2982115167449249
  tvd_auc: 0.0 +/- 0.0
