biased_point
  When I roll dice, they land on 3 20% of the time.
    kl_div: 0.15162781690014526 +/- 0.15142218491940893
    all_seq_probs: [[0.16307832 0.17754501 0.22833105 0.15299363 0.13836826 0.13968371]] +/- [[0.08538166 0.10200333 0.10779732 0.07037518 0.08363044 0.07849495]]
    expected_dist: [0.15999995 0.15999995 0.1999999  0.15999995 0.15999995 0.15999995] +/- [8.9406967e-08 8.9406967e-08 1.3411045e-07 8.9406967e-08 8.9406967e-08
 8.9406967e-08]
    tvd: 0.20018024675548077 +/- 0.0980765317051407
    choice_probs: [0.16307832 0.17754501 0.22833105 0.15299363 0.13836826 0.13968371] +/- [0.08538166 0.10200333 0.10779732 0.07037518 0.08363044 0.07849495]
  tvd_auc: 0.0 +/- 0.0
