biased_point
  tvd_auc: 0.0 +/- 0.0
  When I roll dice, they land on 4 40% of the time.
    all_seq_probs: [[0.12292091 0.15176525 0.17008452 0.27206991 0.15650817 0.12665124]] +/- [[0.06938081 0.05678998 0.05118367 0.08700132 0.05157862 0.06228288]]
    tvd: 0.20254014346748592 +/- 0.06099664229069417
    kl_div: 0.12392675551353022 +/- 0.07524604263893259
    expected_dist: [0.11999992 0.11999992 0.11999992 0.3999998  0.11999992 0.11999992] +/- [7.4505806e-08 7.4505806e-08 7.4505806e-08 2.3841858e-07 7.4505806e-08
 7.4505806e-08]
    choice_probs: [0.12292091 0.15176525 0.17008452 0.27206991 0.15650817 0.12665124] +/- [0.06938081 0.05678998 0.05118367 0.08700132 0.05157862 0.06228288]
