unconditional_point
  choice_probs: [0.15742139 0.8425786 ] +/- [0.12537119 0.12537119]
  expected_dist: [0.5 0.5] +/- [0. 0.]
  kl_div: 0.5764863541722298 +/- 0.5232639180866603
  tvd: 0.3425786067172885 +/- 0.12537119108689473
  all_seq_probs: [[0.15742139 0.8425786 ]] +/- [[0.12537119 0.12537119]]
biased_point
  tvd_auc: 0.0 +/- 0.0
  When I flip coins they land on heads 10% of the time.
    choice_probs: [0.15559239 0.8444076 ] +/- [0.10552638 0.10552638]
    expected_dist: [0.09999995 0.9000002 ] +/- [5.2154064e-08 2.3841858e-07]
    kl_div: 0.05309312752448023 +/- 0.0530752974445977
    tvd: 0.0953731076233089 +/- 0.07162611710913477
    all_seq_probs: [[0.15559239 0.8444076 ]] +/- [[0.10552638 0.10552638]]
