biased_point
  When you roll dice, they land on 6 20% of the time.
    tvd: 0.6183712590135901 +/- 0.1668549371660483
    all_seq_probs: [[0.03806196 0.1552261  0.10251347 0.06728657 0.04950221 0.5874097 ]] +/- [[0.09379035 0.23960409 0.17594084 0.10185535 0.09551674 0.40892339]]
    kl_div: 2.3836848704437723 +/- 1.3616904563214791
    choice_probs: [0.03806196 0.1552261  0.10251347 0.06728657 0.04950221 0.5874097 ] +/- [0.09379035 0.23960409 0.17594084 0.10185535 0.09551674 0.40892339]
    expected_dist: [0.15999988 0.15999988 0.15999988 0.15999988 0.15999988 0.20000048] +/- [1.6391277e-07 1.6391277e-07 1.6391277e-07 1.6391277e-07 1.6391277e-07
 4.4703484e-07]
  tvd_auc: 0.0 +/- 0.0
