biased_point
  tvd_auc: 0.0 +/- 0.0
  When I flip coins they land on heads 0% of the time.
    choice_probs: [0.03062564 0.96937436] +/- [0.00762015 0.00762014]
    tvd: 0.030625637798841917 +/- 0.007620147083281421
    expected_dist: [1.0000003e-08 1.0000000e+00] +/- [4.440892e-15 0.000000e+00]
    all_seq_probs: [[0.03062564 0.96937436]] +/- [[0.00762015 0.00762014]]
    kl_div: 0.03113542166551383 +/- 0.007911456007617175
unconditional_point
  choice_probs: [0.00795695 0.99204305] +/- [0.00724869 0.0072487 ]
  tvd: 0.4920430483156815 +/- 0.007248694087741589
  expected_dist: [0.5 0.5] +/- [0. 0.]
  all_seq_probs: [[0.00795695 0.99204305]] +/- [[0.00724869 0.0072487 ]]
  kl_div: 1.835806212425232 +/- 0.2874655233196765
