biased_point
  tvd_auc: 0.0 +/- 0.0
  When I roll dice, they land on 5 40% of the time.
    expected_dist: [0.11999992 0.11999992 0.11999992 0.11999992 0.3999998  0.11999992] +/- [7.4505806e-08 7.4505806e-08 7.4505806e-08 7.4505806e-08 2.3841858e-07
 7.4505806e-08]
    kl_div: 0.054920605690203954 +/- 0.032108960763133014
    choice_probs: [0.125233   0.11769185 0.14028279 0.1590769  0.28880216 0.16891328] +/- [0.02945583 0.02390886 0.02323318 0.02659386 0.05857192 0.03205557]
    tvd: 0.13659651331603528 +/- 0.04017111063280791
    all_seq_probs: [[0.125233   0.11769185 0.14028279 0.1590769  0.28880216 0.16891328]] +/- [[0.02945583 0.02390886 0.02323318 0.02659386 0.05857192 0.03205557]]
