unconditional_point
  all_seq_probs: [[0.09796337 0.30077816 0.16374911 0.13127555 0.14519169 0.16104212]] +/- [[0.06416138 0.15158043 0.1280444  0.10583941 0.11074389 0.09295514]]
  choice_probs: [0.09796337 0.30077816 0.16374911 0.13127555 0.14519169 0.16104212] +/- [0.06416138 0.15158043 0.1280444  0.10583941 0.11074389 0.09295514]
  expected_dist: [0.16666663 0.16666663 0.16666663 0.16666663 0.16666663 0.16666663] +/- [5.9604645e-08 5.9604645e-08 5.9604645e-08 5.9604645e-08 5.9604645e-08
 5.9604645e-08]
  kl_div: 0.4151813891786151 +/- 0.3695782280870879
  tvd: 0.29602767879143355 +/- 0.14821269978246301
biased_point
  tvd_auc: 0.0 +/- 0.0
  When I roll dice, they land on 2 0% of the time.
    all_seq_probs: [[0.14430575 0.27657963 0.15782222 0.13068857 0.14501777 0.14558603]] +/- [[0.05770943 0.10765877 0.09368244 0.06554287 0.07882458 0.05454031]]
    choice_probs: [0.14430575 0.27657963 0.15782222 0.13068857 0.14501777 0.14558603] +/- [0.05770943 0.10765877 0.09368244 0.06554287 0.07882458 0.05454031]
    expected_dist: [1.9999990e-01 1.0000003e-08 1.9999990e-01 1.9999990e-01 1.9999990e-01
 1.9999990e-01] +/- [1.1920929e-07 4.4408921e-15 1.1920929e-07 1.1920929e-07 1.1920929e-07
 1.1920929e-07]
    kl_div: 0.4556263174916498 +/- 0.24387449087271468
    tvd: 0.32748208846085874 +/- 0.10700703707462068
