biased_point
  tvd_auc: 0.0 +/- 0.0
  When I roll dice, they land on 2 60% of the time.
    tvd: 0.11706878328695894 +/- 0.05907846493606319
    all_seq_probs: [[0.09622551 0.55238614 0.08582191 0.07882828 0.08792781 0.09881035]] +/- [[0.03033888 0.10818217 0.03075657 0.03108528 0.03480841 0.03650529]]
    kl_div: 0.04611716203391552 +/- 0.035895779287648456
    expected_dist: [0.07999998 0.60000026 0.07999998 0.07999998 0.07999998 0.07999998] +/- [4.4703484e-08 1.7881393e-07 4.4703484e-08 4.4703484e-08 4.4703484e-08
 4.4703484e-08]
    choice_probs: [0.09622551 0.55238614 0.08582191 0.07882828 0.08792781 0.09881035] +/- [0.03033888 0.10818217 0.03075657 0.03108528 0.03480841 0.03650529]
