biased_point
  When I roll dice, they land on 6 40% of the time.
    choice_probs: [0.12811387 0.13296126 0.14048675 0.12309856 0.15806576 0.31727381] +/- [0.0444087  0.04137114 0.02781234 0.02473165 0.04137067 0.11103304]
    expected_dist: [0.11999992 0.11999992 0.11999992 0.11999992 0.11999992 0.3999998 ] +/- [7.4505806e-08 7.4505806e-08 7.4505806e-08 7.4505806e-08 7.4505806e-08
 2.3841858e-07]
    tvd: 0.14513807943090795 +/- 0.04916703155236841
    kl_div: 0.06820529457181693 +/- 0.054035243456625685
    all_seq_probs: [[0.12811387 0.13296126 0.14048675 0.12309856 0.15806576 0.31727381]] +/- [[0.0444087  0.04137114 0.02781234 0.02473165 0.04137067 0.11103304]]
  tvd_auc: 0.0 +/- 0.0
