biased_point
  tvd_auc: 0.0 +/- 0.0
  When I roll dice, they land on 4 100% of the time.
    kl_div: 0.24389212185344633 +/- 0.10586907417511468
    choice_probs: [0.07237204 0.02569276 0.02777555 0.78782558 0.02796158 0.05837248] +/- [0.02182916 0.01076997 0.01218345 0.07948758 0.01488525 0.02850349]
    expected_dist: [1.0000003e-08 1.0000003e-08 1.0000003e-08 1.0000000e+00 1.0000003e-08
 1.0000003e-08] +/- [4.440892e-15 4.440892e-15 4.440892e-15 0.000000e+00 4.440892e-15
 4.440892e-15]
    all_seq_probs: [[0.07237204 0.02569276 0.02777555 0.78782558 0.02796158 0.05837248]] +/- [[0.02182916 0.01076997 0.01218345 0.07948758 0.01488525 0.02850349]]
    tvd: 0.2121743949981959 +/- 0.07948758550867126
unconditional_point
  kl_div: 0.06566972115077079 +/- 0.020938341961278247
  choice_probs: [0.20086977 0.19885861 0.18937688 0.0935806  0.22088291 0.09643125] +/- [0.01578348 0.01550265 0.01108755 0.01379115 0.02360054 0.01764482]
  expected_dist: [0.16666663 0.16666663 0.16666663 0.16666663 0.16666663 0.16666663] +/- [5.9604645e-08 5.9604645e-08 5.9604645e-08 5.9604645e-08 5.9604645e-08
 5.9604645e-08]
  all_seq_probs: [[0.20086977 0.19885861 0.18937688 0.0935806  0.22088291 0.09643125]] +/- [[0.01578348 0.01550265 0.01108755 0.01379115 0.02360054 0.01764482]]
  tvd: 0.14389617200940846 +/- 0.02013332022453724
