biased_point
  When I roll dice, they land on 5 40% of the time.
    all_seq_probs: [[0.12891278 0.11239495 0.14900048 0.18577682 0.27565354 0.14826143]] +/- [[0.07636132 0.05790838 0.06609694 0.06690432 0.13948388 0.10969898]]
    choice_probs: [0.12891278 0.11239495 0.14900048 0.18577682 0.27565354 0.14826143] +/- [0.07636132 0.05790838 0.06609694 0.06690432 0.13948388 0.10969898]
    tvd: 0.22671317478641867 +/- 0.10073266946686787
    kl_div: 0.18166341579402798 +/- 0.22166043512607395
    expected_dist: [0.11999992 0.11999992 0.11999992 0.11999992 0.3999998  0.11999992] +/- [7.4505806e-08 7.4505806e-08 7.4505806e-08 7.4505806e-08 2.3841858e-07
 7.4505806e-08]
  tvd_auc: 0.0 +/- 0.0
