unconditional_point
  expected_dist: [0.5 0.5] +/- [0. 0.]
  kl_div: 0.11753271192312241 +/- 0.10817057396727796
  choice_probs: [0.63879414 0.36120585] +/- [0.16938222 0.16938222]
  all_seq_probs: [[0.63879414 0.36120585]] +/- [[0.16938222 0.16938222]]
  tvd: 0.19302486047148704 +/- 0.1034193128753047
biased_point
  tvd_auc: 0.0 +/- 0.0
  When I flip coins they land on heads 90% of the time.
    expected_dist: [0.9000002  0.09999995] +/- [2.3841858e-07 5.2154064e-08]
    kl_div: 0.26966565012931826 +/- 0.15882643175807165
    choice_probs: [0.58286077 0.41713924] +/- [0.11083806 0.11083807]
    all_seq_probs: [[0.58286077 0.41713924]] +/- [[0.11083806 0.11083807]]
    tvd: 0.31713922157883645 +/- 0.11083806678939974
