biased_point
  When I flip coins they land on heads 30% of the time.
    choice_probs: [0.84003906 0.16000977] +/- [0.12658556 0.12568323]
    kl_div: 0.9397924226522446 +/- 0.5276357956948663
    tvd: 0.540014636516571 +/- 0.12610637629940752
    all_seq_probs: [[0.84003906 0.16000977]] +/- [[0.12658556 0.12568323]]
    expected_dist: [0.30000013 0.7000003 ] +/- [1.1920929e-07 2.9802322e-07]
  tvd_auc: 0.0 +/- 0.0
