biased_point
  tvd_auc: 0.0 +/- 0.0
  When I roll dice, they land on 2 20% of the time.
    expected_dist: [0.15999995 0.1999999  0.15999995 0.15999995 0.15999995 0.15999995] +/- [8.9406967e-08 1.3411045e-07 8.9406967e-08 8.9406967e-08 8.9406967e-08
 8.9406967e-08]
    all_seq_probs: [[0.1476716  0.26123441 0.13935644 0.14004776 0.15032906 0.16136073]] +/- [[0.04297255 0.07611783 0.04573115 0.02687261 0.07535689 0.08097621]]
    kl_div: 0.06828506447316612 +/- 0.09317336397624126
    tvd: 0.13370140893384813 +/- 0.0837332138290104
    choice_probs: [0.1476716  0.26123441 0.13935644 0.14004776 0.15032906 0.16136073] +/- [0.04297255 0.07611783 0.04573115 0.02687261 0.07535689 0.08097621]
