biased_point
  When you roll dice, they land on 2 20% of the time.
    kl_div: 0.5418174167203833 +/- 0.47368796938268826
    choice_probs: [0.09243518 0.16917914 0.15465689 0.10290001 0.1850551  0.29577368] +/- [0.1329056  0.1410102  0.14497203 0.09640675 0.19159442 0.21067035]
    expected_dist: [0.15999988 0.20000048 0.15999988 0.15999988 0.15999988 0.15999988] +/- [1.6391277e-07 4.4703484e-07 1.6391277e-07 1.6391277e-07 1.6391277e-07
 1.6391277e-07]
    tvd: 0.3862084157159552 +/- 0.14275420576522016
    all_seq_probs: [[0.09243518 0.16917914 0.15465689 0.10290001 0.1850551  0.29577368]] +/- [[0.1329056  0.1410102  0.14497203 0.09640675 0.19159442 0.21067035]]
  tvd_auc: 0.0 +/- 0.0
