biased_point
  tvd_auc: 0.0 +/- 0.0
  When you roll dice, they land on 2 40% of the time.
    all_seq_probs: [[0.0804119  0.41789431 0.14175158 0.15317899 0.08112232 0.12591007]] +/- [[0.10682282 0.33653238 0.19450094 0.21626604 0.19141523 0.21715375]]
    tvd: 0.46968588170409203 +/- 0.18021291758267502
    expected_dist: [0.12000033 0.40000096 0.12000033 0.12000033 0.12000033 0.12000033] +/- [3.3527613e-07 9.2387199e-07 3.3527613e-07 3.3527613e-07 3.3527613e-07
 3.3527613e-07]
    kl_div: 1.293424888383597 +/- 1.0494366245504856
    choice_probs: [0.0804119  0.41789431 0.14175158 0.15317899 0.08112232 0.12591007] +/- [0.10682282 0.33653238 0.19450094 0.21626604 0.19141523 0.21715375]
