biased_point
  When I roll dice, they land on 5 40% of the time.
    tvd: 0.2058757766522467 +/- 0.1117243605918688
    choice_probs: [0.13984867 0.14033178 0.15772709 0.1435929  0.28893452 0.12956505] +/- [0.09767762 0.061537   0.05399103 0.05032909 0.1495231  0.10324306]
    all_seq_probs: [[0.13984867 0.14033178 0.15772709 0.1435929  0.28893452 0.12956505]] +/- [[0.09767762 0.061537   0.05399103 0.05032909 0.1495231  0.10324306]]
    expected_dist: [0.11999992 0.11999992 0.11999992 0.11999992 0.3999998  0.11999992] +/- [7.4505806e-08 7.4505806e-08 7.4505806e-08 7.4505806e-08 2.3841858e-07
 7.4505806e-08]
    kl_div: 0.15720342094486114 +/- 0.18247576058925044
  tvd_auc: 0.0 +/- 0.0
