biased_point
  tvd_auc: 0.0 +/- 0.0
  When you roll dice, they land on 2 60% of the time.
    all_seq_probs: [[0.05402642 0.30394247 0.11253128 0.08807947 0.13692843 0.30449193]] +/- [[0.03687043 0.32861709 0.08420418 0.06191317 0.11356934 0.21817382]]
    expected_dist: [0.07999994 0.6        0.07999994 0.07999994 0.07999994 0.07999994] +/- [8.1956387e-08 5.9604645e-08 8.1956387e-08 8.1956387e-08 8.1956387e-08
 8.1956387e-08]
    tvd: 0.46782650011056104 +/- 0.1340778761794626
    choice_probs: [0.05402642 0.30394247 0.11253128 0.08807947 0.13692843 0.30449193] +/- [0.03687043 0.32861709 0.08420418 0.06191317 0.11356934 0.21817382]
    kl_div: 0.7839483898431936 +/- 0.45004175445153755
