biased_point
  tvd_auc: 0.0 +/- 0.0
  When you roll dice, they land on 5 0% of the time.
    kl_div: 4.118162345425903 +/- 1.694105179097959
    choice_probs: [0.14999348 0.34431933 0.13634114 0.28706593 0.03054672 0.0517334 ] +/- [0.25098624 0.35446177 0.21270167 0.35758424 0.12758485 0.10584736]
    all_seq_probs: [[0.14999348 0.34431933 0.13634114 0.28706593 0.03054672 0.0517334 ]] +/- [[0.25098624 0.35446177 0.21270167 0.35758424 0.12758485 0.10584736]]
    expected_dist: [2.0000048e-01 2.0000048e-01 2.0000048e-01 2.0000048e-01 9.9999795e-09
 2.0000048e-01] +/- [4.6193600e-07 4.6193600e-07 4.6193600e-07 4.6193600e-07 1.8651747e-14
 4.6193600e-07]
    tvd: 0.587284109759476 +/- 0.17042216244759684
