biased_point
  tvd_auc: 0.0 +/- 0.0
  When you roll dice, they land on 5 80% of the time.
    choice_probs: [0.04712416 0.16673708 0.09614505 0.04722218 0.4553835  0.18738804] +/- [0.11045083 0.27251388 0.17920017 0.10120151 0.44305471 0.2499943 ]
    tvd: 0.5188511622620697 +/- 0.3299067971453584
    expected_dist: [0.03999997 0.03999997 0.03999997 0.03999997 0.8000019  0.03999997] +/- [4.0978193e-08 4.0978193e-08 4.0978193e-08 4.0978193e-08 1.9073486e-06
 4.0978193e-08]
    kl_div: 3.0893864396355495 +/- 3.445661008681001
    all_seq_probs: [[0.04712416 0.16673708 0.09614505 0.04722218 0.4553835  0.18738804]] +/- [[0.11045083 0.27251388 0.17920017 0.10120151 0.44305471 0.2499943 ]]
