biased_point
  tvd_auc: 0.0 +/- 0.0
  When I roll dice, they land on 4 0% of the time.
    all_seq_probs: [[0.16380244 0.16248461 0.17451898 0.17805058 0.15959666 0.16154675]] +/- [[0.02839332 0.02508429 0.02261306 0.01898648 0.02429563 0.03625355]]
    kl_div: 0.2114669355927441 +/- 0.03275589782468159
    tvd: 0.18683316691898916 +/- 0.026122596478602947
    choice_probs: [0.16380244 0.16248461 0.17451898 0.17805058 0.15959666 0.16154675] +/- [0.02839332 0.02508429 0.02261306 0.01898648 0.02429563 0.03625355]
    expected_dist: [1.9999990e-01 1.9999990e-01 1.9999990e-01 1.0000003e-08 1.9999990e-01
 1.9999990e-01] +/- [1.1920929e-07 1.1920929e-07 1.1920929e-07 4.4408921e-15 1.1920929e-07
 1.1920929e-07]
