biased_point
  When I roll dice, they land on 4 20% of the time.
    expected_dist: [0.15999994 0.15999994 0.15999994 0.1999999  0.15999994 0.15999994] +/- [7.4505806e-08 7.4505806e-08 7.4505806e-08 1.1920929e-07 7.4505806e-08
 7.4505806e-08]
    all_seq_probs: [[0.14826872 0.15606329 0.17484807 0.20691809 0.15982255 0.15407931]] +/- [[0.08916427 0.07611059 0.07009164 0.05149031 0.04892373 0.07486206]]
    choice_probs: [0.14826872 0.15606329 0.17484807 0.20691809 0.15982255 0.15407931] +/- [0.08916427 0.07611059 0.07009164 0.05149031 0.04892373 0.07486206]
    kl_div: 0.08291513661155477 +/- 0.10020295140452577
    tvd: 0.14584696482867002 +/- 0.08258892463242347
  tvd_auc: 0.0 +/- 0.0
