biased_point
  When I roll dice, they land on 2 0% of the time.
    all_seq_probs: [[0.15984254 0.16102187 0.15842033 0.1704066  0.16493018 0.1853785 ]] +/- [[0.0447524  0.02998746 0.0385147  0.04019697 0.0402332  0.08848142]]
    tvd: 0.19665646757119512 +/- 0.05849416305439576
    expected_dist: [1.9999990e-01 1.0000003e-08 1.9999990e-01 1.9999990e-01 1.9999990e-01
 1.9999990e-01] +/- [1.1920929e-07 4.4408921e-15 1.1920929e-07 1.1920929e-07 1.1920929e-07
 1.1920929e-07]
    choice_probs: [0.15984254 0.16102187 0.15842033 0.1704066  0.16493018 0.1853785 ] +/- [0.0447524  0.02998746 0.0385147  0.04019697 0.0402332  0.08848142]
    kl_div: 0.2235422494819622 +/- 0.080452017288681
  tvd_auc: 0.0 +/- 0.0
