biased_point
  tvd_auc: 0.0 +/- 0.0
  When I roll dice, they land on 5 60% of the time.
    kl_div: 0.049025940661085766 +/- 0.03507544336415404
    tvd: 0.11968013575300575 +/- 0.057428148723158774
    choice_probs: [0.08279425 0.0755771  0.09246443 0.10021293 0.52824797 0.12070333] +/- [0.02948621 0.02527943 0.03161908 0.02756651 0.09261276 0.04154113]
    all_seq_probs: [[0.08279425 0.0755771  0.09246443 0.10021293 0.52824797 0.12070333]] +/- [[0.02948621 0.02527943 0.03161908 0.02756651 0.09261276 0.04154113]]
    expected_dist: [0.07999997 0.07999997 0.07999997 0.07999997 0.60000026 0.07999997] +/- [2.9802322e-08 2.9802322e-08 2.9802322e-08 2.9802322e-08 2.3841858e-07
 2.9802322e-08]
