unconditional_point
  tvd: 0.22959070451557637 +/- 0.13055307862601476
  all_seq_probs: [[0.67184679 0.32815321]] +/- [[0.20056091 0.20056091]]
  expected_dist: [0.5 0.5] +/- [0. 0.]
  choice_probs: [0.67184679 0.32815321] +/- [0.20056091 0.20056091]
  kl_div: 0.21069214218854904 +/- 0.2549107360442433
biased_point
  tvd_auc: 0.0 +/- 0.0
  When you flip coins, they land on heads 70% of the time.
    tvd: 0.17093733191024513 +/- 0.09595775452352998
    all_seq_probs: [[0.75854339 0.24145661]] +/- [[0.18708322 0.18708322]]
    expected_dist: [0.6999983 0.3      ] +/- [1.66893e-06 0.00000e+00]
    choice_probs: [0.75854339 0.24145661] +/- [0.18708322 0.18708322]
    kl_div: 0.16001131007401273 +/- 0.19585459397724864
