biased_point
  When I roll dice, they land on 5 0% of the time.
    choice_probs: [0.15391604 0.16893479 0.17400323 0.1631176  0.18857125 0.1514571 ] +/- [0.02108435 0.05199913 0.02278476 0.02319159 0.02837693 0.03863778]
    tvd: 0.2008203149412683 +/- 0.03315932017752916
    all_seq_probs: [[0.15391604 0.16893479 0.17400323 0.1631176  0.18857125 0.1514571 ]] +/- [[0.02108435 0.05199913 0.02278476 0.02319159 0.02837693 0.03863778]]
    expected_dist: [1.9999990e-01 1.9999990e-01 1.9999990e-01 1.9999990e-01 1.0000003e-08
 1.9999990e-01] +/- [1.1920929e-07 1.1920929e-07 1.1920929e-07 1.1920929e-07 4.4408921e-15
 1.1920929e-07]
    kl_div: 0.23223273314386175 +/- 0.059092701841407407
  tvd_auc: 0.0 +/- 0.0
