biased_point
  tvd_auc: 0.0 +/- 0.0
  When you roll dice, they land on 6 0% of the time.
    expected_dist: [2.0000048e-01 2.0000048e-01 2.0000048e-01 2.0000048e-01 2.0000048e-01
 9.9999795e-09] +/- [4.6193600e-07 4.6193600e-07 4.6193600e-07 4.6193600e-07 4.6193600e-07
 1.8651747e-14]
    all_seq_probs: [[0.1791035  0.06285367 0.10108766 0.15899011 0.0642646  0.43370047]] +/- [[0.30299226 0.1666421  0.23723374 0.31672293 0.17518795 0.36099789]]
    kl_div: 7.264285154581901 +/- 2.6149090474783536
    tvd: 0.7783840228015215 +/- 0.13092486036142756
    choice_probs: [0.1791035  0.06285367 0.10108766 0.15899011 0.0642646  0.43370047] +/- [0.30299226 0.1666421  0.23723374 0.31672293 0.17518795 0.36099789]
