biased_point
  tvd_auc: 0.0 +/- 0.0
  When I flip coins they land on heads 60% of the time.
    all_seq_probs: [[0.85285156 0.14817932]] +/- [[0.13931552 0.1389976 ]]
    expected_dist: [0.60000026 0.3999998 ] +/- [2.3841858e-07 2.3841858e-07]
    choice_probs: [0.85285156 0.14817932] +/- [0.13931552 0.1389976 ]
    tvd: 0.26718768835067747 +/- 0.10790808849538998
    kl_div: 0.4356470961868763 +/- 0.44316574861000285
