biased_point
  tvd_auc: 0.0 +/- 0.0
  When I roll dice, they land on 5 40% of the time.
    tvd: 0.23551710025407374 +/- 0.10494496651529125
    kl_div: 0.20349001415132079 +/- 0.19157274297556426
    choice_probs: [0.12664523 0.14271442 0.14101502 0.12603589 0.29072479 0.17286466] +/- [0.10084742 0.07920522 0.07532744 0.06490025 0.14826702 0.103773  ]
    expected_dist: [0.11999992 0.11999992 0.11999992 0.11999992 0.3999998  0.11999992] +/- [7.4505806e-08 7.4505806e-08 7.4505806e-08 7.4505806e-08 2.3841858e-07
 7.4505806e-08]
    all_seq_probs: [[0.12664523 0.14271442 0.14101502 0.12603589 0.29072479 0.17286466]] +/- [[0.10084742 0.07920522 0.07532744 0.06490025 0.14826702 0.103773  ]]
