biased_point
  tvd_auc: 0.0 +/- 0.0
  When I roll dice, they land on 5 80% of the time.
    tvd: 0.3084970797225833 +/- 0.23815341289463748
    expected_dist: [0.03999999 0.03999999 0.03999999 0.03999999 0.7999996  0.03999999] +/- [2.2351742e-08 2.2351742e-08 2.2351742e-08 2.2351742e-08 4.1723251e-07
 2.2351742e-08]
    all_seq_probs: [[0.087288   0.08566601 0.09306793 0.10834805 0.52460633 0.10102367]] +/- [[0.05458321 0.05924355 0.06305862 0.06432085 0.2753997  0.12043581]]
    kl_div: 0.36327007929590766 +/- 0.3736597431077986
    choice_probs: [0.087288   0.08566601 0.09306793 0.10834805 0.52460633 0.10102367] +/- [0.05458321 0.05924355 0.06305862 0.06432085 0.2753997  0.12043581]
