biased_point
  tvd_auc: 0.0 +/- 0.0
  When you roll dice, they land on 4 40% of the time.
    expected_dist: [0.12000033 0.12000033 0.12000033 0.40000096 0.12000033 0.12000033] +/- [3.3527613e-07 3.3527613e-07 3.3527613e-07 9.2387199e-07 3.3527613e-07
 3.3527613e-07]
    tvd: 0.4091399599793367 +/- 0.15334975511740087
    choice_probs: [0.06356868 0.16245275 0.16445836 0.20091389 0.21835039 0.19025594] +/- [0.05724392 0.1640151  0.14908064 0.20372239 0.19440046 0.15355206]
    kl_div: 0.612043073147579 +/- 0.5535354998386334
    all_seq_probs: [[0.06356868 0.16245275 0.16445836 0.20091389 0.21835039 0.19025594]] +/- [[0.05724392 0.1640151  0.14908064 0.20372239 0.19440046 0.15355206]]
