biased_point
  tvd_auc: 0.0 +/- 0.0
  When I roll dice, they land on 5 40% of the time.
    kl_div: 0.033296249799313955 +/- 0.026012988910404312
    tvd: 0.10266293516382576 +/- 0.04258092468737975
    choice_probs: [0.12406764 0.12340169 0.13123343 0.15346991 0.32671877 0.14110854] +/- [0.02537013 0.02508672 0.02547503 0.0198301  0.06579385 0.02447617]
    all_seq_probs: [[0.12406764 0.12340169 0.13123343 0.15346991 0.32671877 0.14110854]] +/- [[0.02537013 0.02508672 0.02547503 0.0198301  0.06579385 0.02447617]]
    expected_dist: [0.11999992 0.11999992 0.11999992 0.11999992 0.3999998  0.11999992] +/- [7.4505806e-08 7.4505806e-08 7.4505806e-08 7.4505806e-08 2.3841858e-07
 7.4505806e-08]
