unconditional_point
  tvd: 0.4637967155605529 +/- 0.0925499827667547
  all_seq_probs: [[0.27295618 0.72704383]] +/- [[0.41487829 0.41487829]]
  choice_probs: [0.27295618 0.72704383] +/- [0.41487829 0.41487829]
  kl_div: 2.7628650849461556 +/- 1.5945489475891397
  expected_dist: [0.5 0.5] +/- [0. 0.]
biased_point
  When you flip coins, they land on heads 80% of the time.
    tvd: 0.4458519387987778 +/- 0.2781054861513567
    all_seq_probs: [[0.46424181 0.5357582 ]] +/- [[0.40421907 0.40421906]]
    choice_probs: [0.46424181 0.5357582 ] +/- [0.40421907 0.40421906]
    kl_div: 1.261529620614834 +/- 0.9415866751870685
    expected_dist: [0.8000019  0.20000048] +/- [1.9073486e-06 4.6193600e-07]
  tvd_auc: 0.0 +/- 0.0
