biased_point
  When I roll dice, they land on 4 0% of the time.
    choice_probs: [0.16417182 0.16345822 0.16494453 0.16259507 0.16962884 0.17520154] +/- [0.02645269 0.01768375 0.0164352  0.01246254 0.01605322 0.02533401]
    expected_dist: [1.9999990e-01 1.9999990e-01 1.9999990e-01 1.0000003e-08 1.9999990e-01
 1.9999990e-01] +/- [1.1920929e-07 1.1920929e-07 1.1920929e-07 4.4408921e-15 1.1920929e-07
 1.1920929e-07]
    all_seq_probs: [[0.16417182 0.16345822 0.16494453 0.16259507 0.16962884 0.17520154]] +/- [[0.02645269 0.01768375 0.0164352  0.01246254 0.01605322 0.02533401]]
    kl_div: 0.1853968653703859 +/- 0.011429011265842049
    tvd: 0.16812281920694921 +/- 0.012883835973473437
  tvd_auc: 0.0 +/- 0.0
