biased_point
  When I roll dice, they land on 2 80% of the time.
    expected_dist: [0.03999999 0.7999996  0.03999999 0.03999999 0.03999999 0.03999999] +/- [2.2351742e-08 3.5762787e-07 2.2351742e-08 2.2351742e-08 2.2351742e-08
 2.2351742e-08]
    all_seq_probs: [[0.08112908 0.70394927 0.05632786 0.04969561 0.03813134 0.07076685]] +/- [[0.04895118 0.15026391 0.04151475 0.03456434 0.02868579 0.05011826]]
    kl_div: 0.10922483661910519 +/- 0.1089211101338845
    choice_probs: [0.08112908 0.70394927 0.05632786 0.04969561 0.03813134 0.07076685] +/- [0.04895118 0.15026391 0.04151475 0.03456434 0.02868579 0.05011826]
    tvd: 0.14946991428383627 +/- 0.11075097633708338
  tvd_auc: 0.0 +/- 0.0
