biased_point
  tvd_auc: 0.0 +/- 0.0
  When you roll dice, they land on 1 0% of the time.
    expected_dist: [9.9999795e-09 2.0000048e-01 2.0000048e-01 2.0000048e-01 2.0000048e-01
 2.0000048e-01] +/- [1.8651747e-14 4.6193600e-07 4.6193600e-07 4.6193600e-07 4.6193600e-07
 4.6193600e-07]
    choice_probs: [0.22160483 0.22219032 0.13402013 0.09784496 0.06341187 0.26092789] +/- [0.24740759 0.32145305 0.2103222  0.22124433 0.16115676 0.34924433]
    kl_div: 7.095300864858097 +/- 2.5352856205129926
    tvd: 0.685273384216112 +/- 0.1307247868055978
    all_seq_probs: [[0.22160483 0.22219032 0.13402013 0.09784496 0.06341187 0.26092789]] +/- [[0.24740759 0.32145305 0.2103222  0.22124433 0.16115676 0.34924433]]
