biased_point
  tvd_auc: 0.0 +/- 0.0
  When you roll dice, they land on 4 0% of the time.
    choice_probs: [0.16367258 0.14920531 0.12180984 0.30677799 0.05631504 0.20221924] +/- [0.2906667  0.29568647 0.20341087 0.31596076 0.12118085 0.33266713]
    all_seq_probs: [[0.16367258 0.14920531 0.12180984 0.30677799 0.05631504 0.20221924]] +/- [[0.2906667  0.29568647 0.20341087 0.31596076 0.12118085 0.33266713]]
    tvd: 0.7222731233783188 +/- 0.12256512176061737
    kl_div: 5.872227770188277 +/- 3.155720463127443
    expected_dist: [2.0000048e-01 2.0000048e-01 2.0000048e-01 9.9999795e-09 2.0000048e-01
 2.0000048e-01] +/- [4.6193600e-07 4.6193600e-07 4.6193600e-07 1.8651747e-14 4.6193600e-07
 4.6193600e-07]
