biased_point
  When I flip coins they land on heads 10% of the time.
    expected_dist: [0.09999995 0.9000002 ] +/- [5.2154064e-08 2.3841858e-07]
    choice_probs: [0.92203125 0.07833862] +/- [0.06017634 0.06097279]
    all_seq_probs: [[0.92203125 0.07833862]] +/- [[0.06017634 0.06097279]]
    tvd: 0.8218463008105755 +/- 0.06050613645112545
    kl_div: 2.224081397652626 +/- 0.6794060186143928
  tvd_auc: 0.0 +/- 0.0
