biased_point
  tvd_auc: 0.0 +/- 0.0
  When I roll dice, they land on 2 100% of the time.
    expected_dist: [1.0000003e-08 1.0000000e+00 1.0000003e-08 1.0000003e-08 1.0000003e-08
 1.0000003e-08] +/- [4.440892e-15 0.000000e+00 4.440892e-15 4.440892e-15 4.440892e-15
 4.440892e-15]
    kl_div: 0.020289423324889526 +/- 0.006193638982613266
    choice_probs: [0.00685528 0.97993315 0.00490053 0.00315618 0.00152506 0.00362981] +/- [0.00212752 0.00605048 0.00184543 0.00098334 0.00049545 0.00141028]
    tvd: 0.02006683014294536 +/- 0.006050484960616321
    all_seq_probs: [[0.00685528 0.97993315 0.00490053 0.00315618 0.00152506 0.00362981]] +/- [[0.00212752 0.00605048 0.00184543 0.00098334 0.00049545 0.00141028]]
