biased_point
  When I roll dice, they land on 1 40% of the time.
    tvd: 0.2018751882016659 +/- 0.08692562899672351
    kl_div: 0.13743608506512828 +/- 0.1303781999455772
    all_seq_probs: [[0.28534079 0.17027467 0.14192458 0.12729839 0.13843183 0.13672975]] +/- [[0.14303173 0.04692258 0.04708333 0.07415205 0.09322741 0.05617783]]
    choice_probs: [0.28534079 0.17027467 0.14192458 0.12729839 0.13843183 0.13672975] +/- [0.14303173 0.04692258 0.04708333 0.07415205 0.09322741 0.05617783]
    expected_dist: [0.3999998  0.11999992 0.11999992 0.11999992 0.11999992 0.11999992] +/- [2.3841858e-07 7.4505806e-08 7.4505806e-08 7.4505806e-08 7.4505806e-08
 7.4505806e-08]
  tvd_auc: 0.0 +/- 0.0
