biased_point
  tvd_auc: 0.0 +/- 0.0
  When I roll dice, they land on 3 40% of the time.
    tvd: 0.1693441233597696 +/- 0.08240526760376399
    all_seq_probs: [[0.14150717 0.15148788 0.26891383 0.14558287 0.16355847 0.12894979]] +/- [[0.03643766 0.02898197 0.09535666 0.02612347 0.08965587 0.04112281]]
    expected_dist: [0.11999992 0.11999992 0.3999998  0.11999992 0.11999992 0.11999992] +/- [7.4505806e-08 7.4505806e-08 2.3841858e-07 7.4505806e-08 7.4505806e-08
 7.4505806e-08]
    choice_probs: [0.14150717 0.15148788 0.26891383 0.14558287 0.16355847 0.12894979] +/- [0.03643766 0.02898197 0.09535666 0.02612347 0.08965587 0.04112281]
    kl_div: 0.09478040435933507 +/- 0.14074993826524948
