biased_point
  When I flip coins they land on heads 10% of the time.
    expected_dist: [0.09999995 0.9000002 ] +/- [5.2154064e-08 2.3841858e-07]
    kl_div: 1.7788556838035583 +/- 0.8129846444220866
    tvd: 0.748275133818388 +/- 0.1555624344169644
    choice_probs: [0.84818359 0.1516333 ] +/- [0.15564546 0.15553368]
    all_seq_probs: [[0.84818359 0.1516333 ]] +/- [[0.15564546 0.15553368]]
  tvd_auc: 0.0 +/- 0.0
