biased_point
  tvd_auc: 0.0 +/- 0.0
  When you roll dice, they land on 1 80% of the time.
    kl_div: 0.5028654938061955 +/- 0.500511239020008
    all_seq_probs: [[0.63120995 0.07576087 0.07898709 0.05583426 0.07159753 0.0866103 ]] +/- [[0.35271512 0.08020316 0.09812139 0.05935328 0.07382844 0.09307391]]
    expected_dist: [0.8000019  0.03999997 0.03999997 0.03999997 0.03999997 0.03999997] +/- [1.9669533e-06 4.0978193e-08 4.0978193e-08 4.0978193e-08 4.0978193e-08
 4.0978193e-08]
    choice_probs: [0.63120995 0.07576087 0.07898709 0.05583426 0.07159753 0.0866103 ] +/- [0.35271512 0.08020316 0.09812139 0.05935328 0.07382844 0.09307391]
    tvd: 0.3212848353284644 +/- 0.22460255759178566
