biased_point
  When I roll dice, they land on 1 80% of the time.
    choice_probs: [0.70881169 0.08161013 0.05587183 0.04248467 0.0508118  0.06040988] +/- [0.17033187 0.05790831 0.04556905 0.03704864 0.04946035 0.04790649]
    kl_div: 0.14546751808840783 +/- 0.13701722858627566
    tvd: 0.16665560357098003 +/- 0.1160682023327928
    all_seq_probs: [[0.70881169 0.08161013 0.05587183 0.04248467 0.0508118  0.06040988]] +/- [[0.17033187 0.05790831 0.04556905 0.03704864 0.04946035 0.04790649]]
    expected_dist: [0.7999996  0.03999999 0.03999999 0.03999999 0.03999999 0.03999999] +/- [3.5762787e-07 2.2351742e-08 2.2351742e-08 2.2351742e-08 2.2351742e-08
 2.2351742e-08]
  tvd_auc: 0.0 +/- 0.0
