biased_point
  tvd_auc: 0.0 +/- 0.0
  When I roll dice, they land on 6 60% of the time.
    all_seq_probs: [[0.10907581 0.09965506 0.13072802 0.11950288 0.12361249 0.41742572]] +/- [[0.05672175 0.07049809 0.10474462 0.07550435 0.07068387 0.27203156]]
    kl_div: 0.2994019432045752 +/- 0.2123311336804339
    expected_dist: [0.07999997 0.07999997 0.07999997 0.07999997 0.07999997 0.60000026] +/- [2.9802322e-08 2.9802322e-08 2.9802322e-08 2.9802322e-08 2.9802322e-08
 2.3841858e-07]
    choice_probs: [0.10907581 0.09965506 0.13072802 0.11950288 0.12361249 0.41742572] +/- [0.05672175 0.07049809 0.10474462 0.07550435 0.07068387 0.27203156]
    tvd: 0.3171807815972716 +/- 0.11166801808771126
