unconditional_point
  expected_dist: [0.16666676 0.16666676 0.16666676 0.16666676 0.16666676 0.16666676] +/- [7.4505806e-08 7.4505806e-08 7.4505806e-08 7.4505806e-08 7.4505806e-08
 7.4505806e-08]
  all_seq_probs: [[0.07539535 0.14176873 0.33921059 0.16944029 0.19865915 0.07600366]] +/- [[0.11070508 0.2479073  0.28740693 0.18070303 0.23936549 0.1316542 ]]
  kl_div: 1.2607338271716144 +/- 1.1314834961505438
  choice_probs: [0.07539535 0.14176873 0.33921059 0.16944029 0.19865915 0.07600366] +/- [0.11070508 0.2479073  0.28740693 0.18070303 0.23936549 0.1316542 ]
  tvd: 0.4901361391246319 +/- 0.18829667443819784
biased_point
  When you roll dice, they land on 1 20% of the time.
    expected_dist: [0.20000048 0.15999988 0.15999988 0.15999988 0.15999988 0.15999988] +/- [4.4703484e-07 1.6391277e-07 1.6391277e-07 1.6391277e-07 1.6391277e-07
 1.6391277e-07]
    all_seq_probs: [[0.51707901 0.04557087 0.20945551 0.06948634 0.10621414 0.05182306]] +/- [[0.4103006  0.14415725 0.34579127 0.17178597 0.20405536 0.10845944]]
    kl_div: 2.4178026559285355 +/- 1.793949733186593
    choice_probs: [0.51707901 0.04557087 0.20945551 0.06948634 0.10621414 0.05182306] +/- [0.4103006  0.14415725 0.34579127 0.17178597 0.20405536 0.10845944]
    tvd: 0.6518715423265239 +/- 0.1619832079547141
  tvd_auc: 0.0 +/- 0.0
