biased_point
  When I roll dice, they land on 1 0% of the time.
    all_seq_probs: [[0.16632762 0.14794924 0.17659551 0.15732687 0.17812977 0.17367099]] +/- [[0.03230321 0.03047899 0.02532392 0.03155372 0.03797683 0.03961771]]
    tvd: 0.18652146405660722 +/- 0.03534004350435556
    kl_div: 0.20295936233641812 +/- 0.03865684890086986
    expected_dist: [1.0000003e-08 1.9999990e-01 1.9999990e-01 1.9999990e-01 1.9999990e-01
 1.9999990e-01] +/- [4.4408921e-15 1.1920929e-07 1.1920929e-07 1.1920929e-07 1.1920929e-07
 1.1920929e-07]
    choice_probs: [0.16632762 0.14794924 0.17659551 0.15732687 0.17812977 0.17367099] +/- [0.03230321 0.03047899 0.02532392 0.03155372 0.03797683 0.03961771]
  tvd_auc: 0.0 +/- 0.0
