biased_point
  When you roll dice, they land on 3 100% of the time.
    expected_dist: [9.9999795e-09 9.9999795e-09 1.0000000e+00 9.9999795e-09 9.9999795e-09
 9.9999795e-09] +/- [1.8651747e-14 1.8651747e-14 0.0000000e+00 1.8651747e-14 1.8651747e-14
 1.8651747e-14]
    kl_div: 0.011613030007652953 +/- 0.014208710684317474
    tvd: 0.011447830738978478 +/- 0.01379302923390278
    choice_probs: [0.00134992 0.00146047 0.98855214 0.00382337 0.00344589 0.00136821] +/- [0.00131251 0.00176264 0.01379303 0.004596   0.00526566 0.00152489]
    all_seq_probs: [[0.00134992 0.00146047 0.98855214 0.00382337 0.00344589 0.00136821]] +/- [[0.00131251 0.00176264 0.01379303 0.004596   0.00526566 0.00152489]]
  tvd_auc: 0.0 +/- 0.0
