biased_point
  tvd_auc: 0.0 +/- 0.0
  When I flip coins they land on heads 30% of the time.
    expected_dist: [0.30000013 0.7000003 ] +/- [1.1920929e-07 2.9802322e-07]
    tvd: 0.622109363079071 +/- 0.04916852683519396
    kl_div: 1.3336256676912308 +/- 0.44079730971669506
    choice_probs: [0.92257813 0.07835937] +/- [0.04914857 0.04938518]
    all_seq_probs: [[0.92257813 0.07835937]] +/- [[0.04914857 0.04938518]]
