biased_point
  tvd_auc: 0.0 +/- 0.0
  When I roll dice, they land on 1 80% of the time.
    all_seq_probs: [[0.62155471 0.11865554 0.07597867 0.0493117  0.061388   0.07311137]] +/- [[0.18202882 0.07160192 0.05274305 0.03902396 0.05125608 0.05624815]]
    kl_div: 0.2014798684228299 +/- 0.1501113350880696
    expected_dist: [0.7999996  0.03999999 0.03999999 0.03999999 0.03999999 0.03999999] +/- [3.5762787e-07 2.2351742e-08 2.2351742e-08 2.2351742e-08 2.2351742e-08
 2.2351742e-08]
    tvd: 0.2282190799509408 +/- 0.13079366234950013
    choice_probs: [0.62155471 0.11865554 0.07597867 0.0493117  0.061388   0.07311137] +/- [0.18202882 0.07160192 0.05274305 0.03902396 0.05125608 0.05624815]
