biased_point
  When you flip coins, they land on heads 70% of the time.
    expected_dist: [0.6999983 0.3      ] +/- [1.66893e-06 0.00000e+00]
    all_seq_probs: [[0.36400218 0.63599782]] +/- [[0.30701711 0.30701711]]
    kl_div: 0.6376072766557336 +/- 0.5260357733139943
    tvd: 0.4169543133750558 +/- 0.18249146369876448
    choice_probs: [0.36400218 0.63599782] +/- [0.30701711 0.30701711]
  tvd_auc: 0.0 +/- 0.0
unconditional_point
  expected_dist: [0.5 0.5] +/- [0. 0.]
  all_seq_probs: [[0.27839403 0.72160598]] +/- [[0.34665989 0.34665989]]
  kl_div: 0.8060143730044365 +/- 0.5104888477174103
  tvd: 0.387584707306698 +/- 0.13805934304596834
  choice_probs: [0.27839403 0.72160598] +/- [0.34665989 0.34665989]
