biased_point
  tvd_auc: 0.0 +/- 0.0
  When I roll dice, they land on 2 20% of the time.
    choice_probs: [0.15146389 0.23296878 0.16307183 0.15876436 0.14786387 0.14586727] +/- [0.04971392 0.12358228 0.04323474 0.04539473 0.0563976  0.06165561]
    expected_dist: [0.15999995 0.1999999  0.15999995 0.15999995 0.15999995 0.15999995] +/- [8.9406967e-08 1.3411045e-07 8.9406967e-08 8.9406967e-08 8.9406967e-08
 8.9406967e-08]
    tvd: 0.13213618002831937 +/- 0.10472239995096046
    all_seq_probs: [[0.15146389 0.23296878 0.16307183 0.15876436 0.14786387 0.14586727]] +/- [[0.04971392 0.12358228 0.04323474 0.04539473 0.0563976  0.06165561]]
    kl_div: 0.07566738429246471 +/- 0.16751247075809234
