biased_point
  When I roll dice, they land on 4 40% of the time.
    choice_probs: [0.13165179 0.138957   0.16932237 0.25143515 0.1684373  0.14019638] +/- [0.05227737 0.06112059 0.06693456 0.14207146 0.0830791  0.04704918]
    expected_dist: [0.11999992 0.11999992 0.11999992 0.3999998  0.11999992 0.11999992] +/- [7.4505806e-08 7.4505806e-08 7.4505806e-08 2.3841858e-07 7.4505806e-08
 7.4505806e-08]
    all_seq_probs: [[0.13165179 0.138957   0.16932237 0.25143515 0.1684373  0.14019638]] +/- [[0.05227737 0.06112059 0.06693456 0.14207146 0.0830791  0.04704918]]
    kl_div: 0.16196809178421973 +/- 0.1553839339546691
    tvd: 0.22397627697326242 +/- 0.08543009064776132
  tvd_auc: 0.0 +/- 0.0
