biased_point
  tvd_auc: 0.0 +/- 0.0
  When you roll dice, they land on 1 20% of the time.
    choice_probs: [0.14376014 0.16442889 0.11408105 0.10033554 0.1927095  0.28468489] +/- [0.15986888 0.16684804 0.11643926 0.10073384 0.2093295  0.20166231]
    kl_div: 0.603857352551975 +/- 0.5318750987408579
    expected_dist: [0.20000048 0.15999988 0.15999988 0.15999988 0.15999988 0.15999988] +/- [4.4703484e-07 1.6391277e-07 1.6391277e-07 1.6391277e-07 1.6391277e-07
 1.6391277e-07]
    all_seq_probs: [[0.14376014 0.16442889 0.11408105 0.10033554 0.1927095  0.28468489]] +/- [[0.15986888 0.16684804 0.11643926 0.10073384 0.2093295  0.20166231]]
    tvd: 0.4041497343083611 +/- 0.15136024137882395
