biased_point
  When I roll dice, they land on 1 60% of the time.
    kl_div: 0.15152186768333195 +/- 0.11612048179428933
    all_seq_probs: [[0.42378734 0.16817224 0.11256204 0.08255826 0.10376927 0.10915084]] +/- [[0.13276106 0.04727986 0.04742284 0.03688248 0.05253736 0.0519992 ]]
    choice_probs: [0.42378734 0.16817224 0.11256204 0.08255826 0.10376927 0.10915084] +/- [0.13276106 0.04727986 0.04742284 0.03688248 0.05253736 0.0519992 ]
    expected_dist: [0.60000026 0.07999998 0.07999998 0.07999998 0.07999998 0.07999998] +/- [1.7881393e-07 4.4703484e-08 4.4703484e-08 4.4703484e-08 4.4703484e-08
 4.4703484e-08]
    tvd: 0.2189372810162604 +/- 0.09845442697468472
  tvd_auc: 0.0 +/- 0.0
