biased_point
  When you roll dice, they land on 5 0% of the time.
    all_seq_probs: [[0.19475216 0.24722582 0.20689289 0.09986662 0.09812785 0.15313466]] +/- [[0.24601485 0.25193288 0.23128658 0.13664592 0.09631458 0.19306888]]
    choice_probs: [0.19475216 0.24722582 0.20689289 0.09986662 0.09812785 0.15313466] +/- [0.24601485 0.25193288 0.23128658 0.13664592 0.09631458 0.19306888]
    expected_dist: [2.0000048e-01 2.0000048e-01 2.0000048e-01 2.0000048e-01 9.9999795e-09
 2.0000048e-01] +/- [4.6193600e-07 4.6193600e-07 4.6193600e-07 4.6193600e-07 1.8651747e-14
 4.6193600e-07]
    kl_div: 1.9241139894483588 +/- 1.3646734355738683
    tvd: 0.4993409258909307 +/- 0.1343805366241362
  tvd_auc: 0.0 +/- 0.0
