biased_point
  tvd_auc: 0.0 +/- 0.0
  When I roll dice, they land on 3 40% of the time.
    expected_dist: [0.11999992 0.11999992 0.3999998  0.11999992 0.11999992 0.11999992] +/- [7.4505806e-08 7.4505806e-08 2.3841858e-07 7.4505806e-08 7.4505806e-08
 7.4505806e-08]
    tvd: 0.2670937003009021 +/- 0.09398167243742972
    kl_div: 0.24168705416843295 +/- 0.19909692710030172
    choice_probs: [0.13503632 0.18520881 0.20647445 0.17670783 0.14023438 0.1563382 ] +/- [0.07059221 0.07630331 0.11395669 0.10390193 0.07162799 0.06274081]
    all_seq_probs: [[0.13503632 0.18520881 0.20647445 0.17670783 0.14023438 0.1563382 ]] +/- [[0.07059221 0.07630331 0.11395669 0.10390193 0.07162799 0.06274081]]
unconditional_point
  expected_dist: [0.16666663 0.16666663 0.16666663 0.16666663 0.16666663 0.16666663] +/- [5.9604645e-08 5.9604645e-08 5.9604645e-08 5.9604645e-08 5.9604645e-08
 5.9604645e-08]
  tvd: 0.3074364263145253 +/- 0.13395797920990754
  kl_div: 0.4104440096823964 +/- 0.3798823389498902
  choice_probs: [0.14758272 0.18643579 0.14143361 0.20388625 0.13750915 0.18315249] +/- [0.09948028 0.13468144 0.17342887 0.15820893 0.10193493 0.08812   ]
  all_seq_probs: [[0.14758272 0.18643579 0.14143361 0.20388625 0.13750915 0.18315249]] +/- [[0.09948028 0.13468144 0.17342887 0.15820893 0.10193493 0.08812   ]]
