biased_point
  tvd_auc: 0.0 +/- 0.0
  When you roll dice, they land on 2 0% of the time.
    choice_probs: [0.07434667 0.23435104 0.15278589 0.2059599  0.25166152 0.08089496] +/- [0.04598914 0.19056341 0.10867116 0.11082186 0.19060429 0.06901126]
    all_seq_probs: [[0.07434667 0.23435104 0.15278589 0.2059599  0.25166152 0.08089496]] +/- [[0.04598914 0.19056341 0.10867116 0.11082186 0.19060429 0.06901126]]
    expected_dist: [2.0000048e-01 9.9999795e-09 2.0000048e-01 2.0000048e-01 2.0000048e-01
 2.0000048e-01] +/- [4.6193600e-07 1.8651747e-14 4.6193600e-07 4.6193600e-07 4.6193600e-07
 4.6193600e-07]
    tvd: 0.4079751278886496 +/- 0.14456076262034676
    kl_div: 0.7808874039846869 +/- 0.5338774778822492
unconditional_point
  choice_probs: [0.0256632  0.28222174 0.19727182 0.21534565 0.22702571 0.05247189] +/- [0.02337099 0.25185844 0.15420816 0.11949399 0.16501839 0.06874679]
  all_seq_probs: [[0.0256632  0.28222174 0.19727182 0.21534565 0.22702571 0.05247189]] +/- [[0.02337099 0.25185844 0.15420816 0.11949399 0.16501839 0.06874679]]
  expected_dist: [0.16666676 0.16666676 0.16666676 0.16666676 0.16666676 0.16666676] +/- [7.4505806e-08 7.4505806e-08 7.4505806e-08 7.4505806e-08 7.4505806e-08
 7.4505806e-08]
  tvd: 0.41096665356885204 +/- 0.13250606681286634
  kl_div: 0.9975698927732592 +/- 0.6444092215594512
