unconditional_point
  tvd: 0.12209295226633549 +/- 0.08729442639628092
  expected_dist: [0.5 0.5] +/- [0. 0.]
  kl_div: 0.05216491323709488 +/- 0.07473069395271591
  all_seq_probs: [[0.41592203 0.58407797]] +/- [[0.12432981 0.1243298 ]]
  choice_probs: [0.41592203 0.58407797] +/- [0.12432981 0.1243298 ]
biased_point
  When you flip coins, they land on heads 80% of the time.
    tvd: 0.10264433833956718 +/- 0.08001233325881671
    expected_dist: [0.8000019  0.20000048] +/- [1.9073486e-06 4.6193600e-07]
    kl_div: 0.039280542055144904 +/- 0.05021546762632397
    all_seq_probs: [[0.70340606 0.29659393]] +/- [[0.08722067 0.08722067]]
    choice_probs: [0.70340606 0.29659393] +/- [0.08722067 0.08722067]
  tvd_auc: 0.0 +/- 0.0
