biased_point
  tvd_auc: 0.0 +/- 0.0
  When I roll dice, they land on 2 100% of the time.
    all_seq_probs: [[0.01681267 0.93058396 0.01850882 0.01282223 0.00570671 0.01556562]] +/- [[0.00837691 0.03463026 0.01030976 0.00594765 0.00327006 0.0097045 ]]
    kl_div: 0.07265170880158109 +/- 0.037900740863258287
    choice_probs: [0.01681267 0.93058396 0.01850882 0.01282223 0.00570671 0.01556562] +/- [0.00837691 0.03463026 0.01030976 0.00594765 0.00327006 0.0097045 ]
    tvd: 0.06941601907737491 +/- 0.03463025845272827
    expected_dist: [1.0000003e-08 1.0000000e+00 1.0000003e-08 1.0000003e-08 1.0000003e-08
 1.0000003e-08] +/- [4.440892e-15 0.000000e+00 4.440892e-15 4.440892e-15 4.440892e-15
 4.440892e-15]
