biased_point
  tvd_auc: 0.0 +/- 0.0
  When I roll dice, they land on 5 40% of the time.
    all_seq_probs: [[0.12248071 0.13728005 0.14053613 0.18992287 0.26648254 0.1432977 ]] +/- [[0.04864312 0.07792858 0.04803576 0.05252294 0.08838196 0.06508644]]
    tvd: 0.19470624167472125 +/- 0.07767726879234255
    choice_probs: [0.12248071 0.13728005 0.14053613 0.18992287 0.26648254 0.1432977 ] +/- [0.04864312 0.07792858 0.04803576 0.05252294 0.08838196 0.06508644]
    kl_div: 0.13176932128553745 +/- 0.1223249987831989
    expected_dist: [0.11999992 0.11999992 0.11999992 0.11999992 0.3999998  0.11999992] +/- [7.4505806e-08 7.4505806e-08 7.4505806e-08 7.4505806e-08 2.3841858e-07
 7.4505806e-08]
