unconditional_point
  all_seq_probs: [[0.02125211 0.13075666 0.28939696 0.17324589 0.16072535 0.22462302]] +/- [[0.06581225 0.24969542 0.27087935 0.23375862 0.19463938 0.26101759]]
  expected_dist: [0.16666676 0.16666676 0.16666676 0.16666676 0.16666676 0.16666676] +/- [7.4505806e-08 7.4505806e-08 7.4505806e-08 7.4505806e-08 7.4505806e-08
 7.4505806e-08]
  choice_probs: [0.02125211 0.13075666 0.28939696 0.17324589 0.16072535 0.22462302] +/- [0.06581225 0.24969542 0.27087935 0.23375862 0.19463938 0.26101759]
  tvd: 0.5515338523919611 +/- 0.13862237128042787
  kl_div: 2.3698794426496606 +/- 1.3276334460047008
biased_point
  When you roll dice, they land on 3 20% of the time.
    all_seq_probs: [[0.10035186 0.33019615 0.26461291 0.07196076 0.10058049 0.13229783]] +/- [[0.20409068 0.40166134 0.30142835 0.14951753 0.24602215 0.20361775]]
    expected_dist: [0.15999988 0.15999988 0.20000048 0.15999988 0.15999988 0.15999988] +/- [1.6391277e-07 1.6391277e-07 4.4703484e-07 1.6391277e-07 1.6391277e-07
 1.6391277e-07]
    choice_probs: [0.10035186 0.33019615 0.26461291 0.07196076 0.10058049 0.13229783] +/- [0.20409068 0.40166134 0.30142835 0.14951753 0.24602215 0.20361775]
    tvd: 0.6230352600484852 +/- 0.1592015508022492
    kl_div: 2.705412747839466 +/- 2.0590767831554087
  tvd_auc: 0.0 +/- 0.0
