biased_point
  When I roll dice, they land on 3 60% of the time.
    tvd: 0.33760344721376895 +/- 0.07452757738134966
    choice_probs: [0.08442338 0.09706208 0.30615041 0.13463116 0.10193837 0.2757946 ] +/- [0.04853674 0.05330795 0.10714973 0.0452726  0.04171554 0.08799325]
    expected_dist: [0.07999998 0.07999998 0.60000026 0.07999998 0.07999998 0.07999998] +/- [4.4703484e-08 4.4703484e-08 1.7881393e-07 4.4703484e-08 4.4703484e-08
 4.4703484e-08]
    all_seq_probs: [[0.08442338 0.09706208 0.30615041 0.13463116 0.10193837 0.2757946 ]] +/- [[0.04853674 0.05330795 0.10714973 0.0452726  0.04171554 0.08799325]]
    kl_div: 0.30483774839434774 +/- 0.13332393298004683
  tvd_auc: 0.0 +/- 0.0
