unconditional_point
  choice_probs: [0.58267119 0.41732881] +/- [0.14617868 0.1461787 ]
  tvd: 0.12857705026865004 +/- 0.10803090772186065
  kl_div: 0.0757368865609169 +/- 0.14245182630028233
  all_seq_probs: [[0.58267119 0.41732881]] +/- [[0.14617868 0.1461787 ]]
  expected_dist: [0.5 0.5] +/- [0. 0.]
biased_point
  tvd_auc: 0.0 +/- 0.0
  When I flip coins they land on heads 80% of the time.
    choice_probs: [0.58459225 0.41540776] +/- [0.1179901  0.11799011]
    tvd: 0.22005897924304008 +/- 0.10906975460627238
    kl_div: 0.1318699725624174 +/- 0.11065858791953363
    all_seq_probs: [[0.58459225 0.41540776]] +/- [[0.1179901  0.11799011]]
    expected_dist: [0.7999996 0.1999999] +/- [4.1723251e-07 1.1920929e-07]
