biased_point
  tvd_auc: 0.0 +/- 0.0
  When I roll dice, they land on 2 80% of the time.
    tvd: 0.11507374498178251 +/- 0.0831258028102299
    expected_dist: [0.03999999 0.7999996  0.03999999 0.03999999 0.03999999 0.03999999] +/- [2.2351742e-08 3.5762787e-07 2.2351742e-08 2.2351742e-08 2.2351742e-08
 2.2351742e-08]
    choice_probs: [0.0524035  0.75433766 0.05586325 0.04756238 0.03620593 0.05362728] +/- [0.04515832 0.12348136 0.04119719 0.02886143 0.02416449 0.03785569]
    all_seq_probs: [[0.0524035  0.75433766 0.05586325 0.04756238 0.03620593 0.05362728]] +/- [[0.04515832 0.12348136 0.04119719 0.02886143 0.02416449 0.03785569]]
    kl_div: 0.08731631473638117 +/- 0.08657627763280137
