biased_point
  When I roll dice, they land on 3 60% of the time.
    expected_dist: [0.07999998 0.07999998 0.60000026 0.07999998 0.07999998 0.07999998] +/- [4.4703484e-08 4.4703484e-08 1.7881393e-07 4.4703484e-08 4.4703484e-08
 4.4703484e-08]
    tvd: 0.2604311487916857 +/- 0.11108286644862643
    all_seq_probs: [[0.12224041 0.12541324 0.39988435 0.14364501 0.10981045 0.09900654]] +/- [[0.06208656 0.05214867 0.18895382 0.06413409 0.04910818 0.05054213]]
    choice_probs: [0.12224041 0.12541324 0.39988435 0.14364501 0.10981045 0.09900654] +/- [0.06208656 0.05214867 0.18895382 0.06413409 0.04910818 0.05054213]
    kl_div: 0.20643099455315678 +/- 0.14863741978367936
  tvd_auc: 0.0 +/- 0.0
