unconditional_point
  choice_probs: [0.61763921 0.3823608 ] +/- [0.13278628 0.13278629]
  all_seq_probs: [[0.61763921 0.3823608 ]] +/- [[0.13278628 0.13278629]]
  expected_dist: [0.5 0.5] +/- [0. 0.]
  tvd: 0.14991663771867753 +/- 0.0948482028634575
  kl_div: 0.07338402843475342 +/- 0.08133727426451247
biased_point
  tvd_auc: 0.0 +/- 0.0
  When you flip coins, they land on heads 50% of the time.
    choice_probs: [0.57625453 0.42374547] +/- [0.1172814  0.11728141]
    all_seq_probs: [[0.57625453 0.42374547]] +/- [[0.1172814  0.11728141]]
    expected_dist: [0.5 0.5] +/- [0. 0.]
    tvd: 0.11777198189496994 +/- 0.07549464542953079
    kl_div: 0.04331607085466385 +/- 0.05279350931447811
