biased_point
  When I roll dice, they land on 1 0% of the time.
    tvd: 0.33897297518448144 +/- 0.083496665436767
    kl_div: 0.4893768912854023 +/- 0.2107841925068122
    all_seq_probs: [[0.26572395 0.18574184 0.14962568 0.13703441 0.11951721 0.14235691]] +/- [[0.10065288 0.07993932 0.08640948 0.06995448 0.08380837 0.0739222 ]]
    expected_dist: [1.0000003e-08 1.9999990e-01 1.9999990e-01 1.9999990e-01 1.9999990e-01
 1.9999990e-01] +/- [4.4408921e-15 1.1920929e-07 1.1920929e-07 1.1920929e-07 1.1920929e-07
 1.1920929e-07]
    choice_probs: [0.26572395 0.18574184 0.14962568 0.13703441 0.11951721 0.14235691] +/- [0.10065288 0.07993932 0.08640948 0.06995448 0.08380837 0.0739222 ]
  tvd_auc: 0.0 +/- 0.0
