biased_point
  tvd_auc: 0.0 +/- 0.0
  When I flip coins they land on heads 20% of the time.
    choice_probs: [0.41830797 0.58169204] +/- [0.09773649 0.09773648]
    expected_dist: [0.1999999 0.7999996] +/- [1.1920929e-07 4.1723251e-07]
    all_seq_probs: [[0.41830797 0.58169204]] +/- [[0.09773649 0.09773648]]
    kl_div: 0.12508821994066238 +/- 0.09680611043823248
    tvd: 0.21830795869231223 +/- 0.09773648919865498
unconditional_point
  choice_probs: [0.34289402 0.65710598] +/- [0.14192435 0.14192434]
  expected_dist: [0.5 0.5] +/- [0. 0.]
  all_seq_probs: [[0.34289402 0.65710598]] +/- [[0.14192435 0.14192434]]
  kl_div: 0.14383631855249404 +/- 0.2597540172041624
  tvd: 0.17258050780743361 +/- 0.12264084490978468
