unconditional_point
  tvd: 0.11395580947399139 +/- 0.042676115401742314
  all_seq_probs: [[0.18782714 0.18000193 0.18801658 0.17235901 0.19126361 0.08053173]] +/- [[0.0266307  0.05406137 0.02127181 0.02456942 0.03903527 0.03620182]]
  expected_dist: [0.16666663 0.16666663 0.16666663 0.16666663 0.16666663 0.16666663] +/- [5.9604645e-08 5.9604645e-08 5.9604645e-08 5.9604645e-08 5.9604645e-08
 5.9604645e-08]
  kl_div: 0.0699133468978107 +/- 0.04810947541835118
  choice_probs: [0.18782714 0.18000193 0.18801658 0.17235901 0.19126361 0.08053173] +/- [0.0266307  0.05406137 0.02127181 0.02456942 0.03903527 0.03620182]
biased_point
  tvd_auc: 0.0 +/- 0.0
  When I roll dice, they land on 6 80% of the time.
    tvd: 0.2165928711555898 +/- 0.22474892888132322
    all_seq_probs: [[0.09230039 0.07990685 0.07108051 0.0770738  0.08429127 0.59534717]] +/- [[0.03986553 0.09082054 0.04694926 0.04990488 0.04529521 0.23509652]]
    expected_dist: [0.03999999 0.03999999 0.03999999 0.03999999 0.03999999 0.7999996 ] +/- [2.2351742e-08 2.2351742e-08 2.2351742e-08 2.2351742e-08 2.2351742e-08
 4.1723251e-07]
    kl_div: 0.24888377614232013 +/- 0.42000404841478006
    choice_probs: [0.09230039 0.07990685 0.07108051 0.0770738  0.08429127 0.59534717] +/- [0.03986553 0.09082054 0.04694926 0.04990488 0.04529521 0.23509652]
