unconditional_point
  all_seq_probs: [[0.02952286 0.27047096 0.29692523 0.08475168 0.23908337 0.0792459 ]] +/- [[0.0181517  0.19521602 0.13005449 0.11246549 0.14587868 0.05024328]]
  tvd: 0.4006664508207468 +/- 0.09288027272015685
  kl_div: 0.7731357405535818 +/- 0.40992583247659586
  choice_probs: [0.02952286 0.27047096 0.29692523 0.08475168 0.23908337 0.0792459 ] +/- [0.0181517  0.19521602 0.13005449 0.11246549 0.14587868 0.05024328]
  expected_dist: [0.16666676 0.16666676 0.16666676 0.16666676 0.16666676 0.16666676] +/- [7.4505806e-08 7.4505806e-08 7.4505806e-08 7.4505806e-08 7.4505806e-08
 7.4505806e-08]
biased_point
  When you roll dice, they land on 4 60% of the time.
    all_seq_probs: [[0.07963945 0.17250404 0.11371829 0.39597914 0.11460041 0.12355868]] +/- [[0.05316125 0.21179214 0.08738729 0.25265271 0.10117516 0.06960471]]
    tvd: 0.31574538502423094 +/- 0.2135895556099685
    kl_div: 0.4488504023026035 +/- 0.6103211650174273
    choice_probs: [0.07963945 0.17250404 0.11371829 0.39597914 0.11460041 0.12355868] +/- [0.05316125 0.21179214 0.08738729 0.25265271 0.10117516 0.06960471]
    expected_dist: [0.07999994 0.07999994 0.07999994 0.6        0.07999994 0.07999994] +/- [5.9604645e-08 5.9604645e-08 5.9604645e-08 0.0000000e+00 5.9604645e-08
 5.9604645e-08]
  tvd_auc: 0.0 +/- 0.0
