biased_point
  When you flip coins, they land on heads 80% of the time.
    all_seq_probs: [[0.36842509 0.63157492]] +/- [[0.19889126 0.19889125]]
    choice_probs: [0.36842509 0.63157492] +/- [0.19889126 0.19889125]
    expected_dist: [0.8000019  0.20000048] +/- [1.9073486e-06 4.6193600e-07]
    tvd: 0.4356051272153854 +/- 0.18990210353005416
    kl_div: 0.5614417502922006 +/- 0.49353725499944284
  tvd_auc: 0.0 +/- 0.0
unconditional_point
  all_seq_probs: [[0.17600644 0.82399356]] +/- [[0.16952632 0.16952632]]
  choice_probs: [0.17600644 0.82399356] +/- [0.16952632 0.16952632]
  expected_dist: [0.5 0.5] +/- [0. 0.]
  tvd: 0.3491108888462186 +/- 0.10877769720897351
  kl_div: 0.47114528900384905 +/- 0.3151746783865944
