biased_point
  tvd_auc: 0.0 +/- 0.0
  When you roll dice, they land on 6 60% of the time.
    expected_dist: [0.07999994 0.07999994 0.07999994 0.07999994 0.07999994 0.6       ] +/- [5.9604645e-08 5.9604645e-08 5.9604645e-08 5.9604645e-08 5.9604645e-08
 0.0000000e+00]
    choice_probs: [0.20482222 0.17403176 0.09430422 0.23488789 0.02850229 0.26345163] +/- [0.26524824 0.27737901 0.15237621 0.29804247 0.06154022 0.36144656]
    all_seq_probs: [[0.20482222 0.17403176 0.09430422 0.23488789 0.02850229 0.26345163]] +/- [[0.26524824 0.27737901 0.15237621 0.29804247 0.06154022 0.36144656]]
    tvd: 0.6263360204498788 +/- 0.21099286138209683
    kl_div: 4.058087311895797 +/- 3.3826956188251516
