biased_point
  tvd_auc: 0.0 +/- 0.0
  When I roll dice, they land on 6 20% of the time.
    expected_dist: [0.15999995 0.15999995 0.15999995 0.15999995 0.15999995 0.1999999 ] +/- [8.9406967e-08 8.9406967e-08 8.9406967e-08 8.9406967e-08 8.9406967e-08
 1.3411045e-07]
    kl_div: 0.013445940511883237 +/- 0.033218839433396416
    choice_probs: [0.15533234 0.16957104 0.15530481 0.16407187 0.16585834 0.18986161] +/- [0.02186461 0.02050055 0.02066756 0.01722197 0.01553369 0.05620993]
    tvd: 0.05533806681632995 +/- 0.04123170296597132
    all_seq_probs: [[0.15533234 0.16957104 0.15530481 0.16407187 0.16585834 0.18986161]] +/- [[0.02186461 0.02050055 0.02066756 0.01722197 0.01553369 0.05620993]]
