biased_point
  tvd_auc: 0.0 +/- 0.0
  When you roll dice, they land on 4 40% of the time.
    choice_probs: [0.03086088 0.11432542 0.19896619 0.53374035 0.02648228 0.09646501] +/- [0.08728302 0.25798489 0.2826681  0.39308314 0.09328372 0.23903223]
    all_seq_probs: [[0.03086088 0.11432542 0.19896619 0.53374035 0.02648228 0.09646501]] +/- [[0.08728302 0.25798489 0.2826681  0.39308314 0.09328372 0.23903223]]
    tvd: 0.5779522720184177 +/- 0.14538998148954344
    kl_div: 2.2028743888726456 +/- 1.3738443332237984
    expected_dist: [0.12000033 0.12000033 0.12000033 0.40000096 0.12000033 0.12000033] +/- [3.3527613e-07 3.3527613e-07 3.3527613e-07 9.2387199e-07 3.3527613e-07
 3.3527613e-07]
