biased_point
  tvd_auc: 0.0 +/- 0.0
  When I flip coins they land on heads 100% of the time.
    expected_dist: [1.0000000e+00 1.0000003e-08] +/- [0.000000e+00 4.440892e-15]
    all_seq_probs: [[0.84132812 0.15866943]] +/- [[0.12621212 0.12643768]]
    tvd: 0.15867064929687594 +/- 0.12629325190143054
    choice_probs: [0.84132812 0.15866943] +/- [0.12621212 0.12643768]
    kl_div: 0.18631819680493864 +/- 0.17271275390543056
