unconditional_point
  all_seq_probs: [[0.16872146 0.17845674 0.18135729 0.17174137 0.17967676 0.1200464 ]] +/- [[0.03431746 0.05498646 0.02607594 0.02942494 0.04117117 0.03753658]]
  choice_probs: [0.16872146 0.17845674 0.18135729 0.17174137 0.17967676 0.1200464 ] +/- [0.03431746 0.05498646 0.02607594 0.02942494 0.04117117 0.03753658]
  tvd: 0.0918080172687769 +/- 0.0506529279733197
  expected_dist: [0.16666663 0.16666663 0.16666663 0.16666663 0.16666663 0.16666663] +/- [5.9604645e-08 5.9604645e-08 5.9604645e-08 5.9604645e-08 5.9604645e-08
 5.9604645e-08]
  kl_div: 0.04292824086762266 +/- 0.05207841681870432
biased_point
  When I roll dice, they land on 6 80% of the time.
    all_seq_probs: [[0.12614453 0.13507904 0.1223605  0.13850248 0.13221699 0.34569647]] +/- [[0.05540514 0.08141809 0.05049484 0.05143886 0.04778625 0.20222072]]
    choice_probs: [0.12614453 0.13507904 0.1223605  0.13850248 0.13221699 0.34569647] +/- [0.05540514 0.08141809 0.05049484 0.05143886 0.04778625 0.20222072]
    tvd: 0.4574332813173532 +/- 0.19800642783930253
    expected_dist: [0.03999999 0.03999999 0.03999999 0.03999999 0.03999999 0.7999996 ] +/- [2.2351742e-08 2.2351742e-08 2.2351742e-08 2.2351742e-08 2.2351742e-08
 4.1723251e-07]
    kl_div: 0.5967915707686916 +/- 0.4161264944553424
  tvd_auc: 0.0 +/- 0.0
