biased_point
  When I roll dice, they land on 3 80% of the time.
    tvd: 0.10285307325655595 +/- 0.05031638292715513
    kl_div: 0.06526312619331293 +/- 0.04983991990869372
    all_seq_probs: [[0.04533557 0.05254223 0.76733069 0.05917148 0.0419489  0.03367112]] +/- [[0.03038293 0.04091287 0.0930422  0.03608208 0.02460849 0.0245562 ]]
    choice_probs: [0.04533557 0.05254223 0.76733069 0.05917148 0.0419489  0.03367112] +/- [0.03038293 0.04091287 0.0930422  0.03608208 0.02460849 0.0245562 ]
    expected_dist: [0.03999999 0.03999999 0.7999996  0.03999999 0.03999999 0.03999999] +/- [2.2351742e-08 2.2351742e-08 4.1723251e-07 2.2351742e-08 2.2351742e-08
 2.2351742e-08]
  tvd_auc: 0.0 +/- 0.0
