biased_point
  tvd_auc: 0.0 +/- 0.0
  When I roll dice, they land on 2 40% of the time.
    all_seq_probs: [[0.12176517 0.26030707 0.14516807 0.27384036 0.10186322 0.09705612]] +/- [[0.06495004 0.12053734 0.05912553 0.12356624 0.06332509 0.06793025]]
    kl_div: 0.26653918089985384 +/- 0.27087027372021516
    choice_probs: [0.12176517 0.26030707 0.14516807 0.27384036 0.10186322 0.09705612] +/- [0.06495004 0.12053734 0.05912553 0.12356624 0.06332509 0.06793025]
    tvd: 0.2704989816062152 +/- 0.10788517257156006
    expected_dist: [0.11999992 0.3999998  0.11999992 0.11999992 0.11999992 0.11999992] +/- [7.4505806e-08 2.3841858e-07 7.4505806e-08 7.4505806e-08 7.4505806e-08
 7.4505806e-08]
