unconditional_point
  tvd: 0.35170799331273883 +/- 0.09092124026775998
  choice_probs: [0.05179337 0.27555738 0.28558175 0.19162425 0.08729072 0.10815254] +/- [0.03087127 0.17192045 0.14076618 0.12145137 0.06668624 0.08198676]
  kl_div: 0.4750102539965883 +/- 0.1977732430518879
  all_seq_probs: [[0.05179337 0.27555738 0.28558175 0.19162425 0.08729072 0.10815254]] +/- [[0.03087127 0.17192045 0.14076618 0.12145137 0.06668624 0.08198676]]
  expected_dist: [0.16666663 0.16666663 0.16666663 0.16666663 0.16666663 0.16666663] +/- [5.9604645e-08 5.9604645e-08 5.9604645e-08 5.9604645e-08 5.9604645e-08
 5.9604645e-08]
biased_point
  tvd_auc: 0.0 +/- 0.0
  When I roll dice, they land on 1 40% of the time.
    tvd: 0.3560086060874164 +/- 0.059247774483126125
    choice_probs: [0.14508487 0.30366153 0.22391873 0.14995231 0.07573117 0.10165138] +/- [0.06243782 0.11818483 0.11156222 0.05565458 0.03192973 0.0447033 ]
    kl_div: 0.39827465123613365 +/- 0.1931447249165729
    all_seq_probs: [[0.14508487 0.30366153 0.22391873 0.14995231 0.07573117 0.10165138]] +/- [[0.06243782 0.11818483 0.11156222 0.05565458 0.03192973 0.0447033 ]]
    expected_dist: [0.3999998  0.11999992 0.11999992 0.11999992 0.11999992 0.11999992] +/- [2.3841858e-07 7.4505806e-08 7.4505806e-08 7.4505806e-08 7.4505806e-08
 7.4505806e-08]
