biased_point
  When I roll dice, they land on 1 0% of the time.
    choice_probs: [0.12159326 0.16132719 0.18383179 0.17461739 0.19151775 0.16711263] +/- [0.02195097 0.03985105 0.02757972 0.02622839 0.03519263 0.04025448]
    expected_dist: [1.0000003e-08 1.9999990e-01 1.9999990e-01 1.9999990e-01 1.9999990e-01
 1.9999990e-01] +/- [4.4408921e-15 1.1920929e-07 1.1920929e-07 1.1920929e-07 1.1920929e-07
 1.1920929e-07]
    all_seq_probs: [[0.12159326 0.16132719 0.18383179 0.17461739 0.19151775 0.16711263]] +/- [[0.02195097 0.03985105 0.02757972 0.02622839 0.03519263 0.04025448]]
    kl_div: 0.15224571144951596 +/- 0.030656435557266843
    tvd: 0.148441087967988 +/- 0.027827186942827264
  tvd_auc: 0.0 +/- 0.0
