biased_point
  When you roll dice, they land on 2 80% of the time.
    kl_div: 0.3836021333747776 +/- 0.27757856666258607
    choice_probs: [0.01751863 0.71106316 0.05621444 0.04564072 0.11327295 0.0562901 ] +/- [0.01967692 0.27997836 0.06285763 0.05547607 0.14028163 0.07830376]
    all_seq_probs: [[0.01751863 0.71106316 0.05621444 0.04564072 0.11327295 0.0562901 ]] +/- [[0.01967692 0.27997836 0.06285763 0.05547607 0.14028163 0.07830376]]
    tvd: 0.26307454656208573 +/- 0.1579972152930511
    expected_dist: [0.03999997 0.8000019  0.03999997 0.03999997 0.03999997 0.03999997] +/- [4.0978193e-08 1.9669533e-06 4.0978193e-08 4.0978193e-08 4.0978193e-08
 4.0978193e-08]
  tvd_auc: 0.0 +/- 0.0
