biased_point
  tvd_auc: 0.0 +/- 0.0
  When you roll dice, they land on 5 40% of the time.
    kl_div: 0.2115303862150904 +/- 0.15245191712525788
    tvd: 0.25635647915117443 +/- 0.09658651845605701
    all_seq_probs: [[0.07897011 0.13658943 0.17019695 0.11731977 0.2711933  0.22573044]] +/- [[0.04866939 0.07808317 0.09025185 0.05350642 0.1149325  0.12640057]]
    choice_probs: [0.07897011 0.13658943 0.17019695 0.11731977 0.2711933  0.22573044] +/- [0.04866939 0.07808317 0.09025185 0.05350642 0.1149325  0.12640057]
    expected_dist: [0.12000033 0.12000033 0.12000033 0.12000033 0.40000096 0.12000033] +/- [3.3527613e-07 3.3527613e-07 3.3527613e-07 3.3527613e-07 9.2387199e-07
 3.3527613e-07]
