biased_point
  When I roll dice, they land on 2 100% of the time.
    choice_probs: [0.03169876 0.94141464 0.01255706 0.00383516 0.00245906 0.00803533] +/- [0.009801   0.01830569 0.00428336 0.00114802 0.00094379 0.00454367]
    all_seq_probs: [[0.03169876 0.94141464 0.01255706 0.00383516 0.00245906 0.00803533]] +/- [[0.009801   0.01830569 0.00428336 0.00114802 0.00094379 0.00454367]]
    kl_div: 0.060561073806959055 +/- 0.01953061675718419
    expected_dist: [1.0000003e-08 1.0000000e+00 1.0000003e-08 1.0000003e-08 1.0000003e-08
 1.0000003e-08] +/- [4.440892e-15 0.000000e+00 4.440892e-15 4.440892e-15 4.440892e-15
 4.440892e-15]
    tvd: 0.05858534345015356 +/- 0.018305687391897276
  tvd_auc: 0.0 +/- 0.0
unconditional_point
  choice_probs: [0.21003379 0.31495618 0.1733238  0.11230932 0.09419006 0.09518682] +/- [0.02298262 0.09022004 0.01888293 0.02545591 0.03000911 0.02363145]
  all_seq_probs: [[0.21003379 0.31495618 0.1733238  0.11230932 0.09419006 0.09518682]] +/- [[0.02298262 0.09022004 0.01888293 0.02545591 0.03000911 0.02363145]]
  kl_div: 0.1341052340401802 +/- 0.12404078996127424
  expected_dist: [0.16666663 0.16666663 0.16666663 0.16666663 0.16666663 0.16666663] +/- [5.9604645e-08 5.9604645e-08 5.9604645e-08 5.9604645e-08 5.9604645e-08
 5.9604645e-08]
  tvd: 0.20269930886104703 +/- 0.07787469397966323
