biased_point
  tvd_auc: 0.0 +/- 0.0
  When I roll dice, they land on 6 40% of the time.
    kl_div: 0.10804750242994487 +/- 0.08939887985275101
    expected_dist: [0.11999992 0.11999992 0.11999992 0.11999992 0.11999992 0.3999998 ] +/- [7.4505806e-08 7.4505806e-08 7.4505806e-08 7.4505806e-08 7.4505806e-08
 2.3841858e-07]
    choice_probs: [0.11812091 0.12618358 0.13478808 0.15535058 0.15574824 0.30980861] +/- [0.0595553  0.05381324 0.0422998  0.04454473 0.04742134 0.12229086]
    all_seq_probs: [[0.11812091 0.12618358 0.13478808 0.15535058 0.15574824 0.30980861]] +/- [[0.0595553  0.05381324 0.0422998  0.04454473 0.04742134 0.12229086]]
    tvd: 0.17957220042124392 +/- 0.04892178681260554
