biased_point
  When you roll dice, they land on 3 40% of the time.
    expected_dist: [0.12000033 0.12000033 0.40000096 0.12000033 0.12000033 0.12000033] +/- [3.3527613e-07 3.3527613e-07 9.2387199e-07 3.3527613e-07 3.3527613e-07
 3.3527613e-07]
    kl_div: 3.0407418916334863 +/- 2.088664195600317
    choice_probs: [0.07425194 0.29623472 0.2150613  0.28158864 0.07402497 0.05883843] +/- [0.14134041 0.37351032 0.27025118 0.35693191 0.18989447 0.12322817]
    tvd: 0.6364573229420474 +/- 0.15871636285098661
    all_seq_probs: [[0.07425194 0.29623472 0.2150613  0.28158864 0.07402497 0.05883843]] +/- [[0.14134041 0.37351032 0.27025118 0.35693191 0.18989447 0.12322817]]
  tvd_auc: 0.0 +/- 0.0
unconditional_point
  expected_dist: [0.16666676 0.16666676 0.16666676 0.16666676 0.16666676 0.16666676] +/- [7.4505806e-08 7.4505806e-08 7.4505806e-08 7.4505806e-08 7.4505806e-08
 7.4505806e-08]
  kl_div: 2.4591392283306632 +/- 0.988657308772526
  choice_probs: [0.00965923 0.2088526  0.23266    0.25967258 0.26510372 0.02405187] +/- [0.01510373 0.26878908 0.2811683  0.21863512 0.28650375 0.04307779]
  tvd: 0.583010007580536 +/- 0.08088660788203463
  all_seq_probs: [[0.00965923 0.2088526  0.23266    0.25967258 0.26510372 0.02405187]] +/- [[0.01510373 0.26878908 0.2811683  0.21863512 0.28650375 0.04307779]]
