biased_point
  When I flip coins they land on heads 80% of the time.
    choice_probs: [0.9265625  0.07489075] +/- [0.06186691 0.06204464]
    expected_dist: [0.7999996 0.1999999] +/- [4.1723251e-07 1.1920929e-07]
    kl_div: 0.1466366868140176 +/- 0.12883142471268771
    all_seq_probs: [[0.9265625  0.07489075]] +/- [[0.06186691 0.06204464]]
    tvd: 0.13188275396823884 +/- 0.047657442335862055
  tvd_auc: 0.0 +/- 0.0
