biased_point
  When I roll dice, they land on 4 40% of the time.
    choice_probs: [0.14115971 0.14950334 0.15435834 0.26350105 0.16160061 0.12987694] +/- [0.04761966 0.04642714 0.03674772 0.06512809 0.05315612 0.04896069]
    tvd: 0.17627408780157566 +/- 0.04999749569003174
    expected_dist: [0.11999992 0.11999992 0.11999992 0.3999998  0.11999992 0.11999992] +/- [7.4505806e-08 7.4505806e-08 7.4505806e-08 2.3841858e-07 7.4505806e-08
 7.4505806e-08]
    all_seq_probs: [[0.14115971 0.14950334 0.15435834 0.26350105 0.16160061 0.12987694]] +/- [[0.04761966 0.04642714 0.03674772 0.06512809 0.05315612 0.04896069]]
    kl_div: 0.096399381737956 +/- 0.052831583365534014
  tvd_auc: 0.0 +/- 0.0
