biased_point
  When you roll dice, they land on 4 20% of the time.
    choice_probs: [0.13145688 0.09210503 0.2642057  0.07197418 0.11683651 0.32342171] +/- [0.2520025  0.2013416  0.32377739 0.16845754 0.18825573 0.36462731]
    all_seq_probs: [[0.13145688 0.09210503 0.2642057  0.07197418 0.11683651 0.32342171]] +/- [[0.2520025  0.2013416  0.32377739 0.16845754 0.18825573 0.36462731]]
    expected_dist: [0.15999988 0.15999988 0.15999988 0.20000048 0.15999988 0.15999988] +/- [1.3411045e-07 1.3411045e-07 1.3411045e-07 4.6193600e-07 1.3411045e-07
 1.3411045e-07]
    tvd: 0.6346611119492438 +/- 0.12885538177184092
    kl_div: 4.930448995218176 +/- 2.8066276359804925
  tvd_auc: 0.0 +/- 0.0
