biased_point
  When you flip coins, they land on heads 40% of the time.
    kl_div: 0.9015436497032643 +/- 0.6456829016923916
    choice_probs: [0.67858487 0.32141514] +/- [0.36332582 0.36332582]
    tvd: 0.424046795707196 +/- 0.17262528025772766
    all_seq_probs: [[0.67858487 0.32141514]] +/- [[0.36332582 0.36332582]]
    expected_dist: [0.40000096 0.6       ] +/- [9.23872e-07 0.00000e+00]
  tvd_auc: 0.0 +/- 0.0
unconditional_point
  kl_div: 1.667889372229576 +/- 0.537706494039224
  choice_probs: [0.64674727 0.35325274] +/- [0.46088372 0.46088372]
  tvd: 0.4824341043032473 +/- 0.034726042209512795
  all_seq_probs: [[0.64674727 0.35325274]] +/- [[0.46088372 0.46088372]]
  expected_dist: [0.5 0.5] +/- [0. 0.]
