biased_point
  tvd_auc: 0.0 +/- 0.0
  When I roll dice, they land on 2 20% of the time.
    all_seq_probs: [[0.17520838 0.23610423 0.14627679 0.13072651 0.13744117 0.17424291]] +/- [[0.11101991 0.10871396 0.0764492  0.06124996 0.10256248 0.11089236]]
    choice_probs: [0.17520838 0.23610423 0.14627679 0.13072651 0.13744117 0.17424291] +/- [0.11101991 0.10871396 0.0764492  0.06124996 0.10256248 0.11089236]
    kl_div: 0.18642874672634208 +/- 0.1508147627905577
    expected_dist: [0.15999995 0.1999999  0.15999995 0.15999995 0.15999995 0.15999995] +/- [8.9406967e-08 1.3411045e-07 8.9406967e-08 8.9406967e-08 8.9406967e-08
 8.9406967e-08]
    tvd: 0.22010257292538882 +/- 0.09035686693868088
