biased_point
  tvd_auc: 0.0 +/- 0.0
  When I flip coins they land on heads 10% of the time.
    tvd: 0.5799389331042767 +/- 0.23991859438099275
    expected_dist: [0.09999995 0.9000002 ] +/- [5.2154064e-08 2.3841858e-07]
    all_seq_probs: [[0.6825     0.32262211]] +/- [[0.238125   0.24171219]]
    kl_div: 2.701041949391365 +/- 3.1234206012853014
    choice_probs: [0.6825     0.32262211] +/- [0.238125   0.24171219]
