biased_point
  When I roll dice, they land on 5 60% of the time.
    tvd: 0.3088914648164064 +/- 0.1179659956810168
    choice_probs: [0.09929743 0.1157289  0.10847185 0.11696637 0.34272723 0.2168082 ] +/- [0.06680002 0.07211173 0.05240532 0.04808988 0.16117132 0.10775548]
    kl_div: 0.28719304557074793 +/- 0.2137846590033098
    expected_dist: [0.07999997 0.07999997 0.07999997 0.07999997 0.60000026 0.07999997] +/- [2.9802322e-08 2.9802322e-08 2.9802322e-08 2.9802322e-08 2.3841858e-07
 2.9802322e-08]
    all_seq_probs: [[0.09929743 0.1157289  0.10847185 0.11696637 0.34272723 0.2168082 ]] +/- [[0.06680002 0.07211173 0.05240532 0.04808988 0.16117132 0.10775548]]
  tvd_auc: 0.0 +/- 0.0
