biased_point
  When I roll dice, they land on 1 40% of the time.
    choice_probs: [0.29548425 0.13946607 0.1373315  0.14591632 0.13862876 0.14317307] +/- [0.05482453 0.02094378 0.01460235 0.02126046 0.02558439 0.03252696]
    expected_dist: [0.3999998  0.11999992 0.11999992 0.11999992 0.11999992 0.11999992] +/- [2.3841858e-07 7.4505806e-08 7.4505806e-08 7.4505806e-08 7.4505806e-08
 7.4505806e-08]
    tvd: 0.11697515618056059 +/- 0.039747728020259124
    all_seq_probs: [[0.29548425 0.13946607 0.1373315  0.14591632 0.13862876 0.14317307]] +/- [[0.05482453 0.02094378 0.01460235 0.02126046 0.02558439 0.03252696]]
    kl_div: 0.04107602203614078 +/- 0.02599118499453226
  tvd_auc: 0.0 +/- 0.0
