biased_point
  tvd_auc: 0.0 +/- 0.0
  When I flip coins they land on heads 90% of the time.
    tvd: 0.3134548284113407 +/- 0.13878102917071908
    choice_probs: [0.6428125  0.36790283] +/- [0.22274554 0.21809073]
    all_seq_probs: [[0.6428125  0.36790283]] +/- [[0.22274554 0.21809073]]
    expected_dist: [0.9000002  0.09999995] +/- [2.3841858e-07 5.2154064e-08]
    kl_div: 0.27929195791482925 +/- 0.12703592653760745
