biased_point
  tvd_auc: 0.0 +/- 0.0
  When I roll dice, they land on 3 80% of the time.
    all_seq_probs: [[0.04788262 0.04994289 0.75112668 0.04622038 0.0469918  0.05783563]] +/- [[0.03951689 0.03343263 0.12902434 0.03130239 0.03260553 0.05948763]]
    choice_probs: [0.04788262 0.04994289 0.75112668 0.04622038 0.0469918  0.05783563] +/- [0.03951689 0.03343263 0.12902434 0.03130239 0.03260553 0.05948763]
    expected_dist: [0.03999999 0.03999999 0.7999996  0.03999999 0.03999999 0.03999999] +/- [2.2351742e-08 2.2351742e-08 4.1723251e-07 2.2351742e-08 2.2351742e-08
 2.2351742e-08]
    kl_div: 0.09563113477139268 +/- 0.08847717448560347
    tvd: 0.12828001506160944 +/- 0.07841755124464797
