biased_point
  tvd_auc: 0.0 +/- 0.0
  When you flip coins, they land on heads 30% of the time.
    all_seq_probs: [[0.38378845 0.61621156]] +/- [[0.08989674 0.08989672]]
    expected_dist: [0.3       0.6999983] +/- [0.00000e+00 1.66893e-06]
    tvd: 0.1053217103779316 +/- 0.06331872729199275
    kl_div: 0.03225247198343277 +/- 0.033056332222494114
    choice_probs: [0.38378845 0.61621156] +/- [0.08989674 0.08989672]
unconditional_point
  all_seq_probs: [[0.54902837 0.45097165]] +/- [[0.09694491 0.09694491]]
  expected_dist: [0.5 0.5] +/- [0. 0.]
  tvd: 0.09144348073005676 +/- 0.058653091037864695
  kl_div: 0.02544438898563385 +/- 0.03711854059161131
  choice_probs: [0.54902837 0.45097165] +/- [0.09694491 0.09694491]
