biased_point
  tvd_auc: 0.0 +/- 0.0
  When you roll dice, they land on 4 60% of the time.
    tvd: 0.5977282547640925 +/- 0.17828688530068929
    kl_div: 2.39743546511 +/- 1.1911611209314006
    choice_probs: [0.02646593 0.06777143 0.11526619 0.22163053 0.19125667 0.37760926] +/- [0.0598088  0.11473591 0.13699316 0.3077181  0.21985627 0.25001279]
    expected_dist: [0.07999994 0.07999994 0.07999994 0.6        0.07999994 0.07999994] +/- [5.9604645e-08 5.9604645e-08 5.9604645e-08 0.0000000e+00 5.9604645e-08
 5.9604645e-08]
    all_seq_probs: [[0.02646593 0.06777143 0.11526619 0.22163053 0.19125667 0.37760926]] +/- [[0.0598088  0.11473591 0.13699316 0.3077181  0.21985627 0.25001279]]
