biased_point
  tvd_auc: 0.0 +/- 0.0
  When you roll dice, they land on 5 80% of the time.
    all_seq_probs: [[0.00547371 0.01072393 0.04200909 0.09328216 0.53841849 0.31009262]] +/- [[0.01908922 0.02424244 0.10654813 0.15069355 0.37405338 0.3000486 ]]
    kl_div: 1.2650409573392827 +/- 0.7945692724719905
    choice_probs: [0.00547371 0.01072393 0.04200909 0.09328216 0.53841849 0.31009262] +/- [0.01908922 0.02424244 0.10654813 0.15069355 0.37405338 0.3000486 ]
    expected_dist: [0.03999997 0.03999997 0.03999997 0.03999997 0.8000019  0.03999997] +/- [4.0978193e-08 4.0978193e-08 4.0978193e-08 4.0978193e-08 1.9073486e-06
 4.0978193e-08]
    tvd: 0.44234024702048064 +/- 0.2768287328959913
