biased_point
  When you flip coins, they land on heads 50% of the time.
    all_seq_probs: [[0.49251702 0.50748299]] +/- [[0.29251706 0.29251706]]
    expected_dist: [0.5 0.5] +/- [0. 0.]
    kl_div: 0.26491288793087003 +/- 0.2748691099265744
    tvd: 0.26549694207310676 +/- 0.12301868603548095
    choice_probs: [0.49251702 0.50748299] +/- [0.29251706 0.29251706]
  tvd_auc: 0.0 +/- 0.0
unconditional_point
  all_seq_probs: [[0.49535981 0.5046402 ]] +/- [[0.32352063 0.32352062]]
  expected_dist: [0.5 0.5] +/- [0. 0.]
  kl_div: 0.3371062447428703 +/- 0.2795441274852605
  tvd: 0.29957126558944586 +/- 0.1222464113816553
  choice_probs: [0.49535981 0.5046402 ] +/- [0.32352063 0.32352062]
