biased_point
  tvd_auc: 0.0 +/- 0.0
  When I roll dice, they land on 5 20% of the time.
    kl_div: 0.014244901171769015 +/- 0.04901590248660556
    tvd: 0.053768601752817634 +/- 0.04445791127195064
    expected_dist: [0.15999994 0.15999994 0.15999994 0.15999994 0.1999999  0.15999994] +/- [7.4505806e-08 7.4505806e-08 7.4505806e-08 7.4505806e-08 1.1920929e-07
 7.4505806e-08]
    all_seq_probs: [[0.16376073 0.15084647 0.15883101 0.15658835 0.17805769 0.19191577]] +/- [[0.02136618 0.01960302 0.01748599 0.012176   0.01667886 0.04834756]]
    choice_probs: [0.16376073 0.15084647 0.15883101 0.15658835 0.17805769 0.19191577] +/- [0.02136618 0.01960302 0.01748599 0.012176   0.01667886 0.04834756]
