biased_point
  tvd_auc: 0.0 +/- 0.0
  When you roll dice, they land on 6 80% of the time.
    kl_div: 1.4586325529827737 +/- 0.9031240630460782
    tvd: 0.4086946022662849 +/- 0.2768487316120233
    expected_dist: [0.03999997 0.03999997 0.03999997 0.03999997 0.03999997 0.8000019 ] +/- [4.0978193e-08 4.0978193e-08 4.0978193e-08 4.0978193e-08 4.0978193e-08
 1.9073486e-06]
    all_seq_probs: [[0.00760381 0.04039979 0.08363865 0.12239978 0.11548038 0.63047759]] +/- [[0.01987413 0.09240141 0.14618774 0.18963708 0.16644754 0.4245143 ]]
    choice_probs: [0.00760381 0.04039979 0.08363865 0.12239978 0.11548038 0.63047759] +/- [0.01987413 0.09240141 0.14618774 0.18963708 0.16644754 0.4245143 ]
