biased_point
  tvd_auc: 0.0 +/- 0.0
  When you roll dice, they land on 2 0% of the time.
    all_seq_probs: [[0.05928586 0.36829007 0.15033513 0.11566275 0.11520422 0.19122196]] +/- [[0.04807246 0.14811981 0.11290291 0.07097866 0.08044759 0.10663811]]
    kl_div: 0.7906044327638208 +/- 0.4512297212152059
    choice_probs: [0.05928586 0.36829007 0.15033513 0.11566275 0.11520422 0.19122196] +/- [0.04807246 0.14811981 0.11290291 0.07097866 0.08044759 0.10663811]
    tvd: 0.45466646231970925 +/- 0.13830760190399294
    expected_dist: [2.0000048e-01 9.9999795e-09 2.0000048e-01 2.0000048e-01 2.0000048e-01
 2.0000048e-01] +/- [4.6193600e-07 1.8651747e-14 4.6193600e-07 4.6193600e-07 4.6193600e-07
 4.6193600e-07]
