biased_point
  When I roll dice, they land on 3 40% of the time.
    all_seq_probs: [[0.13438482 0.15477245 0.23493348 0.20640622 0.14860127 0.12090173]] +/- [[0.05320362 0.05081749 0.08485964 0.05266092 0.05344532 0.05611243]]
    expected_dist: [0.11999992 0.11999992 0.3999998  0.11999992 0.11999992 0.11999992] +/- [7.4505806e-08 7.4505806e-08 2.3841858e-07 7.4505806e-08 7.4505806e-08
 7.4505806e-08]
    choice_probs: [0.13438482 0.15477245 0.23493348 0.20640622 0.14860127 0.12090173] +/- [0.05320362 0.05081749 0.08485964 0.05266092 0.05344532 0.05611243]
    kl_div: 0.15277097639162093 +/- 0.08958865194038532
    tvd: 0.218808018527925 +/- 0.06796879163840028
  tvd_auc: 0.0 +/- 0.0
