biased_point
  When I roll dice, they land on 2 80% of the time.
    choice_probs: [0.08006918 0.60651755 0.09369831 0.08332849 0.05363451 0.08275198] +/- [0.06314982 0.20183214 0.07598173 0.08254849 0.05269906 0.09171668]
    tvd: 0.23201816140674056 +/- 0.16419818007899534
    expected_dist: [0.03999999 0.7999996  0.03999999 0.03999999 0.03999999 0.03999999] +/- [2.2351742e-08 3.5762787e-07 2.2351742e-08 2.2351742e-08 2.2351742e-08
 2.2351742e-08]
    kl_div: 0.2060086676038918 +/- 0.21133770722740058
    all_seq_probs: [[0.08006918 0.60651755 0.09369831 0.08332849 0.05363451 0.08275198]] +/- [[0.06314982 0.20183214 0.07598173 0.08254849 0.05269906 0.09171668]]
  tvd_auc: 0.0 +/- 0.0
