biased_point
  When you roll dice, they land on 5 0% of the time.
    all_seq_probs: [[0.0740904  0.14430574 0.12448755 0.09219824 0.33343558 0.23148249]] +/- [[0.06748633 0.13739491 0.11251777 0.06915976 0.17451352 0.16223829]]
    tvd: 0.47391466629462503 +/- 0.16750664436441523
    choice_probs: [0.0740904  0.14430574 0.12448755 0.09219824 0.33343558 0.23148249] +/- [0.06748633 0.13739491 0.11251777 0.06915976 0.17451352 0.16223829]
    kl_div: 0.8870176651976686 +/- 0.6348723559395991
    expected_dist: [2.0000048e-01 2.0000048e-01 2.0000048e-01 2.0000048e-01 9.9999795e-09
 2.0000048e-01] +/- [4.6193600e-07 4.6193600e-07 4.6193600e-07 4.6193600e-07 1.8651747e-14
 4.6193600e-07]
  tvd_auc: 0.0 +/- 0.0
