biased_point
  When you roll dice, they land on 3 60% of the time.
    choice_probs: [0.07905047 0.107878   0.41907622 0.17569833 0.11287202 0.10542496] +/- [0.04076883 0.07692724 0.21854636 0.09427952 0.1121604  0.05671874]
    kl_div: 0.3021924880354054 +/- 0.30527845717695273
    tvd: 0.28238640171987933 +/- 0.14942463860608532
    expected_dist: [0.07999994 0.07999994 0.6        0.07999994 0.07999994 0.07999994] +/- [8.1956387e-08 8.1956387e-08 5.9604645e-08 8.1956387e-08 8.1956387e-08
 8.1956387e-08]
    all_seq_probs: [[0.07905047 0.107878   0.41907622 0.17569833 0.11287202 0.10542496]] +/- [[0.04076883 0.07692724 0.21854636 0.09427952 0.1121604  0.05671874]]
  tvd_auc: 0.0 +/- 0.0
unconditional_point
  choice_probs: [0.02782672 0.18755245 0.11073209 0.24341117 0.33659609 0.09388148] +/- [0.01321464 0.08971085 0.14874992 0.10849327 0.14061412 0.06992146]
  kl_div: 0.7491740274542826 +/- 0.18870416036303214
  tvd: 0.37412949796929024 +/- 0.05351003623434814
  expected_dist: [0.16666676 0.16666676 0.16666676 0.16666676 0.16666676 0.16666676] +/- [7.4505806e-08 7.4505806e-08 7.4505806e-08 7.4505806e-08 7.4505806e-08
 7.4505806e-08]
  all_seq_probs: [[0.02782672 0.18755245 0.11073209 0.24341117 0.33659609 0.09388148]] +/- [[0.01321464 0.08971085 0.14874992 0.10849327 0.14061412 0.06992146]]
