unconditional_point
  choice_probs: [0.07718981 0.37895256 0.17253287 0.14010241 0.12099591 0.11022644] +/- [0.06020883 0.15249038 0.03443497 0.04167428 0.04950979 0.03736019]
  kl_div: 0.2389107557470561 +/- 0.20446617167063175
  all_seq_probs: [[0.07718981 0.37895256 0.17253287 0.14010241 0.12099591 0.11022644]] +/- [[0.06020883 0.15249038 0.03443497 0.04167428 0.04950979 0.03736019]]
  tvd: 0.24991393636912107 +/- 0.12165897268843466
  expected_dist: [0.16666663 0.16666663 0.16666663 0.16666663 0.16666663 0.16666663] +/- [5.9604645e-08 5.9604645e-08 5.9604645e-08 5.9604645e-08 5.9604645e-08
 5.9604645e-08]
biased_point
  When I roll dice, they land on 1 80% of the time.
    choice_probs: [0.24661196 0.36698263 0.09847752 0.07507442 0.07637756 0.1364759 ] +/- [0.07901631 0.15261016 0.02882073 0.03680216 0.04616991 0.03041694]
    kl_div: 0.7812337782507529 +/- 0.29586029471754627
    all_seq_probs: [[0.24661196 0.36698263 0.09847752 0.07507442 0.07637756 0.1364759 ]] +/- [[0.07901631 0.15261016 0.02882073 0.03680216 0.04616991 0.03041694]]
    tvd: 0.5560639715567232 +/- 0.08209446179769687
    expected_dist: [0.7999996  0.03999999 0.03999999 0.03999999 0.03999999 0.03999999] +/- [3.5762787e-07 2.2351742e-08 2.2351742e-08 2.2351742e-08 2.2351742e-08
 2.2351742e-08]
  tvd_auc: 0.0 +/- 0.0
