biased_point
  When I flip coins they land on heads 0% of the time.
    expected_dist: [1.0000003e-08 1.0000000e+00] +/- [4.440892e-15 0.000000e+00]
    kl_div: 2.06894488572863 +/- 0.6895499453088378
    choice_probs: [0.84203025 0.15796976] +/- [0.10660317 0.10660318]
    tvd: 0.8420302416861916 +/- 0.10660317293161124
    all_seq_probs: [[0.84203025 0.15796976]] +/- [[0.10660317 0.10660318]]
  tvd_auc: 0.0 +/- 0.0
unconditional_point
  expected_dist: [0.5 0.5] +/- [0. 0.]
  kl_div: 0.27078002870082857 +/- 0.31008416754446755
  choice_probs: [0.69336071 0.30663927] +/- [0.20663115 0.20663116]
  tvd: 0.23770368445664644 +/- 0.1535635410749635
  all_seq_probs: [[0.69336071 0.30663927]] +/- [[0.20663115 0.20663116]]
