biased_point
  tvd_auc: 0.0 +/- 0.0
  When I roll dice, they land on 2 20% of the time.
    tvd: 0.14018721498548983 +/- 0.07412113822490486
    choice_probs: [0.17664341 0.19218446 0.1519642  0.15424342 0.16790333 0.15706118] +/- [0.07106885 0.05016496 0.04770498 0.05247382 0.06699972 0.08492245]
    expected_dist: [0.15999995 0.1999999  0.15999995 0.15999995 0.15999995 0.15999995] +/- [8.9406967e-08 1.3411045e-07 8.9406967e-08 8.9406967e-08 8.9406967e-08
 8.9406967e-08]
    all_seq_probs: [[0.17664341 0.19218446 0.1519642  0.15424342 0.16790333 0.15706118]] +/- [[0.07106885 0.05016496 0.04770498 0.05247382 0.06699972 0.08492245]]
    kl_div: 0.07179162432381418 +/- 0.07908528267217634
