biased_point
  When I roll dice, they land on 5 20% of the time.
    all_seq_probs: [[0.15785088 0.15862664 0.16907614 0.15507144 0.19729142 0.16208349]] +/- [[0.02706071 0.02154078 0.01279011 0.03162349 0.03752751 0.03930913]]
    kl_div: 0.019443100722128293 +/- 0.04506987967398037
    choice_probs: [0.15785088 0.15862664 0.16907614 0.15507144 0.19729142 0.16208349] +/- [0.02706071 0.02154078 0.01279011 0.03162349 0.03752751 0.03930913]
    tvd: 0.05686516338028014 +/- 0.038709497545761085
    expected_dist: [0.15999994 0.15999994 0.15999994 0.15999994 0.1999999  0.15999994] +/- [7.4505806e-08 7.4505806e-08 7.4505806e-08 7.4505806e-08 1.1920929e-07
 7.4505806e-08]
  tvd_auc: 0.0 +/- 0.0
