unconditional_point
  choice_probs: [0.14829    0.18421389 0.18783314 0.20231096 0.14330467 0.13404732] +/- [0.03692771 0.07607283 0.05519707 0.0316654  0.06671855 0.04708163]
  tvd: 0.13775257347151637 +/- 0.05074960614269063
  expected_dist: [0.16666663 0.16666663 0.16666663 0.16666663 0.16666663 0.16666663] +/- [5.9604645e-08 5.9604645e-08 5.9604645e-08 5.9604645e-08 5.9604645e-08
 5.9604645e-08]
  kl_div: 0.08862963076215237 +/- 0.053072381050603114
  all_seq_probs: [[0.14829    0.18421389 0.18783314 0.20231096 0.14330467 0.13404732]] +/- [[0.03692771 0.07607283 0.05519707 0.0316654  0.06671855 0.04708163]]
biased_point
  tvd_auc: 0.0 +/- 0.0
  When I roll dice, they land on 4 0% of the time.
    choice_probs: [0.14107417 0.19033879 0.18377021 0.21647123 0.12705121 0.14129439] +/- [0.03903562 0.08395457 0.05648847 0.03594942 0.06197523 0.06182765]
    tvd: 0.2592275782779715 +/- 0.04959378606368996
    expected_dist: [1.9999990e-01 1.9999990e-01 1.9999990e-01 1.0000003e-08 1.9999990e-01
 1.9999990e-01] +/- [1.1920929e-07 1.1920929e-07 1.1920929e-07 4.4408921e-15 1.1920929e-07
 1.1920929e-07]
    kl_div: 0.37473665833281333 +/- 0.07096205774929208
    all_seq_probs: [[0.14107417 0.19033879 0.18377021 0.21647123 0.12705121 0.14129439]] +/- [[0.03903562 0.08395457 0.05648847 0.03594942 0.06197523 0.06182765]]
