biased_point
  tvd_auc: 0.0 +/- 0.0
  When I roll dice, they land on 5 60% of the time.
    expected_dist: [0.07999997 0.07999997 0.07999997 0.07999997 0.60000026 0.07999997] +/- [2.9802322e-08 2.9802322e-08 2.9802322e-08 2.9802322e-08 2.3841858e-07
 2.9802322e-08]
    all_seq_probs: [[0.12339174 0.16497474 0.16506568 0.17059293 0.2426926  0.13328231]] +/- [[0.04698599 0.10299531 0.05439717 0.0584384  0.15974924 0.05543016]]
    tvd: 0.38403125868178906 +/- 0.14009654292268783
    choice_probs: [0.12339174 0.16497474 0.16506568 0.17059293 0.2426926  0.13328231] +/- [0.04698599 0.10299531 0.05439717 0.0584384  0.15974924 0.05543016]
    kl_div: 0.46358336027245967 +/- 0.29730604671175825
unconditional_point
  expected_dist: [0.16666663 0.16666663 0.16666663 0.16666663 0.16666663 0.16666663] +/- [5.9604645e-08 5.9604645e-08 5.9604645e-08 5.9604645e-08 5.9604645e-08
 5.9604645e-08]
  all_seq_probs: [[0.15422882 0.20137513 0.20230812 0.18519829 0.11106647 0.14582319]] +/- [[0.04001322 0.08901953 0.03149608 0.05003991 0.06648577 0.03798548]]
  tvd: 0.1422139397636056 +/- 0.058746257670529274
  choice_probs: [0.15422882 0.20137513 0.20230812 0.18519829 0.11106647 0.14582319] +/- [0.04001322 0.08901953 0.03149608 0.05003991 0.06648577 0.03798548]
  kl_div: 0.09873126168298768 +/- 0.0667035171513274
