biased_point
  When I roll dice, they land on 2 0% of the time.
    choice_probs: [0.15470467 0.15102796 0.16679748 0.1683646  0.17421636 0.18488894] +/- [0.0224983  0.0133258  0.01881607 0.01969757 0.0185733  0.04019053]
    kl_div: 0.1762644744924046 +/- 0.01936858375512253
    expected_dist: [1.9999990e-01 1.0000003e-08 1.9999990e-01 1.9999990e-01 1.9999990e-01
 1.9999990e-01] +/- [1.1920929e-07 4.4408921e-15 1.1920929e-07 1.1920929e-07 1.1920929e-07
 1.1920929e-07]
    all_seq_probs: [[0.15470467 0.15102796 0.16679748 0.1683646  0.17421636 0.18488894]] +/- [[0.0224983  0.0133258  0.01881607 0.01969757 0.0185733  0.04019053]]
    tvd: 0.16270175970279788 +/- 0.023771746913409542
  tvd_auc: 0.0 +/- 0.0
