biased_point
  When you flip coins, they land on heads 10% of the time.
    expected_dist: [0.10000024 0.899998  ] +/- [2.3841858e-07 1.9669533e-06]
    kl_div: 0.05772401355835609 +/- 0.05313396575158124
    choice_probs: [0.06005673 0.93994328] +/- [0.06874096 0.06874096]
    all_seq_probs: [[0.06005673 0.93994328]] +/- [[0.06874096 0.06874096]]
    tvd: 0.06716587574686855 +/- 0.042538580926961535
  tvd_auc: 0.0 +/- 0.0
unconditional_point
  expected_dist: [0.5 0.5] +/- [0. 0.]
  kl_div: 0.789783065021038 +/- 0.35843735448196556
  choice_probs: [0.07697199 0.92302801] +/- [0.07123704 0.07123705]
  all_seq_probs: [[0.07697199 0.92302801]] +/- [[0.07123704 0.07123705]]
  tvd: 0.4230280096698552 +/- 0.0712370447441053
