biased_point
  tvd_auc: 0.0 +/- 0.0
  When I roll dice, they land on 3 0% of the time.
    tvd: 0.28174767516673715 +/- 0.07267996339097348
    expected_dist: [1.9999990e-01 1.9999990e-01 1.0000003e-08 1.9999990e-01 1.9999990e-01
 1.9999990e-01] +/- [1.1920929e-07 1.1920929e-07 4.4408921e-15 1.1920929e-07 1.1920929e-07
 1.1920929e-07]
    all_seq_probs: [[0.13781672 0.21986526 0.22020407 0.1410187  0.14329122 0.13780406]] +/- [[0.04674728 0.11876181 0.03113186 0.06956629 0.07585624 0.03586284]]
    choice_probs: [0.13781672 0.21986526 0.22020407 0.1410187  0.14329122 0.13780406] +/- [0.04674728 0.11876181 0.03113186 0.06956629 0.07585624 0.03586284]
    kl_div: 0.410776962015172 +/- 0.10793975780834432
unconditional_point
  tvd: 0.16681597113609314 +/- 0.08662828195685099
  expected_dist: [0.16666663 0.16666663 0.16666663 0.16666663 0.16666663 0.16666663] +/- [5.9604645e-08 5.9604645e-08 5.9604645e-08 5.9604645e-08 5.9604645e-08
 5.9604645e-08]
  all_seq_probs: [[0.14905827 0.22734421 0.20486517 0.14657046 0.14424714 0.12791475]] +/- [[0.04480035 0.12957663 0.03200452 0.06744234 0.06848776 0.03548049]]
  choice_probs: [0.14905827 0.22734421 0.20486517 0.14657046 0.14424714 0.12791475] +/- [0.04480035 0.12957663 0.03200452 0.06744234 0.06848776 0.03548049]
  kl_div: 0.12048118408332811 +/- 0.1230580041042839
