unconditional_point
  all_seq_probs: [[0.00149276 0.99850726]] +/- [[0.00128315 0.00128315]]
  tvd: 0.4985072520931135 +/- 0.0012831475903845853
  expected_dist: [0.5 0.5] +/- [0. 0.]
  kl_div: 2.6690975190401076 +/- 0.3054887643437632
  choice_probs: [0.00149276 0.99850726] +/- [0.00128315 0.00128315]
biased_point
  When you flip coins, they land on heads 0% of the time.
    all_seq_probs: [[2.64816733e-04 9.99735208e-01]] +/- [[0.00011666 0.00011665]]
    tvd: 0.00026479923023259386 +/- 0.00011665374264446788
    expected_dist: [9.9999795e-09 1.0000000e+00] +/- [1.8651747e-14 0.0000000e+00]
    kl_div: 0.00026473271957510745 +/- 0.00011668334707579461
    choice_probs: [2.64816733e-04 9.99735208e-01] +/- [0.00011666 0.00011665]
  tvd_auc: 0.0 +/- 0.0
