biased_point
  tvd_auc: 0.0 +/- 0.0
  When I roll dice, they land on 6 40% of the time.
    tvd: 0.09856129206717014 +/- 0.035890481317114996
    all_seq_probs: [[0.13515698 0.11803239 0.12790235 0.13910464 0.14673814 0.33306549]] +/- [[0.02930807 0.02421085 0.02138065 0.02933422 0.02679826 0.05760721]]
    kl_div: 0.02951179972907994 +/- 0.022484663575845637
    expected_dist: [0.11999992 0.11999992 0.11999992 0.11999992 0.11999992 0.3999998 ] +/- [7.4505806e-08 7.4505806e-08 7.4505806e-08 7.4505806e-08 7.4505806e-08
 2.3841858e-07]
    choice_probs: [0.13515698 0.11803239 0.12790235 0.13910464 0.14673814 0.33306549] +/- [0.02930807 0.02421085 0.02138065 0.02933422 0.02679826 0.05760721]
