biased_point
  When you roll dice, they land on 5 20% of the time.
    expected_dist: [0.15999988 0.15999988 0.15999988 0.15999988 0.20000048 0.15999988] +/- [1.3411045e-07 1.3411045e-07 1.3411045e-07 1.3411045e-07 4.6193600e-07
 1.3411045e-07]
    all_seq_probs: [[0.05410974 0.08018703 0.12754021 0.06813164 0.37555955 0.29447183]] +/- [[0.1059939  0.14610133 0.19151728 0.11534296 0.36537682 0.32403507]]
    kl_div: 2.1303841176591813 +/- 1.243539110837745
    tvd: 0.5797893588017768 +/- 0.14958972747912852
    choice_probs: [0.05410974 0.08018703 0.12754021 0.06813164 0.37555955 0.29447183] +/- [0.1059939  0.14610133 0.19151728 0.11534296 0.36537682 0.32403507]
  tvd_auc: 0.0 +/- 0.0
