biased_point
  When I flip coins they land on heads 20% of the time.
    tvd: 0.4752837198227644 +/- 0.1564009610704377
    kl_div: 0.585128882676363 +/- 0.3712479623439086
    choice_probs: [0.67528372 0.32471627] +/- [0.15640097 0.15640095]
    expected_dist: [0.1999999 0.7999996] +/- [1.1920929e-07 4.1723251e-07]
    all_seq_probs: [[0.67528372 0.32471627]] +/- [[0.15640097 0.15640095]]
  tvd_auc: 0.0 +/- 0.0
unconditional_point
  tvd: 0.17275412533432244 +/- 0.1287764905679569
  kl_div: 0.1307573127746582 +/- 0.18839105395879932
  choice_probs: [0.55186333 0.44813669] +/- [0.20913529 0.20913529]
  expected_dist: [0.5 0.5] +/- [0. 0.]
  all_seq_probs: [[0.55186333 0.44813669]] +/- [[0.20913529 0.20913529]]
