biased_point
  tvd_auc: 0.0 +/- 0.0
  When I flip coins they land on heads 90% of the time.
    tvd: 0.1153582738339901 +/- 0.12142705869193249
    kl_div: 0.09267968953121454 +/- 0.13556112504441598
    expected_dist: [0.9000002  0.09999995] +/- [2.3841858e-07 5.2154064e-08]
    all_seq_probs: [[0.8325     0.16795532]] +/- [[0.15342045 0.15298335]]
    choice_probs: [0.8325     0.16795532] +/- [0.15342045 0.15298335]
