biased_point
  When you roll dice, they land on 6 60% of the time.
    kl_div: 0.3449580904494505 +/- 0.23186239726612784
    choice_probs: [0.04729644 0.15726981 0.12010719 0.13452008 0.14616067 0.39464583] +/- [0.03415814 0.13585208 0.09221959 0.08940625 0.1097131  0.21205992]
    expected_dist: [0.07999994 0.07999994 0.07999994 0.07999994 0.07999994 0.6       ] +/- [5.9604645e-08 5.9604645e-08 5.9604645e-08 5.9604645e-08 5.9604645e-08
 0.0000000e+00]
    all_seq_probs: [[0.04729644 0.15726981 0.12010719 0.13452008 0.14616067 0.39464583]] +/- [[0.03415814 0.13585208 0.09221959 0.08940625 0.1097131  0.21205992]]
    tvd: 0.3339204845482018 +/- 0.12646181623474798
  tvd_auc: 0.0 +/- 0.0
