biased_point
  When I roll dice, they land on 6 100% of the time.
    tvd: 0.432966883626263 +/- 0.248709396930516
    expected_dist: [1.0000003e-08 1.0000003e-08 1.0000003e-08 1.0000003e-08 1.0000003e-08
 1.0000000e+00] +/- [4.440892e-15 4.440892e-15 4.440892e-15 4.440892e-15 4.440892e-15
 0.000000e+00]
    all_seq_probs: [[0.09071597 0.07643949 0.07936334 0.09340296 0.09304515 0.56703309]] +/- [[0.05669121 0.04293934 0.04811562 0.05615933 0.05205925 0.2487094 ]]
    choice_probs: [0.09071597 0.07643949 0.07936334 0.09340296 0.09304515 0.56703309] +/- [0.05669121 0.04293934 0.04811562 0.05615933 0.05205925 0.2487094 ]
    kl_div: 0.692954817563419 +/- 0.5439191068001071
  tvd_auc: 0.0 +/- 0.0
unconditional_point
  tvd: 0.07606234090402722 +/- 0.026484092789362725
  expected_dist: [0.16666663 0.16666663 0.16666663 0.16666663 0.16666663 0.16666663] +/- [5.9604645e-08 5.9604645e-08 5.9604645e-08 5.9604645e-08 5.9604645e-08
 5.9604645e-08]
  all_seq_probs: [[0.17607297 0.16786872 0.17884174 0.17693752 0.1885253  0.11175377]] +/- [[0.01978444 0.02500496 0.01675403 0.00887578 0.03106444 0.03791457]]
  choice_probs: [0.17607297 0.16786872 0.17884174 0.17693752 0.1885253  0.11175377] +/- [0.01978444 0.02500496 0.01675403 0.00887578 0.03106444 0.03791457]
  kl_div: 0.03143500289064832 +/- 0.03658355393838238
