biased_point
  When you roll dice, they land on 2 0% of the time.
    all_seq_probs: [[0.10727167 0.26165517 0.16247308 0.12478159 0.15721943 0.18659907]] +/- [[0.02987166 0.05552288 0.04219769 0.03003474 0.03371649 0.03762648]]
    choice_probs: [0.10727167 0.26165517 0.16247308 0.12478159 0.15721943 0.18659907] +/- [0.02987166 0.05552288 0.04219769 0.03003474 0.03371649 0.03762648]
    kl_div: 0.35562728782365305 +/- 0.11023383489914722
    tvd: 0.2750581554205081 +/- 0.06064432229629068
    expected_dist: [2.0000048e-01 9.9999795e-09 2.0000048e-01 2.0000048e-01 2.0000048e-01
 2.0000048e-01] +/- [4.6193600e-07 1.8651747e-14 4.6193600e-07 4.6193600e-07 4.6193600e-07
 4.6193600e-07]
  tvd_auc: 0.0 +/- 0.0
