biased_point
  tvd_auc: 0.0 +/- 0.0
  When I roll dice, they land on 1 80% of the time.
    kl_div: 0.13265949378022923 +/- 0.11425630562822245
    expected_dist: [0.7999996  0.03999999 0.03999999 0.03999999 0.03999999 0.03999999] +/- [3.5762787e-07 2.2351742e-08 2.2351742e-08 2.2351742e-08 2.2351742e-08
 2.2351742e-08]
    choice_probs: [0.63000177 0.10456809 0.07052185 0.05662017 0.05878233 0.07950577] +/- [0.14570195 0.04283521 0.03258397 0.03180865 0.03876923 0.05137325]
    all_seq_probs: [[0.63000177 0.10456809 0.07052185 0.05662017 0.05878233 0.07950577]] +/- [[0.14570195 0.04283521 0.03258397 0.03180865 0.03876923 0.05137325]]
    tvd: 0.19401343158446252 +/- 0.11972413210289057
