biased_point
  When I roll dice, they land on 1 20% of the time.
    expected_dist: [0.1999999  0.15999995 0.15999995 0.15999995 0.15999995 0.15999995] +/- [1.3411045e-07 8.9406967e-08 8.9406967e-08 8.9406967e-08 8.9406967e-08
 8.9406967e-08]
    choice_probs: [0.17739751 0.17450431 0.17032708 0.16572362 0.16941179 0.14263568] +/- [0.04591242 0.03666572 0.03815286 0.04108278 0.03571247 0.03893544]
    tvd: 0.09645511996001005 +/- 0.04516220952584715
    kl_div: 0.03266763872816227 +/- 0.0333108840570062
    all_seq_probs: [[0.17739751 0.17450431 0.17032708 0.16572362 0.16941179 0.14263568]] +/- [[0.04591242 0.03666572 0.03815286 0.04108278 0.03571247 0.03893544]]
  tvd_auc: 0.0 +/- 0.0
