biased_point
  When you roll dice, they land on 2 40% of the time.
    expected_dist: [0.12000033 0.40000096 0.12000033 0.12000033 0.12000033 0.12000033] +/- [3.3527613e-07 9.2387199e-07 3.3527613e-07 3.3527613e-07 3.3527613e-07
 3.3527613e-07]
    all_seq_probs: [[0.13743656 0.22822706 0.17029507 0.33553279 0.06997773 0.0585308 ]] +/- [[0.22318715 0.29128556 0.27546141 0.42520913 0.16717552 0.10874474]]
    tvd: 0.6365063027588781 +/- 0.17698025920339452
    choice_probs: [0.13743656 0.22822706 0.17029507 0.33553279 0.06997773 0.0585308 ] +/- [0.22318715 0.29128556 0.27546141 0.42520913 0.16717552 0.10874474]
    kl_div: 2.925822802782408 +/- 1.749266298919257
  tvd_auc: 0.0 +/- 0.0
unconditional_point
  expected_dist: [0.16666676 0.16666676 0.16666676 0.16666676 0.16666676 0.16666676] +/- [7.4505806e-08 7.4505806e-08 7.4505806e-08 7.4505806e-08 7.4505806e-08
 7.4505806e-08]
  all_seq_probs: [[0.00749777 0.15008732 0.25545689 0.3867399  0.18430598 0.01591214]] +/- [[0.02782124 0.23344358 0.28829957 0.31366217 0.21762971 0.04109542]]
  tvd: 0.6083677695938979 +/- 0.07570902646942744
  choice_probs: [0.00749777 0.15008732 0.25545689 0.3867399  0.18430598 0.01591214] +/- [0.02782124 0.23344358 0.28829957 0.31366217 0.21762971 0.04109542]
  kl_div: 2.9944755288581364 +/- 1.1681990816327836
