biased_point
  When I roll dice, they land on 1 40% of the time.
    kl_div: 0.10214908244204707 +/- 0.07176310818173365
    expected_dist: [0.3999998  0.11999992 0.11999992 0.11999992 0.11999992 0.11999992] +/- [2.3841858e-07 7.4505806e-08 7.4505806e-08 7.4505806e-08 7.4505806e-08
 7.4505806e-08]
    choice_probs: [0.26960346 0.15193513 0.14286517 0.16346011 0.13973234 0.13240379] +/- [0.09752143 0.03692093 0.04149958 0.03748915 0.04837653 0.05518192]
    tvd: 0.18173339754343032 +/- 0.057632518386945594
    all_seq_probs: [[0.26960346 0.15193513 0.14286517 0.16346011 0.13973234 0.13240379]] +/- [[0.09752143 0.03692093 0.04149958 0.03748915 0.04837653 0.05518192]]
  tvd_auc: 0.0 +/- 0.0
