unconditional_point
  choice_probs: [0.41782513 0.58217488] +/- [0.23029043 0.23029043]
  tvd: 0.20752481175959112 +/- 0.1293052385773107
  kl_div: 0.17374266701936722 +/- 0.21589605555533758
  all_seq_probs: [[0.41782513 0.58217488]] +/- [[0.23029043 0.23029043]]
  expected_dist: [0.5 0.5] +/- [0. 0.]
biased_point
  When you flip coins, they land on heads 50% of the time.
    choice_probs: [0.42828028 0.57171973] +/- [0.19589957 0.19589957]
    tvd: 0.17630651859939098 +/- 0.11151848232291643
    kl_div: 0.11350937551259994 +/- 0.14727112697281602
    all_seq_probs: [[0.42828028 0.57171973]] +/- [[0.19589957 0.19589957]]
    expected_dist: [0.5 0.5] +/- [0. 0.]
  tvd_auc: 0.0 +/- 0.0
