biased_point
  tvd_auc: 0.0 +/- 0.0
  When you roll dice, they land on 2 40% of the time.
    kl_div: 1.8665708625797997 +/- 1.5389383686063918
    all_seq_probs: [[0.09341508 0.18204784 0.23800613 0.18238477 0.16295588 0.1411903 ]] +/- [[0.14159453 0.2478016  0.25674965 0.18019619 0.20031796 0.18699173]]
    expected_dist: [0.12000033 0.40000096 0.12000033 0.12000033 0.12000033 0.12000033] +/- [3.3527613e-07 9.2387199e-07 3.3527613e-07 3.3527613e-07 3.3527613e-07
 3.3527613e-07]
    tvd: 0.5223122141018854 +/- 0.15328257538695494
    choice_probs: [0.09341508 0.18204784 0.23800613 0.18238477 0.16295588 0.1411903 ] +/- [0.14159453 0.2478016  0.25674965 0.18019619 0.20031796 0.18699173]
