biased_point
  tvd_auc: 0.0 +/- 0.0
  When I roll dice, they land on 3 60% of the time.
    tvd: 0.2053323519602418 +/- 0.10002041199163961
    kl_div: 0.12486532660783269 +/- 0.10508932793663785
    expected_dist: [0.07999998 0.07999998 0.60000026 0.07999998 0.07999998 0.07999998] +/- [4.4703484e-08 4.4703484e-08 1.7881393e-07 4.4703484e-08 4.4703484e-08
 4.4703484e-08]
    choice_probs: [0.09673367 0.12002121 0.44069918 0.12035096 0.11774102 0.10445397] +/- [0.0433093  0.03791218 0.15546339 0.03550148 0.03784301 0.04717765]
    all_seq_probs: [[0.09673367 0.12002121 0.44069918 0.12035096 0.11774102 0.10445397]] +/- [[0.0433093  0.03791218 0.15546339 0.03550148 0.03784301 0.04717765]]
