biased_point
  tvd_auc: 0.0 +/- 0.0
  When I roll dice, they land on 3 0% of the time.
    tvd: 0.24558138976925228 +/- 0.06793002307576106
    expected_dist: [1.9999990e-01 1.9999990e-01 1.0000003e-08 1.9999990e-01 1.9999990e-01
 1.9999990e-01] +/- [1.1920929e-07 1.1920929e-07 4.4408921e-15 1.1920929e-07 1.1920929e-07
 1.1920929e-07]
    choice_probs: [0.15532237 0.16140001 0.19735639 0.1534823  0.17496001 0.15747893] +/- [0.04359991 0.07605909 0.02916775 0.03995822 0.05883013 0.08137559]
    kl_div: 0.2908968831323122 +/- 0.09651141447861061
    all_seq_probs: [[0.15532237 0.16140001 0.19735639 0.1534823  0.17496001 0.15747893]] +/- [[0.04359991 0.07605909 0.02916775 0.03995822 0.05883013 0.08137559]]
