unconditional_point
  all_seq_probs: [[0.66471856 0.33528143]] +/- [[0.34595954 0.34595954]]
  kl_div: 0.5329079995751381 +/- 0.2992480165327086
  tvd: 0.3640291378311813 +/- 0.11959513380881208
  choice_probs: [0.66471856 0.33528143] +/- [0.34595954 0.34595954]
  expected_dist: [0.5 0.5] +/- [0. 0.]
biased_point
  tvd_auc: 0.0 +/- 0.0
  When you flip coins, they land on heads 40% of the time.
    all_seq_probs: [[0.65705776 0.34294224]] +/- [[0.21660975 0.21660975]]
    kl_div: 0.2852328103315085 +/- 0.2265705087906924
    tvd: 0.2952867614924908 +/- 0.16063686278710826
    choice_probs: [0.65705776 0.34294224] +/- [0.21660975 0.21660975]
    expected_dist: [0.40000096 0.6       ] +/- [9.23872e-07 0.00000e+00]
