biased_point
  tvd_auc: 0.0 +/- 0.0
  When I roll dice, they land on 1 20% of the time.
    tvd: 0.21581352413631977 +/- 0.12484578544354927
    all_seq_probs: [[0.22109697 0.19980092 0.13479517 0.12523094 0.14339227 0.17568372]] +/- [[0.11783209 0.11770494 0.06162432 0.05965702 0.09629727 0.12571878]]
    choice_probs: [0.22109697 0.19980092 0.13479517 0.12523094 0.14339227 0.17568372] +/- [0.11783209 0.11770494 0.06162432 0.05965702 0.09629727 0.12571878]
    expected_dist: [0.1999999  0.15999995 0.15999995 0.15999995 0.15999995 0.15999995] +/- [1.3411045e-07 8.9406967e-08 8.9406967e-08 8.9406967e-08 8.9406967e-08
 8.9406967e-08]
    kl_div: 0.19199565693154 +/- 0.24574123790237765
