biased_point
  tvd_auc: 0.0 +/- 0.0
  When you roll dice, they land on 1 40% of the time.
    expected_dist: [0.40000096 0.12000033 0.12000033 0.12000033 0.12000033 0.12000033] +/- [9.2387199e-07 3.3527613e-07 3.3527613e-07 3.3527613e-07 3.3527613e-07
 3.3527613e-07]
    choice_probs: [0.13423462 0.24199694 0.17762357 0.24401365 0.11037457 0.09175664] +/- [0.22886076 0.29088833 0.26624532 0.35095303 0.19550741 0.12187748]
    tvd: 0.6303346587758463 +/- 0.15977779515442636
    all_seq_probs: [[0.13423462 0.24199694 0.17762357 0.24401365 0.11037457 0.09175664]] +/- [[0.22886076 0.29088833 0.26624532 0.35095303 0.19550741 0.12187748]]
    kl_div: 2.6307444465680745 +/- 1.556235488366893
unconditional_point
  expected_dist: [0.16666676 0.16666676 0.16666676 0.16666676 0.16666676 0.16666676] +/- [7.4505806e-08 7.4505806e-08 7.4505806e-08 7.4505806e-08 7.4505806e-08
 7.4505806e-08]
  choice_probs: [0.00560981 0.22043648 0.32407767 0.31587913 0.12063019 0.01336672] +/- [0.01536394 0.25437918 0.29069435 0.26850736 0.20688613 0.03013803]
  tvd: 0.5885524474364476 +/- 0.08790154561922657
  all_seq_probs: [[0.00560981 0.22043648 0.32407767 0.31587913 0.12063019 0.01336672]] +/- [[0.01536394 0.25437918 0.29069435 0.26850736 0.20688613 0.03013803]]
  kl_div: 2.6319308249927125 +/- 1.0502570968288574
