biased_point
  When you roll dice, they land on 5 0% of the time.
    kl_div: 5.54082741057185 +/- 2.928907695319248
    choice_probs: [0.1745332  0.16788697 0.12082027 0.13586268 0.11353075 0.28736614] +/- [0.32320908 0.30434287 0.2564601  0.26306808 0.24792347 0.38171088]
    all_seq_probs: [[0.1745332  0.16788697 0.12082027 0.13586268 0.11353075 0.28736614]] +/- [[0.32320908 0.30434287 0.2564601  0.26306808 0.24792347 0.38171088]]
    tvd: 0.6966596280850826 +/- 0.1418542826168618
    expected_dist: [2.0000048e-01 2.0000048e-01 2.0000048e-01 2.0000048e-01 9.9999795e-09
 2.0000048e-01] +/- [4.6193600e-07 4.6193600e-07 4.6193600e-07 4.6193600e-07 1.8651747e-14
 4.6193600e-07]
  tvd_auc: 0.0 +/- 0.0
