biased_point
  When I roll dice, they land on 2 80% of the time.
    expected_dist: [0.03999999 0.7999996  0.03999999 0.03999999 0.03999999 0.03999999] +/- [2.2351742e-08 3.5762787e-07 2.2351742e-08 2.2351742e-08 2.2351742e-08
 2.2351742e-08]
    tvd: 0.19652541227755138 +/- 0.09415352080869022
    choice_probs: [0.06530559 0.68099288 0.08004289 0.06083183 0.05163407 0.06119274] +/- [0.07130274 0.16053317 0.06809981 0.04639909 0.05213674 0.05613362]
    all_seq_probs: [[0.06530559 0.68099288 0.08004289 0.06083183 0.05163407 0.06119274]] +/- [[0.07130274 0.16053317 0.06809981 0.04639909 0.05213674 0.05613362]]
    kl_div: 0.17108932336501312 +/- 0.10988026264112456
  tvd_auc: 0.0 +/- 0.0
