biased_point
  When you roll dice, they land on 5 20% of the time.
    choice_probs: [0.09705066 0.2255444  0.11913681 0.15917388 0.25787291 0.14122132] +/- [0.06142418 0.26057847 0.1296189  0.11536946 0.2033199  0.09421233]
    kl_div: 0.5416376180108273 +/- 0.5467976343154921
    tvd: 0.3384271185919642 +/- 0.17469895259702445
    expected_dist: [0.15999988 0.15999988 0.15999988 0.15999988 0.20000048 0.15999988] +/- [1.3411045e-07 1.3411045e-07 1.3411045e-07 1.3411045e-07 4.6193600e-07
 1.3411045e-07]
    all_seq_probs: [[0.09705066 0.2255444  0.11913681 0.15917388 0.25787291 0.14122132]] +/- [[0.06142418 0.26057847 0.1296189  0.11536946 0.2033199  0.09421233]]
  tvd_auc: 0.0 +/- 0.0
