unconditional_point
  all_seq_probs: [[0.18414382 0.19357591 0.17674298 0.17867381 0.17444092 0.09242255]] +/- [[0.03965908 0.07870744 0.04982602 0.04044816 0.05256072 0.0405418 ]]
  tvd: 0.13717525731772184 +/- 0.06121993368946902
  expected_dist: [0.16666663 0.16666663 0.16666663 0.16666663 0.16666663 0.16666663] +/- [5.9604645e-08 5.9604645e-08 5.9604645e-08 5.9604645e-08 5.9604645e-08
 5.9604645e-08]
  kl_div: 0.08081684698379832 +/- 0.06582669336518232
  choice_probs: [0.18414382 0.19357591 0.17674298 0.17867381 0.17444092 0.09242255] +/- [0.03965908 0.07870744 0.04982602 0.04044816 0.05256072 0.0405418 ]
biased_point
  tvd_auc: 0.0 +/- 0.0
  When I roll dice, they land on 6 40% of the time.
    all_seq_probs: [[0.12279367 0.13499103 0.11428409 0.20314863 0.13070234 0.29408024]] +/- [[0.04547835 0.12905743 0.05434925 0.07411184 0.04956485 0.1838676 ]]
    tvd: 0.23788308148272336 +/- 0.09834264848367583
    expected_dist: [0.11999992 0.11999992 0.11999992 0.11999992 0.11999992 0.3999998 ] +/- [7.4505806e-08 7.4505806e-08 7.4505806e-08 7.4505806e-08 7.4505806e-08
 2.3841858e-07]
    kl_div: 0.21470979372119472 +/- 0.22964714403976647
    choice_probs: [0.12279367 0.13499103 0.11428409 0.20314863 0.13070234 0.29408024] +/- [0.04547835 0.12905743 0.05434925 0.07411184 0.04956485 0.1838676 ]
