biased_point
  When I roll dice, they land on 5 20% of the time.
    kl_div: 0.07350230774478404 +/- 0.145245459458504
    choice_probs: [0.1423544  0.18875877 0.14674993 0.14698471 0.24718529 0.12796692] +/- [0.04312736 0.05560654 0.04546981 0.03862264 0.11632299 0.04298389]
    expected_dist: [0.15999994 0.15999994 0.15999994 0.15999994 0.1999999  0.15999994] +/- [7.4505806e-08 7.4505806e-08 7.4505806e-08 7.4505806e-08 1.1920929e-07
 7.4505806e-08]
    all_seq_probs: [[0.1423544  0.18875877 0.14674993 0.14698471 0.24718529 0.12796692]] +/- [[0.04312736 0.05560654 0.04546981 0.03862264 0.11632299 0.04298389]]
    tvd: 0.1326344840042293 +/- 0.09394038892606192
  tvd_auc: 0.0 +/- 0.0
