biased_point
  tvd_auc: 0.0 +/- 0.0
  When I roll dice, they land on 4 40% of the time.
    kl_div: 0.09484342880430631 +/- 0.14353785422825743
    choice_probs: [0.11302415 0.11829121 0.13155551 0.36677141 0.12660519 0.14375254] +/- [0.04063621 0.0451706  0.04629802 0.1404508  0.05410771 0.06124478]
    all_seq_probs: [[0.11302415 0.11829121 0.13155551 0.36677141 0.12660519 0.14375254]] +/- [[0.04063621 0.0451706  0.04629802 0.1404508  0.05410771 0.06124478]]
    expected_dist: [0.11999992 0.11999992 0.11999992 0.3999998  0.11999992 0.11999992] +/- [7.4505806e-08 7.4505806e-08 7.4505806e-08 2.3841858e-07 7.4505806e-08
 7.4505806e-08]
    tvd: 0.1544840689189732 +/- 0.08142808311409389
