biased_point
  When you roll dice, they land on 1 80% of the time.
    choice_probs: [0.57780645 0.05503168 0.06331739 0.05354071 0.05135284 0.19895094] +/- [0.35981723 0.07795687 0.10077542 0.08595045 0.0744392  0.22513092]
    expected_dist: [0.8000019  0.03999997 0.03999997 0.03999997 0.03999997 0.03999997] +/- [1.9669533e-06 4.0978193e-08 4.0978193e-08 4.0978193e-08 4.0978193e-08
 4.0978193e-08]
    kl_div: 1.0976782314972953 +/- 1.0845281281786667
    all_seq_probs: [[0.57780645 0.05503168 0.06331739 0.05354071 0.05135284 0.19895094]] +/- [[0.35981723 0.07795687 0.10077542 0.08595045 0.0744392  0.22513092]]
    tvd: 0.3799082825961847 +/- 0.2472176143875471
  tvd_auc: 0.0 +/- 0.0
