biased_point
  When I roll dice, they land on 5 60% of the time.
    tvd: 0.3762753957964014 +/- 0.1064691208512993
    all_seq_probs: [[0.07504144 0.06986978 0.08717194 0.12107931 0.2953964  0.35144113]] +/- [[0.04615241 0.04951288 0.04701793 0.04858845 0.10009316 0.14518798]]
    choice_probs: [0.07504144 0.06986978 0.08717194 0.12107931 0.2953964  0.35144113] +/- [0.04615241 0.04951288 0.04701793 0.04858845 0.10009316 0.14518798]
    expected_dist: [0.07999997 0.07999997 0.07999997 0.07999997 0.60000026 0.07999997] +/- [2.9802322e-08 2.9802322e-08 2.9802322e-08 2.9802322e-08 2.3841858e-07
 2.9802322e-08]
    kl_div: 0.42373559995699905 +/- 0.29847183186492804
  tvd_auc: 0.0 +/- 0.0
