unconditional_point
  expected_dist: [0.5 0.5] +/- [0. 0.]
  tvd: 0.22308367504924537 +/- 0.13211355519188694
  all_seq_probs: [[0.6181662  0.38183381]] +/- [[0.23077493 0.23077493]]
  choice_probs: [0.6181662  0.38183381] +/- [0.23077493 0.23077493]
  kl_div: 0.20281453585624695 +/- 0.24600408080690103
biased_point
  When you flip coins, they land on heads 20% of the time.
    expected_dist: [0.20000048 0.8000019 ] +/- [4.6193600e-07 1.9073486e-06]
    tvd: 0.2989447898864746 +/- 0.1969401535582855
    all_seq_probs: [[0.49532014 0.50467987]] +/- [[0.20233496 0.20233495]]
    choice_probs: [0.49532014 0.50467987] +/- [0.20233496 0.20233495]
    kl_div: 0.2920390136959031 +/- 0.3275524462216314
  tvd_auc: 0.0 +/- 0.0
