biased_point
  When I roll dice, they land on 3 20% of the time.
    all_seq_probs: [[0.13272675 0.17221627 0.17480366 0.18233448 0.18209044 0.15582839]] +/- [[0.05097868 0.05065403 0.05783495 0.06309043 0.07361776 0.08332098]]
    expected_dist: [0.15999995 0.15999995 0.1999999  0.15999995 0.15999995 0.15999995] +/- [8.9406967e-08 8.9406967e-08 1.3411045e-07 8.9406967e-08 8.9406967e-08
 8.9406967e-08]
    choice_probs: [0.13272675 0.17221627 0.17480366 0.18233448 0.18209044 0.15582839] +/- [0.05097868 0.05065403 0.05783495 0.06309043 0.07361776 0.08332098]
    kl_div: 0.08333882761187851 +/- 0.083633422440636
    tvd: 0.1504831178858876 +/- 0.0762964212815727
  tvd_auc: 0.0 +/- 0.0
