biased_point
  When I roll dice, they land on 3 20% of the time.
    expected_dist: [0.15999995 0.15999995 0.1999999  0.15999995 0.15999995 0.15999995] +/- [8.9406967e-08 8.9406967e-08 1.3411045e-07 8.9406967e-08 8.9406967e-08
 8.9406967e-08]
    tvd: 0.08425641410052777 +/- 0.06466081041248288
    choice_probs: [0.14417331 0.19223261 0.20570964 0.15487495 0.15942151 0.14358801] +/- [0.04208583 0.03469822 0.04217891 0.03061623 0.03316692 0.04154425]
    all_seq_probs: [[0.14417331 0.19223261 0.20570964 0.15487495 0.15942151 0.14358801]] +/- [[0.04208583 0.03469822 0.04217891 0.03061623 0.03316692 0.04154425]]
    kl_div: 0.035086287211743186 +/- 0.051096001228589864
  tvd_auc: 0.0 +/- 0.0
