biased_point
  tvd_auc: 0.0 +/- 0.0
  When you flip coins, they land on heads 100% of the time.
    tvd: 1.2297904401035175e-06 +/- 3.867783133999126e-06
    choice_probs: [9.99998764e-01 1.23342921e-06] +/- [3.86739000e-06 3.86832777e-06]
    kl_div: 1.204542987023993e-06 +/- 3.857245950975318e-06
    all_seq_probs: [[9.99998764e-01 1.23342921e-06]] +/- [[3.86739000e-06 3.86832777e-06]]
    expected_dist: [1.0000000e+00 9.9999795e-09] +/- [0.0000000e+00 1.8651747e-14]
unconditional_point
  tvd: 0.4886704744551098 +/- 0.009854574525822443
  choice_probs: [0.98867047 0.01132952] +/- [0.00985458 0.00985457]
  kl_div: 1.7344047131538392 +/- 0.4413887580528084
  all_seq_probs: [[0.98867047 0.01132952]] +/- [[0.00985458 0.00985457]]
  expected_dist: [0.5 0.5] +/- [0. 0.]
