unconditional_point
  choice_probs: [0.00565541 0.24689524 0.30126191 0.39135556 0.04148572 0.01334616] +/- [0.01846934 0.27529543 0.19809595 0.24417298 0.11938045 0.02523101]
  tvd: 0.5617273010285871 +/- 0.09509369968215105
  expected_dist: [0.16666676 0.16666676 0.16666676 0.16666676 0.16666676 0.16666676] +/- [7.4505806e-08 7.4505806e-08 7.4505806e-08 7.4505806e-08 7.4505806e-08
 7.4505806e-08]
  all_seq_probs: [[0.00565541 0.24689524 0.30126191 0.39135556 0.04148572 0.01334616]] +/- [[0.01846934 0.27529543 0.19809595 0.24417298 0.11938045 0.02523101]]
  kl_div: 2.2569957262920215 +/- 0.7723843785236808
biased_point
  When you roll dice, they land on 1 80% of the time.
    choice_probs: [0.23773056 0.31200662 0.06095481 0.03787893 0.04179999 0.30962909] +/- [0.30074122 0.34030914 0.16733243 0.07294551 0.09558268 0.28971509]
    tvd: 0.663157910356733 +/- 0.2600047189509508
    expected_dist: [0.8000019  0.03999997 0.03999997 0.03999997 0.03999997 0.03999997] +/- [1.9669533e-06 4.0978193e-08 4.0978193e-08 4.0978193e-08 4.0978193e-08
 4.0978193e-08]
    all_seq_probs: [[0.23773056 0.31200662 0.06095481 0.03787893 0.04179999 0.30962909]] +/- [[0.30074122 0.34030914 0.16733243 0.07294551 0.09558268 0.28971509]]
    kl_div: 2.260986589163673 +/- 1.8659277807359493
  tvd_auc: 0.0 +/- 0.0
