biased_point
  tvd_auc: 0.0 +/- 0.0
  When I flip coins they land on heads 50% of the time.
    choice_probs: [0.50174994 0.49825009] +/- [0.09731695 0.09731695]
    tvd: 0.06942449420690537 +/- 0.06821943053862012
    kl_div: 0.024819935262203215 +/- 0.08848678227470225
    expected_dist: [0.5 0.5] +/- [0. 0.]
    all_seq_probs: [[0.50174994 0.49825009]] +/- [[0.09731695 0.09731695]]
unconditional_point
  choice_probs: [0.53715886 0.46284116] +/- [0.10321912 0.10321913]
  tvd: 0.07548618823289871 +/- 0.0796040470813119
  kl_div: 0.03494921326637268 +/- 0.1285141657056685
  expected_dist: [0.5 0.5] +/- [0. 0.]
  all_seq_probs: [[0.53715886 0.46284116]] +/- [[0.10321912 0.10321913]]
