biased_point
  When I roll dice, they land on 6 20% of the time.
    choice_probs: [0.16161255 0.15745996 0.16445692 0.15309341 0.16557151 0.19780566] +/- [0.03216037 0.0188775  0.02374001 0.0265361  0.02506375 0.03434924]
    all_seq_probs: [[0.16161255 0.15745996 0.16445692 0.15309341 0.16557151 0.19780566]] +/- [[0.03216037 0.0188775  0.02374001 0.0265361  0.02506375 0.03434924]]
    kl_div: 0.012441343719838188 +/- 0.01881249315594717
    expected_dist: [0.15999995 0.15999995 0.15999995 0.15999995 0.15999995 0.1999999 ] +/- [8.9406967e-08 8.9406967e-08 8.9406967e-08 8.9406967e-08 8.9406967e-08
 1.3411045e-07]
    tvd: 0.05520716659724712 +/- 0.03810792489545271
  tvd_auc: 0.0 +/- 0.0
