biased_point
  When you roll dice, they land on 3 60% of the time.
    expected_dist: [0.07999994 0.07999994 0.6        0.07999994 0.07999994 0.07999994] +/- [8.1956387e-08 8.1956387e-08 5.9604645e-08 8.1956387e-08 8.1956387e-08
 8.1956387e-08]
    tvd: 0.5099397300351557 +/- 0.1890003325096882
    kl_div: 1.4237555048437645 +/- 1.000156946455182
    choice_probs: [0.06428429 0.09239476 0.32391642 0.11489326 0.10584893 0.29866234] +/- [0.10976055 0.15212521 0.30142365 0.17262383 0.15290993 0.24630836]
    all_seq_probs: [[0.06428429 0.09239476 0.32391642 0.11489326 0.10584893 0.29866234]] +/- [[0.10976055 0.15212521 0.30142365 0.17262383 0.15290993 0.24630836]]
  tvd_auc: 0.0 +/- 0.0
