biased_point
  When I flip coins they land on heads 100% of the time.
    kl_div: 0.09473861347525031 +/- 0.09307389256914352
    expected_dist: [1.0000000e+00 1.0000003e-08] +/- [0.000000e+00 4.440892e-15]
    choice_probs: [0.91328125 0.08628235] +/- [0.07595823 0.07431833]
    all_seq_probs: [[0.91328125 0.08628235]] +/- [[0.07595823 0.07431833]]
    tvd: 0.08650054431640719 +/- 0.07504175138210861
  tvd_auc: 0.0 +/- 0.0
