biased_point
  tvd_auc: 0.0 +/- 0.0
  When I flip coins they land on heads 40% of the time.
    kl_div: 0.7361924576759339 +/- 0.44046397644395724
    all_seq_probs: [[0.84320313 0.15501709]] +/- [[0.13884729 0.13988174]]
    expected_dist: [0.3999998  0.60000026] +/- [2.3841858e-07 2.3841858e-07]
    choice_probs: [0.84320313 0.15501709] +/- [0.13884729 0.13988174]
    tvd: 0.4440930116176605 +/- 0.13932621354869643
