biased_point
  tvd_auc: 0.0 +/- 0.0
  When I flip coins they land on heads 50% of the time.
    tvd: 0.120753173828125 +/- 0.20793063494810268
    expected_dist: [0.5 0.5] +/- [0. 0.]
    kl_div: 0.3054465675354004 +/- 0.5605564078022167
    all_seq_probs: [[0.62296875 0.3873999 ]] +/- [[0.21187327 0.20732461]]
    choice_probs: [0.62296875 0.3873999 ] +/- [0.21187327 0.20732461]
