biased_point
  tvd_auc: 0.0 +/- 0.0
  When I roll dice, they land on 5 80% of the time.
    choice_probs: [0.05079396 0.05601272 0.06676361 0.085414   0.60607959 0.13493613] +/- [0.04536481 0.06274249 0.04341954 0.04469591 0.1760382  0.0723716 ]
    tvd: 0.24278067476348952 +/- 0.12612740553488336
    expected_dist: [0.03999999 0.03999999 0.03999999 0.03999999 0.7999996  0.03999999] +/- [2.2351742e-08 2.2351742e-08 2.2351742e-08 2.2351742e-08 4.1723251e-07
 2.2351742e-08]
    kl_div: 0.201736977834953 +/- 0.14643553773492202
    all_seq_probs: [[0.05079396 0.05601272 0.06676361 0.085414   0.60607959 0.13493613]] +/- [[0.04536481 0.06274249 0.04341954 0.04469591 0.1760382  0.0723716 ]]
