biased_point
  When I roll dice, they land on 4 0% of the time.
    tvd: 0.2767443162680528 +/- 0.10856470252861206
    choice_probs: [0.17010455 0.16412608 0.15047162 0.22968932 0.14540669 0.14020174] +/- [0.08075649 0.07235188 0.04655309 0.09963416 0.056277   0.0715406 ]
    kl_div: 0.35283610149808964 +/- 0.22604786321286643
    all_seq_probs: [[0.17010455 0.16412608 0.15047162 0.22968932 0.14540669 0.14020174]] +/- [[0.08075649 0.07235188 0.04655309 0.09963416 0.056277   0.0715406 ]]
    expected_dist: [1.9999990e-01 1.9999990e-01 1.9999990e-01 1.0000003e-08 1.9999990e-01
 1.9999990e-01] +/- [1.1920929e-07 1.1920929e-07 1.1920929e-07 4.4408921e-15 1.1920929e-07
 1.1920929e-07]
  tvd_auc: 0.0 +/- 0.0
