biased_point
  When you roll dice, they land on 4 20% of the time.
    kl_div: 0.5226541258222424 +/- 0.4049888586949141
    expected_dist: [0.15999988 0.15999988 0.15999988 0.20000048 0.15999988 0.15999988] +/- [1.3411045e-07 1.3411045e-07 1.3411045e-07 4.6193600e-07 1.3411045e-07
 1.3411045e-07]
    tvd: 0.35238621577632145 +/- 0.1357618459274334
    choice_probs: [0.06400204 0.14934499 0.18847472 0.09488789 0.18699925 0.31629111] +/- [0.05358154 0.11536593 0.1337267  0.06672679 0.13267437 0.19961123]
    all_seq_probs: [[0.06400204 0.14934499 0.18847472 0.09488789 0.18699925 0.31629111]] +/- [[0.05358154 0.11536593 0.1337267  0.06672679 0.13267437 0.19961123]]
  tvd_auc: 0.0 +/- 0.0
