biased_point
  When you roll dice, they land on 5 100% of the time.
    expected_dist: [9.9999795e-09 9.9999795e-09 9.9999795e-09 9.9999795e-09 1.0000000e+00
 9.9999795e-09] +/- [1.8651747e-14 1.8651747e-14 1.8651747e-14 1.8651747e-14 0.0000000e+00
 1.8651747e-14]
    tvd: 0.6043963340571704 +/- 0.23183576329228195
    kl_div: 1.1723009393832962 +/- 0.7980225804210259
    all_seq_probs: [[0.06238291 0.06851585 0.08430672 0.21992738 0.39560364 0.1692635 ]] +/- [[0.03883721 0.06172906 0.06850611 0.12578416 0.23183577 0.08179408]]
    choice_probs: [0.06238291 0.06851585 0.08430672 0.21992738 0.39560364 0.1692635 ] +/- [0.03883721 0.06172906 0.06850611 0.12578416 0.23183577 0.08179408]
  tvd_auc: 0.0 +/- 0.0
