biased_point
  When I roll dice, they land on 2 60% of the time.
    all_seq_probs: [[0.1574982  0.3762933  0.12303987 0.11165854 0.10565122 0.12585886]] +/- [[0.06847742 0.13975661 0.05836853 0.07412781 0.06861763 0.08626415]]
    choice_probs: [0.1574982  0.3762933  0.12303987 0.11165854 0.10565122 0.12585886] +/- [0.06847742 0.13975661 0.05836853 0.07412781 0.06861763 0.08626415]
    kl_div: 0.23642603814834728 +/- 0.1678434159561012
    expected_dist: [0.07999998 0.60000026 0.07999998 0.07999998 0.07999998 0.07999998] +/- [4.4703484e-08 1.7881393e-07 4.4703484e-08 4.4703484e-08 4.4703484e-08
 4.4703484e-08]
    tvd: 0.2767394182225689 +/- 0.10501957888325984
  tvd_auc: 0.0 +/- 0.0
