biased_point
  tvd_auc: 0.0 +/- 0.0
  When I roll dice, they land on 3 80% of the time.
    expected_dist: [0.03999999 0.03999999 0.7999996  0.03999999 0.03999999 0.03999999] +/- [2.2351742e-08 2.2351742e-08 4.1723251e-07 2.2351742e-08 2.2351742e-08
 2.2351742e-08]
    choice_probs: [0.07883386 0.16339571 0.44207645 0.1194725  0.08679591 0.10942557] +/- [0.04052185 0.04645735 0.17618336 0.03443351 0.04569474 0.07206318]
    kl_div: 0.386487422685168 +/- 0.37050943963431754
    all_seq_probs: [[0.07883386 0.16339571 0.44207645 0.1194725  0.08679591 0.10942557]] +/- [[0.04052185 0.04645735 0.17618336 0.03443351 0.04569474 0.07206318]]
    tvd: 0.3582661660760641 +/- 0.1757639718747215
unconditional_point
  expected_dist: [0.16666663 0.16666663 0.16666663 0.16666663 0.16666663 0.16666663] +/- [5.9604645e-08 5.9604645e-08 5.9604645e-08 5.9604645e-08 5.9604645e-08
 5.9604645e-08]
  choice_probs: [0.08551055 0.17723245 0.27416039 0.20308305 0.10315071 0.15686285] +/- [0.05525518 0.06826517 0.17875132 0.05269053 0.05700667 0.07198852]
  kl_div: 0.21727610603411449 +/- 0.12154128648871021
  all_seq_probs: [[0.08551055 0.17723245 0.27416039 0.20308305 0.10315071 0.15686285]] +/- [[0.05525518 0.06826517 0.17875132 0.05269053 0.05700667 0.07198852]]
  tvd: 0.24885150809772313 +/- 0.08255080640513031
