biased_point
  When you flip coins, they land on heads 30% of the time.
    tvd: 0.3917115673879161 +/- 0.23161547470022897
    kl_div: 0.7410928101409227 +/- 0.6806345313619464
    choice_probs: [0.59169191 0.4083081 ] +/- [0.34928429 0.3492843 ]
    all_seq_probs: [[0.59169191 0.4083081 ]] +/- [[0.34928429 0.3492843 ]]
    expected_dist: [0.3       0.6999983] +/- [0.00000e+00 1.66893e-06]
  tvd_auc: 0.0 +/- 0.0
unconditional_point
  tvd: 0.451395798925485 +/- 0.07365858270424021
  kl_div: 1.2711247118115425 +/- 0.6854857391710577
  choice_probs: [0.64595489 0.35404512] +/- [0.43345233 0.43345234]
  all_seq_probs: [[0.64595489 0.35404512]] +/- [[0.43345233 0.43345234]]
  expected_dist: [0.5 0.5] +/- [0. 0.]
