biased_point
  When I roll dice, they land on 4 0% of the time.
    expected_dist: [1.9999990e-01 1.9999990e-01 1.9999990e-01 1.0000003e-08 1.9999990e-01
 1.9999990e-01] +/- [1.1920929e-07 1.1920929e-07 1.1920929e-07 4.4408921e-15 1.1920929e-07
 1.1920929e-07]
    choice_probs: [0.14261812 0.17622535 0.14751073 0.18230087 0.17747083 0.17387411] +/- [0.05410423 0.07891297 0.05670422 0.04500317 0.06454385 0.07793355]
    tvd: 0.25258792164855814 +/- 0.06529438852430382
    kl_div: 0.29449842893609485 +/- 0.10253993025012324
    all_seq_probs: [[0.14261812 0.17622535 0.14751073 0.18230087 0.17747083 0.17387411]] +/- [[0.05410423 0.07891297 0.05670422 0.04500317 0.06454385 0.07793355]]
  tvd_auc: 0.0 +/- 0.0
