unconditional_point
  choice_probs: [0.16466199 0.20979664 0.20161359 0.11316823 0.17855753 0.13220203] +/- [0.03854768 0.09243617 0.04006975 0.07075827 0.049971   0.02986124]
  expected_dist: [0.16666663 0.16666663 0.16666663 0.16666663 0.16666663 0.16666663] +/- [5.9604645e-08 5.9604645e-08 5.9604645e-08 5.9604645e-08 5.9604645e-08
 5.9604645e-08]
  all_seq_probs: [[0.16466199 0.20979664 0.20161359 0.11316823 0.17855753 0.13220203]] +/- [[0.03854768 0.09243617 0.04006975 0.07075827 0.049971   0.02986124]]
  tvd: 0.14890117716044188 +/- 0.06631510450995351
  kl_div: 0.10045977902482264 +/- 0.07852572313902682
biased_point
  When I roll dice, they land on 4 60% of the time.
    choice_probs: [0.12385342 0.16413932 0.16776414 0.27449004 0.14680718 0.1229459 ] +/- [0.04524867 0.10969359 0.04992167 0.15000202 0.05580735 0.04217667]
    expected_dist: [0.07999997 0.07999997 0.07999997 0.60000026 0.07999997 0.07999997] +/- [2.9802322e-08 2.9802322e-08 2.9802322e-08 2.3841858e-07 2.9802322e-08
 2.9802322e-08]
    all_seq_probs: [[0.12385342 0.16413932 0.16776414 0.27449004 0.14680718 0.1229459 ]] +/- [[0.04524867 0.10969359 0.04992167 0.15000202 0.05580735 0.04217667]]
    tvd: 0.3468276053573936 +/- 0.14506224859477038
    kl_div: 0.3685383752174676 +/- 0.26987614607111804
  tvd_auc: 0.0 +/- 0.0
