biased_point
  When you roll dice, they land on 5 100% of the time.
    tvd: 0.019049985061379622 +/- 0.06997164227092889
    kl_div: 0.02311387379028068 +/- 0.0986163260332702
    all_seq_probs: [[0.00298987 0.0012202  0.0078191  0.00119632 0.98095    0.00582453]] +/- [[0.0139372  0.00733595 0.02616235 0.00536363 0.06997165 0.02064578]]
    expected_dist: [9.9999795e-09 9.9999795e-09 9.9999795e-09 9.9999795e-09 1.0000000e+00
 9.9999795e-09] +/- [1.8651747e-14 1.8651747e-14 1.8651747e-14 1.8651747e-14 0.0000000e+00
 1.8651747e-14]
    choice_probs: [0.00298987 0.0012202  0.0078191  0.00119632 0.98095    0.00582453] +/- [0.0139372  0.00733595 0.02616235 0.00536363 0.06997165 0.02064578]
  tvd_auc: 0.0 +/- 0.0
