unconditional_point
  kl_div: 0.4167628554732073 +/- 0.17843889689809753
  expected_dist: [0.16666663 0.16666663 0.16666663 0.16666663 0.16666663 0.16666663] +/- [5.9604645e-08 5.9604645e-08 5.9604645e-08 5.9604645e-08 5.9604645e-08
 5.9604645e-08]
  all_seq_probs: [[0.06006868 0.1742076  0.31814979 0.18414875 0.10107096 0.16235423]] +/- [[0.03237211 0.11430158 0.1218308  0.11368569 0.07895174 0.08839534]]
  choice_probs: [0.06006868 0.1742076  0.31814979 0.18414875 0.10107096 0.16235423] +/- [0.03237211 0.11430158 0.1218308  0.11368569 0.07895174 0.08839534]
  tvd: 0.3017731228331104 +/- 0.06937147973551482
biased_point
  tvd_auc: 0.0 +/- 0.0
  When I roll dice, they land on 5 40% of the time.
    kl_div: 0.4483828388209804 +/- 0.1359309162370104
    expected_dist: [0.11999992 0.11999992 0.11999992 0.11999992 0.3999998  0.11999992] +/- [7.4505806e-08 7.4505806e-08 7.4505806e-08 7.4505806e-08 2.3841858e-07
 7.4505806e-08]
    all_seq_probs: [[0.08632982 0.1775493  0.25634549 0.1764499  0.10312157 0.20020392]] +/- [[0.03503509 0.08797314 0.10205555 0.08256306 0.04057068 0.07465796]]
    choice_probs: [0.08632982 0.1775493  0.25634549 0.1764499  0.10312157 0.20020392] +/- [0.03503509 0.08797314 0.10205555 0.08256306 0.04057068 0.07465796]
    tvd: 0.3723812362737954 +/- 0.047051519005764965
