biased_point
  When I flip coins they land on heads 100% of the time.
    kl_div: 0.0008839343338462413 +/- 0.0007468168742599671
    expected_dist: [1.0000000e+00 1.0000003e-08] +/- [0.000000e+00 4.440892e-15]
    tvd: 0.0008833911043283216 +/- 0.0007447726711722056
    choice_probs: [9.99116622e-01 8.83414418e-04] +/- [0.00074478 0.00074477]
    all_seq_probs: [[9.99116622e-01 8.83414418e-04]] +/- [[0.00074478 0.00074477]]
  tvd_auc: 0.0 +/- 0.0
unconditional_point
  kl_div: 1.7006111121177674 +/- 0.2813103171800784
  expected_dist: [0.5 0.5] +/- [0. 0.]
  tvd: 0.49006112405797464 +/- 0.00619199359796113
  choice_probs: [0.99006112 0.00993887] +/- [0.006192   0.00619199]
  all_seq_probs: [[0.99006112 0.00993887]] +/- [[0.006192   0.00619199]]
