biased_point
  When I roll dice, they land on 3 0% of the time.
    choice_probs: [0.19818346 0.18500411 0.04813676 0.17961877 0.18123699 0.20781993] +/- [0.02139604 0.02544806 0.01225765 0.02190203 0.02096178 0.03080698]
    kl_div: 0.059137127172467385 +/- 0.01179963658985192
    all_seq_probs: [[0.19818346 0.18500411 0.04813676 0.17961877 0.18123699 0.20781993]] +/- [[0.02139604 0.02544806 0.01225765 0.02190203 0.02096178 0.03080698]]
    expected_dist: [1.9999990e-01 1.9999990e-01 1.0000003e-08 1.9999990e-01 1.9999990e-01
 1.9999990e-01] +/- [1.1920929e-07 1.1920929e-07 4.4408921e-15 1.1920929e-07 1.1920929e-07
 1.1920929e-07]
    tvd: 0.08182447361880156 +/- 0.01884669469166518
  tvd_auc: 0.0 +/- 0.0
