biased_point
  When I roll dice, they land on 4 0% of the time.
    expected_dist: [1.9999990e-01 1.9999990e-01 1.9999990e-01 1.0000003e-08 1.9999990e-01
 1.9999990e-01] +/- [1.1920929e-07 1.1920929e-07 1.1920929e-07 4.4408921e-15 1.1920929e-07
 1.1920929e-07]
    choice_probs: [0.17715875 0.20289943 0.17434737 0.18429378 0.12660994 0.13469074] +/- [0.04129228 0.14222935 0.05592257 0.04528978 0.04967508 0.0656191 ]
    all_seq_probs: [[0.17715875 0.20289943 0.17434737 0.18429378 0.12660994 0.13469074]] +/- [[0.04129228 0.14222935 0.05592257 0.04528978 0.04967508 0.0656191 ]]
    kl_div: 0.30983332978274236 +/- 0.1060413945362573
    tvd: 0.2539789830439648 +/- 0.08635994339686574
  tvd_auc: 0.0 +/- 0.0
