biased_point
  tvd_auc: 0.0 +/- 0.0
  When you roll dice, they land on 1 60% of the time.
    choice_probs: [0.11181435 0.07727716 0.1304634  0.24554935 0.04782831 0.38706742] +/- [0.23425281 0.14467098 0.21985682 0.28198047 0.09029475 0.32853967]
    tvd: 0.6842441932909601 +/- 0.19356909684204363
    expected_dist: [0.6        0.07999994 0.07999994 0.07999994 0.07999994 0.07999994] +/- [5.9604645e-08 8.1956387e-08 8.1956387e-08 8.1956387e-08 8.1956387e-08
 8.1956387e-08]
    kl_div: 5.650819498033961 +/- 3.681685334100782
    all_seq_probs: [[0.11181435 0.07727716 0.1304634  0.24554935 0.04782831 0.38706742]] +/- [[0.23425281 0.14467098 0.21985682 0.28198047 0.09029475 0.32853967]]
