biased_point
  When I flip coins they land on heads 50% of the time.
    choice_probs: [0.86148437 0.13965942] +/- [0.10467354 0.10384998]
    tvd: 0.3609124755859375 +/- 0.10423815979896005
    expected_dist: [0.5 0.5] +/- [0. 0.]
    kl_div: 0.5055344581604004 +/- 0.32252200638371054
    all_seq_probs: [[0.86148437 0.13965942]] +/- [[0.10467354 0.10384998]]
  tvd_auc: 0.0 +/- 0.0
