biased_point
  tvd_auc: 0.0 +/- 0.0
  When I roll dice, they land on 6 0% of the time.
    tvd: 0.24235021839969967 +/- 0.10241344070800862
    all_seq_probs: [[0.14475904 0.19975412 0.1679688  0.16706096 0.15810557 0.16235152]] +/- [[0.04122175 0.15499359 0.0594759  0.06423216 0.06412044 0.0532048 ]]
    expected_dist: [1.9999990e-01 1.9999990e-01 1.9999990e-01 1.9999990e-01 1.9999990e-01
 1.0000003e-08] +/- [1.1920929e-07 1.1920929e-07 1.1920929e-07 1.1920929e-07 1.1920929e-07
 4.4408921e-15]
    kl_div: 0.2950445876477625 +/- 0.12918091185805236
    choice_probs: [0.14475904 0.19975412 0.1679688  0.16706096 0.15810557 0.16235152] +/- [0.04122175 0.15499359 0.0594759  0.06423216 0.06412044 0.0532048 ]
