biased_point
  tvd_auc: 0.0 +/- 0.0
  When I roll dice, they land on 3 0% of the time.
    expected_dist: [1.9999990e-01 1.9999990e-01 1.0000003e-08 1.9999990e-01 1.9999990e-01
 1.9999990e-01] +/- [1.1920929e-07 1.1920929e-07 4.4408921e-15 1.1920929e-07 1.1920929e-07
 1.1920929e-07]
    kl_div: 0.3586185655983812 +/- 0.13771872172476257
    all_seq_probs: [[0.18535304 0.21539094 0.20151308 0.1448048  0.1708491  0.08208906]] +/- [[0.03676382 0.12547146 0.03109272 0.04259096 0.07490858 0.04450109]]
    tvd: 0.2782227859844378 +/- 0.0860920176366466
    choice_probs: [0.18535304 0.21539094 0.20151308 0.1448048  0.1708491  0.08208906] +/- [0.03676382 0.12547146 0.03109272 0.04259096 0.07490858 0.04450109]
unconditional_point
  expected_dist: [0.16666663 0.16666663 0.16666663 0.16666663 0.16666663 0.16666663] +/- [5.9604645e-08 5.9604645e-08 5.9604645e-08 5.9604645e-08 5.9604645e-08
 5.9604645e-08]
  kl_div: 0.12212511504229041 +/- 0.16142412511996887
  all_seq_probs: [[0.17454461 0.23515807 0.19577269 0.14523412 0.15087943 0.09841111]] +/- [[0.05410914 0.14456617 0.03214886 0.04964659 0.06357033 0.04356274]]
  tvd: 0.1744545109011233 +/- 0.1051989310135697
  choice_probs: [0.17454461 0.23515807 0.19577269 0.14523412 0.15087943 0.09841111] +/- [0.05410914 0.14456617 0.03214886 0.04964659 0.06357033 0.04356274]
