unconditional_point
  choice_probs: [0.60549522 0.39450476] +/- [0.26773317 0.26773319]
  kl_div: 0.26787624537944793 +/- 0.2849017409078848
  tvd: 0.25090612296015025 +/- 0.14091280461127564
  all_seq_probs: [[0.60549522 0.39450476]] +/- [[0.26773317 0.26773319]]
  expected_dist: [0.5 0.5] +/- [0. 0.]
biased_point
  When I flip coins they land on heads 20% of the time.
    choice_probs: [0.7486887  0.25131128] +/- [0.24986581 0.24986581]
    kl_div: 1.0740235836757348 +/- 0.7343320990553137
    tvd: 0.5508110242150724 +/- 0.24515185309061233
    all_seq_probs: [[0.7486887  0.25131128]] +/- [[0.24986581 0.24986581]]
    expected_dist: [0.1999999 0.7999996] +/- [1.1920929e-07 4.1723251e-07]
  tvd_auc: 0.0 +/- 0.0
