biased_point
  tvd_auc: 0.0 +/- 0.0
  When I roll dice, they land on 4 20% of the time.
    expected_dist: [0.15999994 0.15999994 0.15999994 0.1999999  0.15999994 0.15999994] +/- [7.4505806e-08 7.4505806e-08 7.4505806e-08 1.1920929e-07 7.4505806e-08
 7.4505806e-08]
    kl_div: 0.1803677716688253 +/- 0.14352899323757604
    tvd: 0.21481728032231331 +/- 0.09209942853201053
    all_seq_probs: [[0.11813224 0.16463303 0.15815287 0.20919869 0.17890075 0.17098243]] +/- [[0.07453595 0.10954714 0.08425079 0.10724061 0.09733857 0.08409345]]
    choice_probs: [0.11813224 0.16463303 0.15815287 0.20919869 0.17890075 0.17098243] +/- [0.07453595 0.10954714 0.08425079 0.10724061 0.09733857 0.08409345]
