biased_point
  tvd_auc: 0.0 +/- 0.0
  When I roll dice, they land on 1 20% of the time.
    tvd: 0.05345811419188976 +/- 0.02468344051481809
    kl_div: 0.009736095768748782 +/- 0.008910218896307567
    expected_dist: [0.1999999  0.15999995 0.15999995 0.15999995 0.15999995 0.15999995] +/- [1.3411045e-07 8.9406967e-08 8.9406967e-08 8.9406967e-08 8.9406967e-08
 8.9406967e-08]
    all_seq_probs: [[0.1824157  0.16264181 0.16718027 0.1505848  0.17184428 0.16533317]] +/- [[0.02963676 0.01533239 0.01576835 0.01465438 0.0205803  0.0274206 ]]
    choice_probs: [0.1824157  0.16264181 0.16718027 0.1505848  0.17184428 0.16533317] +/- [0.02963676 0.01533239 0.01576835 0.01465438 0.0205803  0.0274206 ]
