unconditional_point
  kl_div: 1.014418574550422 +/- 0.7761995462544701
  tvd: 0.43091752898302366 +/- 0.1253701247714448
  choice_probs: [0.02217945 0.28258906 0.21848538 0.17843731 0.23277574 0.06553306] +/- [0.01523676 0.2652717  0.15430116 0.1266387  0.18739128 0.06150302]
  all_seq_probs: [[0.02217945 0.28258906 0.21848538 0.17843731 0.23277574 0.06553306]] +/- [[0.01523676 0.2652717  0.15430116 0.1266387  0.18739128 0.06150302]]
  expected_dist: [0.16666676 0.16666676 0.16666676 0.16666676 0.16666676 0.16666676] +/- [7.4505806e-08 7.4505806e-08 7.4505806e-08 7.4505806e-08 7.4505806e-08
 7.4505806e-08]
biased_point
  When you roll dice, they land on 3 20% of the time.
    kl_div: 0.47447881008393594 +/- 0.5258797763566817
    tvd: 0.317574510855251 +/- 0.1602613422002858
    choice_probs: [0.084538   0.22007174 0.24608169 0.15144909 0.16311913 0.13474034] +/- [0.04911624 0.25897846 0.15582666 0.10200039 0.13865028 0.08227446]
    all_seq_probs: [[0.084538   0.22007174 0.24608169 0.15144909 0.16311913 0.13474034]] +/- [[0.04911624 0.25897846 0.15582666 0.10200039 0.13865028 0.08227446]]
    expected_dist: [0.15999988 0.15999988 0.20000048 0.15999988 0.15999988 0.15999988] +/- [1.6391277e-07 1.6391277e-07 4.4703484e-07 1.6391277e-07 1.6391277e-07
 1.6391277e-07]
  tvd_auc: 0.0 +/- 0.0
