unconditional_point
  expected_dist: [0.16666663 0.16666663 0.16666663 0.16666663 0.16666663 0.16666663] +/- [5.9604645e-08 5.9604645e-08 5.9604645e-08 5.9604645e-08 5.9604645e-08
 5.9604645e-08]
  kl_div: 0.07117143965471769 +/- 0.023388072994107296
  all_seq_probs: [[0.20049755 0.17434904 0.12608971 0.21021212 0.18999788 0.09885371]] +/- [[0.01535057 0.02769115 0.0532837  0.04493584 0.03405597 0.03855073]]
  choice_probs: [0.20049755 0.17434904 0.12608971 0.21021212 0.18999788 0.09885371] +/- [0.01535057 0.02769115 0.0532837  0.04493584 0.03405597 0.03855073]
  tvd: 0.1412758882343769 +/- 0.026657893901078214
biased_point
  tvd_auc: 0.0 +/- 0.0
  When I roll dice, they land on 3 60% of the time.
    expected_dist: [0.07999998 0.07999998 0.60000026 0.07999998 0.07999998 0.07999998] +/- [4.4703484e-08 4.4703484e-08 1.7881393e-07 4.4703484e-08 4.4703484e-08
 4.4703484e-08]
    kl_div: 0.23918021551158744 +/- 0.1107343000463478
    all_seq_probs: [[0.12028747 0.09641678 0.32819441 0.11395655 0.12161395 0.21953083]] +/- [[0.04585066 0.03454528 0.10746827 0.04878001 0.05952923 0.08735856]]
    choice_probs: [0.12028747 0.09641678 0.32819441 0.11395655 0.12161395 0.21953083] +/- [0.04585066 0.03454528 0.10746827 0.04878001 0.05952923 0.08735856]
    tvd: 0.2924093393981457 +/- 0.08382705005486157
