biased_point
  tvd_auc: 0.0 +/- 0.0
  When I flip coins they land on heads 20% of the time.
    kl_div: 1.111351978778839 +/- 0.5958539164588561
    all_seq_probs: [[0.81734375 0.18323486]] +/- [[0.13084785 0.13052628]]
    tvd: 0.6170544403791428 +/- 0.13067039103214442
    expected_dist: [0.1999999 0.7999996] +/- [1.1920929e-07 4.1723251e-07]
    choice_probs: [0.81734375 0.18323486] +/- [0.13084785 0.13052628]
