biased_point
  When I roll dice, they land on 6 20% of the time.
    choice_probs: [0.13707389 0.18216767 0.15653883 0.15577753 0.1625131  0.20592898] +/- [0.04024624 0.03560024 0.02721836 0.02801581 0.03703504 0.04138198]
    tvd: 0.07890103872865438 +/- 0.06326366450790942
    kl_div: 0.03144355604883458 +/- 0.07801812827280873
    expected_dist: [0.15999995 0.15999995 0.15999995 0.15999995 0.15999995 0.1999999 ] +/- [8.9406967e-08 8.9406967e-08 8.9406967e-08 8.9406967e-08 8.9406967e-08
 1.3411045e-07]
    all_seq_probs: [[0.13707389 0.18216767 0.15653883 0.15577753 0.1625131  0.20592898]] +/- [[0.04024624 0.03560024 0.02721836 0.02801581 0.03703504 0.04138198]]
  tvd_auc: 0.0 +/- 0.0
