biased_point
  tvd_auc: 0.0 +/- 0.0
  When I flip coins they land on heads 70% of the time.
    choice_probs: [0.51099327 0.48900672] +/- [0.11625522 0.11625523]
    all_seq_probs: [[0.51099327 0.48900672]] +/- [[0.11625522 0.11625523]]
    tvd: 0.18900671511888503 +/- 0.11625522454327467
    kl_div: 0.10188273906707764 +/- 0.09829002739314945
    expected_dist: [0.7000003  0.30000013] +/- [2.9802322e-07 1.1920929e-07]
unconditional_point
  choice_probs: [0.5174455  0.48255452] +/- [0.15094628 0.15094627]
  all_seq_probs: [[0.5174455  0.48255452]] +/- [[0.15094628 0.15094627]]
  tvd: 0.11478178881108761 +/- 0.09957039709600295
  kl_div: 0.05669276744127274 +/- 0.09882441475601002
  expected_dist: [0.5 0.5] +/- [0. 0.]
