biased_point
  tvd_auc: 0.0 +/- 0.0
  When I roll dice, they land on 3 0% of the time.
    choice_probs: [0.13824118 0.14682148 0.23827821 0.14433429 0.15370485 0.17861997] +/- [0.05387517 0.05375055 0.11089806 0.04706356 0.04721127 0.07111735]
    expected_dist: [1.9999990e-01 1.9999990e-01 1.0000003e-08 1.9999990e-01 1.9999990e-01
 1.9999990e-01] +/- [1.1920929e-07 1.1920929e-07 4.4408921e-15 1.1920929e-07 1.1920929e-07
 1.1920929e-07]
    kl_div: 0.3459344505228236 +/- 0.2499963626600575
    all_seq_probs: [[0.13824118 0.14682148 0.23827821 0.14433429 0.15370485 0.17861997]] +/- [[0.05387517 0.05375055 0.11089806 0.04706356 0.04721127 0.07111735]]
    tvd: 0.27679760848292323 +/- 0.10867468365709841
