biased_point
  tvd_auc: 0.0 +/- 0.0
  When I roll dice, they land on 5 100% of the time.
    kl_div: 0.022014256553706132 +/- 0.019470053020062324
    expected_dist: [1.0000003e-08 1.0000003e-08 1.0000003e-08 1.0000003e-08 1.0000000e+00
 1.0000003e-08] +/- [4.440892e-15 4.440892e-15 4.440892e-15 4.440892e-15 0.000000e+00
 4.440892e-15]
    all_seq_probs: [[0.00484472 0.00275831 0.00290963 0.00587448 0.97840896 0.00520393]] +/- [[0.00431037 0.00270307 0.00279636 0.00481919 0.01872156 0.00433419]]
    tvd: 0.0215910220340214 +/- 0.018721561795553072
    choice_probs: [0.00484472 0.00275831 0.00290963 0.00587448 0.97840896 0.00520393] +/- [0.00431037 0.00270307 0.00279636 0.00481919 0.01872156 0.00433419]
