biased_point
  When you roll dice, they land on 2 100% of the time.
    expected_dist: [9.9999795e-09 1.0000000e+00 9.9999795e-09 9.9999795e-09 9.9999795e-09
 9.9999795e-09] +/- [1.8651747e-14 0.0000000e+00 1.8651747e-14 1.8651747e-14 1.8651747e-14
 1.8651747e-14]
    choice_probs: [0.46850999 0.1909236  0.24229602 0.01767744 0.02220384 0.05725051] +/- [0.26028756 0.20995539 0.28950227 0.01543417 0.02593987 0.07363214]
    tvd: 0.8085070796352434 +/- 0.20992298396656253
    kl_div: 2.6482668150810222 +/- 1.9422499922365613
    all_seq_probs: [[0.46850999 0.1909236  0.24229602 0.01767744 0.02220384 0.05725051]] +/- [[0.26028756 0.20995539 0.28950227 0.01543417 0.02593987 0.07363214]]
  tvd_auc: 0.0 +/- 0.0
