biased_point
  tvd_auc: 0.0 +/- 0.0
  When I roll dice, they land on 1 40% of the time.
    choice_probs: [0.25053752 0.21688193 0.12883923 0.1359264  0.11858187 0.14923305] +/- [0.16540877 0.09913419 0.07725839 0.09879147 0.08397239 0.10420462]
    all_seq_probs: [[0.25053752 0.21688193 0.12883923 0.1359264  0.11858187 0.14923305]] +/- [[0.16540877 0.09913419 0.07725839 0.09879147 0.08397239 0.10420462]]
    tvd: 0.28572688181418926 +/- 0.09397194247408248
    kl_div: 0.2619380535219898 +/- 0.17189141254732118
    expected_dist: [0.3999998  0.11999992 0.11999992 0.11999992 0.11999992 0.11999992] +/- [2.3841858e-07 7.4505806e-08 7.4505806e-08 7.4505806e-08 7.4505806e-08
 7.4505806e-08]
