biased_point
  tvd_auc: 0.0 +/- 0.0
  When I roll dice, they land on 1 60% of the time.
    choice_probs: [0.32685913 0.1553447  0.14495694 0.11175507 0.12088358 0.14020058] +/- [0.13398986 0.03970823 0.06240161 0.04709044 0.04008908 0.05419601]
    expected_dist: [0.60000026 0.07999998 0.07999998 0.07999998 0.07999998 0.07999998] +/- [1.7881393e-07 4.4703484e-08 4.4703484e-08 4.4703484e-08 4.4703484e-08
 4.4703484e-08]
    kl_div: 0.24343400633253623 +/- 0.15473209210430278
    all_seq_probs: [[0.32685913 0.1553447  0.14495694 0.11175507 0.12088358 0.14020058]] +/- [[0.13398986 0.03970823 0.06240161 0.04709044 0.04008908 0.05419601]]
    tvd: 0.2985928588581737 +/- 0.08656839861587617
