unconditional_point
  all_seq_probs: [[0.12782952 0.87217048]] +/- [[0.23950863 0.23950864]]
  expected_dist: [0.5 0.5] +/- [0. 0.]
  kl_div: 1.1799249417185784 +/- 0.697102414707363
  choice_probs: [0.12782952 0.87217048] +/- [0.23950863 0.23950864]
  tvd: 0.4309230948825134 +/- 0.10089867224073021
biased_point
  tvd_auc: 0.0 +/- 0.0
  When you flip coins, they land on heads 90% of the time.
    all_seq_probs: [[0.29626443 0.7037356 ]] +/- [[0.25350119 0.25350116]]
    expected_dist: [0.899998   0.10000024] +/- [1.9669533e-06 2.3841858e-07]
    kl_div: 1.4842799861431122 +/- 1.3433723179338106
    choice_probs: [0.29626443 0.7037356 ] +/- [0.25350119 0.25350116]
    tvd: 0.6085350757101551 +/- 0.24175307207707297
