biased_point
  tvd_auc: 0.0 +/- 0.0
  When I roll dice, they land on 4 60% of the time.
    kl_div: 0.1407685179397231 +/- 0.09079757737994694
    expected_dist: [0.07999997 0.07999997 0.07999997 0.60000026 0.07999997 0.07999997] +/- [2.9802322e-08 2.9802322e-08 2.9802322e-08 2.3841858e-07 2.9802322e-08
 2.9802322e-08]
    tvd: 0.21116973348893225 +/- 0.09053039356586827
    choice_probs: [0.08159111 0.08771131 0.09787656 0.44332745 0.10570563 0.18378795] +/- [0.04712228 0.0324584  0.03952562 0.12692882 0.04505952 0.05276357]
    all_seq_probs: [[0.08159111 0.08771131 0.09787656 0.44332745 0.10570563 0.18378795]] +/- [[0.04712228 0.0324584  0.03952562 0.12692882 0.04505952 0.05276357]]
