biased_point
  tvd_auc: 0.0 +/- 0.0
  When you roll dice, they land on 2 0% of the time.
    expected_dist: [2.0000048e-01 9.9999795e-09 2.0000048e-01 2.0000048e-01 2.0000048e-01
 2.0000048e-01] +/- [4.6193600e-07 1.8651747e-14 4.6193600e-07 4.6193600e-07 4.6193600e-07
 4.6193600e-07]
    choice_probs: [0.45586707 0.23787088 0.0169047  0.1516253  0.07710744 0.06062462] +/- [0.38536233 0.35456792 0.07310139 0.31453513 0.18398538 0.12761144]
    tvd: 0.7164385999289732 +/- 0.14785305897276424
    all_seq_probs: [[0.45586707 0.23787088 0.0169047  0.1516253  0.07710744 0.06062462]] +/- [[0.38536233 0.35456792 0.07310139 0.31453513 0.18398538 0.12761144]]
    kl_div: 3.6679419601165826 +/- 1.8543896260531476
unconditional_point
  expected_dist: [0.16666676 0.16666676 0.16666676 0.16666676 0.16666676 0.16666676] +/- [7.4505806e-08 7.4505806e-08 7.4505806e-08 7.4505806e-08 7.4505806e-08
 7.4505806e-08]
  choice_probs: [0.03446151 0.13971882 0.27080066 0.10394473 0.18763245 0.26344182] +/- [0.08429208 0.25921233 0.27110094 0.11560879 0.25772209 0.32127719]
  tvd: 0.560861603654221 +/- 0.15010115797080595
  all_seq_probs: [[0.03446151 0.13971882 0.27080066 0.10394473 0.18763245 0.26344182]] +/- [[0.08429208 0.25921233 0.27110094 0.11560879 0.25772209 0.32127719]]
  kl_div: 2.385970484655438 +/- 1.5157172630387834
