biased_point
  tvd_auc: 0.0 +/- 0.0
  When you roll dice, they land on 4 20% of the time.
    tvd: 0.3620744593932759 +/- 0.16707246681691107
    choice_probs: [0.11155413 0.20700854 0.14967195 0.10809084 0.15918248 0.26449207] +/- [0.1554705  0.19070149 0.13641831 0.07516206 0.12675049 0.18523801]
    kl_div: 0.5252623632032192 +/- 0.5308099771925405
    all_seq_probs: [[0.11155413 0.20700854 0.14967195 0.10809084 0.15918248 0.26449207]] +/- [[0.1554705  0.19070149 0.13641831 0.07516206 0.12675049 0.18523801]]
    expected_dist: [0.15999988 0.15999988 0.15999988 0.20000048 0.15999988 0.15999988] +/- [1.3411045e-07 1.3411045e-07 1.3411045e-07 4.6193600e-07 1.3411045e-07
 1.3411045e-07]
