biased_point
  tvd_auc: 0.0 +/- 0.0
  When I roll dice, they land on 1 20% of the time.
    kl_div: 0.023992464669863694 +/- 0.02386736185463509
    tvd: 0.0828772895410657 +/- 0.04182954246122789
    expected_dist: [0.1999999  0.15999995 0.15999995 0.15999995 0.15999995 0.15999995] +/- [1.3411045e-07 8.9406967e-08 8.9406967e-08 8.9406967e-08 8.9406967e-08
 8.9406967e-08]
    all_seq_probs: [[0.20524176 0.16979603 0.1622587  0.13962506 0.16585463 0.15722383]] +/- [[0.04975065 0.03046585 0.02674958 0.03066271 0.02790892 0.04045309]]
    choice_probs: [0.20524176 0.16979603 0.1622587  0.13962506 0.16585463 0.15722383] +/- [0.04975065 0.03046585 0.02674958 0.03066271 0.02790892 0.04045309]
