biased_point
  When I flip coins they land on heads 20% of the time.
    kl_div: 1.442452074587345 +/- 0.7848799886059218
    tvd: 0.6645928925275802 +/- 0.11080953721278755
    expected_dist: [0.1999999 0.7999996] +/- [1.1920929e-07 4.1723251e-07]
    choice_probs: [0.86566406 0.13647827] +/- [0.11165405 0.11005227]
    all_seq_probs: [[0.86566406 0.13647827]] +/- [[0.11165405 0.11005227]]
  tvd_auc: 0.0 +/- 0.0
