biased_point
  When I flip coins they land on heads 60% of the time.
    kl_div: 0.5149908569455147 +/- 0.2642557182666643
    all_seq_probs: [[0.92414063 0.07541138]] +/- [[0.05622336 0.05537856]]
    choice_probs: [0.92414063 0.07541138] +/- [0.05622336 0.05537856]
    tvd: 0.324364629983902 +/- 0.05573169751563013
    expected_dist: [0.60000026 0.3999998 ] +/- [2.3841858e-07 2.3841858e-07]
  tvd_auc: 0.0 +/- 0.0
