unconditional_point
  expected_dist: [0.5 0.5] +/- [0. 0.]
  kl_div: 0.19249494123458863 +/- 0.2072703908937823
  all_seq_probs: [[0.64717088 0.35282911]] +/- [[0.21369137 0.21369138]]
  tvd: 0.22720515863597393 +/- 0.12530398815598828
  choice_probs: [0.64717088 0.35282911] +/- [0.21369137 0.21369138]
biased_point
  When you flip coins, they land on heads 50% of the time.
    expected_dist: [0.5 0.5] +/- [0. 0.]
    kl_div: 0.12697990256547928 +/- 0.1235609886190222
    all_seq_probs: [[0.64975777 0.35024222]] +/- [[0.16786259 0.16786259]]
    tvd: 0.19876184576749803 +/- 0.10535164401070779
    choice_probs: [0.64975777 0.35024222] +/- [0.16786259 0.16786259]
  tvd_auc: 0.0 +/- 0.0
