biased_point
  tvd_auc: 0.0 +/- 0.0
  When you roll dice, they land on 1 20% of the time.
    expected_dist: [0.20000048 0.15999988 0.15999988 0.15999988 0.15999988 0.15999988] +/- [4.4703484e-07 1.6391277e-07 1.6391277e-07 1.6391277e-07 1.6391277e-07
 1.6391277e-07]
    tvd: 0.5959260749097286 +/- 0.12276257199339494
    kl_div: 5.001212522362009 +/- 2.6249521026280322
    choice_probs: [0.18246287 0.22332498 0.13902842 0.13281359 0.05352058 0.26884956] +/- [0.23566195 0.26832824 0.22109437 0.23988062 0.12359905 0.34397277]
    all_seq_probs: [[0.18246287 0.22332498 0.13902842 0.13281359 0.05352058 0.26884956]] +/- [[0.23566195 0.26832824 0.22109437 0.23988062 0.12359905 0.34397277]]
