biased_point
  tvd_auc: 0.0 +/- 0.0
  When you roll dice, they land on 4 60% of the time.
    expected_dist: [0.07999994 0.07999994 0.07999994 0.6        0.07999994 0.07999994] +/- [5.9604645e-08 5.9604645e-08 5.9604645e-08 0.0000000e+00 5.9604645e-08
 5.9604645e-08]
    kl_div: 1.2445822409641696 +/- 0.9492811469235691
    choice_probs: [0.0684989  0.05614891 0.12264603 0.35264716 0.06326337 0.33764835] +/- [0.10209126 0.13477979 0.21028443 0.31610504 0.09351952 0.29615226]
    all_seq_probs: [[0.0684989  0.05614891 0.12264603 0.35264716 0.06326337 0.33764835]] +/- [[0.10209126 0.13477979 0.21028443 0.31610504 0.09351952 0.29615226]]
    tvd: 0.5071207543648779 +/- 0.19329644538106935
