biased_point
  tvd_auc: 0.0 +/- 0.0
  When I roll dice, they land on 6 0% of the time.
    kl_div: 0.2036814087250596 +/- 0.06650528343075639
    choice_probs: [0.16405431 0.18463313 0.17930413 0.16126473 0.16410685 0.14663687] +/- [0.04607525 0.06926857 0.03224888 0.08045392 0.04714031 0.03684021]
    expected_dist: [1.9999990e-01 1.9999990e-01 1.9999990e-01 1.9999990e-01 1.9999990e-01
 1.0000003e-08] +/- [1.1920929e-07 1.1920929e-07 1.1920929e-07 1.1920929e-07 1.1920929e-07
 4.4408921e-15]
    tvd: 0.19316004897588107 +/- 0.06296594105090281
    all_seq_probs: [[0.16405431 0.18463313 0.17930413 0.16126473 0.16410685 0.14663687]] +/- [[0.04607525 0.06926857 0.03224888 0.08045392 0.04714031 0.03684021]]
