unconditional_point
  expected_dist: [0.5 0.5] +/- [0. 0.]
  choice_probs: [0.49331895 0.50668107] +/- [0.06420557 0.06420556]
  all_seq_probs: [[0.49331895 0.50668107]] +/- [[0.06420557 0.06420556]]
  tvd: 0.048765488862991334 +/- 0.04229560235342006
  kl_div: 0.008556401431560516 +/- 0.012443044846939269
biased_point
  When I flip coins they land on heads 50% of the time.
    expected_dist: [0.5 0.5] +/- [0. 0.]
    choice_probs: [0.46885158 0.53114845] +/- [0.0613987  0.06139869]
    all_seq_probs: [[0.46885158 0.53114845]] +/- [[0.0613987  0.06139869]]
    tvd: 0.05106459408998489 +/- 0.04617826348818998
    kl_div: 0.009836260378360748 +/- 0.016558701255578644
  tvd_auc: 0.0 +/- 0.0
