biased_point
  When you roll dice, they land on 6 60% of the time.
    tvd: 0.597562411560012 +/- 0.2315281590090139
    choice_probs: [0.10969116 0.12475051 0.1899308  0.28813092 0.04221551 0.24528109] +/- [0.20030047 0.23797035 0.24031434 0.29961083 0.07335779 0.3170606 ]
    all_seq_probs: [[0.10969116 0.12475051 0.1899308  0.28813092 0.04221551 0.24528109]] +/- [[0.20030047 0.23797035 0.24031434 0.29961083 0.07335779 0.3170606 ]]
    expected_dist: [0.07999994 0.07999994 0.07999994 0.07999994 0.07999994 0.6       ] +/- [5.9604645e-08 5.9604645e-08 5.9604645e-08 5.9604645e-08 5.9604645e-08
 0.0000000e+00]
    kl_div: 3.700405680155847 +/- 3.6176144052369765
  tvd_auc: 0.0 +/- 0.0
