biased_point
  When you flip coins, they land on heads 0% of the time.
    expected_dist: [9.9999795e-09 1.0000000e+00] +/- [1.8651747e-14 0.0000000e+00]
    all_seq_probs: [[4.54988246e-05 9.99954515e-01]] +/- [[5.19358773e-05 5.19312717e-05]]
    kl_div: 4.540818662896129e-05 +/- 5.192815191895475e-05
    tvd: 4.5486922126993786e-05 +/- 5.193357108091682e-05
    choice_probs: [4.54988246e-05 9.99954515e-01] +/- [5.19358773e-05 5.19312717e-05]
  tvd_auc: 0.0 +/- 0.0
unconditional_point
  expected_dist: [0.5 0.5] +/- [0. 0.]
  all_seq_probs: [[0.00200445 0.99799557]] +/- [[0.00179631 0.00179631]]
  kl_div: 2.669332692503929 +/- 0.5750735341263652
  tvd: 0.49799556006197965 +/- 0.0017963088372068999
  choice_probs: [0.00200445 0.99799557] +/- [0.00179631 0.00179631]
