biased_point
  tvd_auc: 0.0 +/- 0.0
  When I roll dice, they land on 2 0% of the time.
    choice_probs: [0.15197177 0.21141395 0.16639159 0.15783575 0.15325436 0.15913258] +/- [0.04681845 0.04918073 0.08480269 0.04630895 0.0582137  0.05070825]
    all_seq_probs: [[0.15197177 0.21141395 0.16639159 0.15783575 0.15325436 0.15913258]] +/- [[0.04681845 0.04918073 0.08480269 0.04630895 0.0582137  0.05070825]]
    tvd: 0.2478309722908697 +/- 0.08179548665152636
    expected_dist: [1.9999990e-01 1.0000003e-08 1.9999990e-01 1.9999990e-01 1.9999990e-01
 1.9999990e-01] +/- [1.1920929e-07 4.4408921e-15 1.1920929e-07 1.1920929e-07 1.1920929e-07
 1.1920929e-07]
    kl_div: 0.30701387653421475 +/- 0.14484960209150477
