biased_point
  When you roll dice, they land on 3 60% of the time.
    expected_dist: [0.07999994 0.07999994 0.6        0.07999994 0.07999994 0.07999994] +/- [8.1956387e-08 8.1956387e-08 5.9604645e-08 8.1956387e-08 8.1956387e-08
 8.1956387e-08]
    choice_probs: [0.09960706 0.21735942 0.16942119 0.18548824 0.08676679 0.2413573 ] +/- [0.14993677 0.28279613 0.32568894 0.27796252 0.14412331 0.29975431]
    kl_div: 5.076199817428773 +/- 3.3910296956871475
    tvd: 0.6738890492974996 +/- 0.18528907153398133
    all_seq_probs: [[0.09960706 0.21735942 0.16942119 0.18548824 0.08676679 0.2413573 ]] +/- [[0.14993677 0.28279613 0.32568894 0.27796252 0.14412331 0.29975431]]
  tvd_auc: 0.0 +/- 0.0
