unconditional_point
  kl_div: 0.5144825717806816 +/- 0.2864985548321521
  tvd: 0.37936499951407315 +/- 0.06428039260568141
  all_seq_probs: [[0.120635 0.879365]] +/- [[0.0642804  0.06428039]]
  choice_probs: [0.120635 0.879365] +/- [0.0642804  0.06428039]
  expected_dist: [0.5 0.5] +/- [0. 0.]
biased_point
  When I flip coins they land on heads 10% of the time.
    kl_div: 0.019571271212771534 +/- 0.028054729282865103
    tvd: 0.04521534541621804 +/- 0.03876224503204905
    all_seq_probs: [[0.10647475 0.89352524]] +/- [[0.05920318 0.05920318]]
    choice_probs: [0.10647475 0.89352524] +/- [0.05920318 0.05920318]
    expected_dist: [0.09999995 0.9000002 ] +/- [5.2154064e-08 2.3841858e-07]
  tvd_auc: 0.0 +/- 0.0
