unconditional_point
  expected_dist: [0.16666676 0.16666676 0.16666676 0.16666676 0.16666676 0.16666676] +/- [7.4505806e-08 7.4505806e-08 7.4505806e-08 7.4505806e-08 7.4505806e-08
 7.4505806e-08]
  kl_div: 0.9192577015821735 +/- 0.33914965622708476
  choice_probs: [0.02218474 0.20184226 0.22054531 0.20616818 0.28604056 0.06321896] +/- [0.01487711 0.2381551  0.14853504 0.11376752 0.20418595 0.05076372]
  tvd: 0.42750664236262675 +/- 0.09250138093283966
  all_seq_probs: [[0.02218474 0.20184226 0.22054531 0.20616818 0.28604056 0.06321896]] +/- [[0.01487711 0.2381551  0.14853504 0.11376752 0.20418595 0.05076372]]
biased_point
  When you roll dice, they land on 2 40% of the time.
    expected_dist: [0.12000033 0.40000096 0.12000033 0.12000033 0.12000033 0.12000033] +/- [3.3527613e-07 9.2387199e-07 3.3527613e-07 3.3527613e-07 3.3527613e-07
 3.3527613e-07]
    kl_div: 0.2861241803647463 +/- 0.15761360393766363
    choice_probs: [0.07194069 0.43440659 0.13449556 0.17255832 0.09161342 0.09498543] +/- [0.04493311 0.20162439 0.10286599 0.09469283 0.08830846 0.06450072]
    tvd: 0.2674169697654434 +/- 0.08761732687198584
    all_seq_probs: [[0.07194069 0.43440659 0.13449556 0.17255832 0.09161342 0.09498543]] +/- [[0.04493311 0.20162439 0.10286599 0.09469283 0.08830846 0.06450072]]
  tvd_auc: 0.0 +/- 0.0
