biased_point
  tvd_auc: 0.0 +/- 0.0
  When you roll dice, they land on 6 80% of the time.
    all_seq_probs: [[0.0706787  0.12251959 0.07839886 0.32691145 0.16560299 0.2358884 ]] +/- [[0.05966709 0.18552795 0.0692621  0.17527104 0.1062229  0.18787935]]
    kl_div: 1.2526103455058766 +/- 1.0904653773565207
    expected_dist: [0.03999997 0.03999997 0.03999997 0.03999997 0.03999997 0.8000019 ] +/- [4.0978193e-08 4.0978193e-08 4.0978193e-08 4.0978193e-08 4.0978193e-08
 1.9073486e-06]
    choice_probs: [0.0706787  0.12251959 0.07839886 0.32691145 0.16560299 0.2358884 ] +/- [0.05966709 0.18552795 0.0692621  0.17527104 0.1062229  0.18787935]
    tvd: 0.5784324862590875 +/- 0.1871723910804848
