biased_point
  tvd_auc: 0.0 +/- 0.0
  When you roll dice, they land on 5 80% of the time.
    choice_probs: [0.018437   0.07799586 0.10969631 0.07591502 0.67211963 0.04583618] +/- [0.02652972 0.08167426 0.12295492 0.0711348  0.24902082 0.05475187]
    all_seq_probs: [[0.018437   0.07799586 0.10969631 0.07591502 0.67211963 0.04583618]] +/- [[0.02652972 0.08167426 0.12295492 0.0711348  0.24902082 0.05475187]]
    tvd: 0.2522806845259911 +/- 0.16226479251352988
    expected_dist: [0.03999997 0.03999997 0.03999997 0.03999997 0.8000019  0.03999997] +/- [4.0978193e-08 4.0978193e-08 4.0978193e-08 4.0978193e-08 1.9073486e-06
 4.0978193e-08]
    kl_div: 0.33368779397167964 +/- 0.27473546639022034
