unconditional_point
  all_seq_probs: [[0.47694397 0.52305605]] +/- [[0.09402074 0.09402074]]
  choice_probs: [0.47694397 0.52305605] +/- [0.09402074 0.09402074]
  expected_dist: [0.5 0.5] +/- [0. 0.]
  tvd: 0.07735645860433578 +/- 0.0582018769524243
  kl_div: 0.01981197386980057 +/- 0.027265446946347475
biased_point
  When I flip coins they land on heads 0% of the time.
    all_seq_probs: [[0.42224175 0.57775826]] +/- [[0.05464997 0.05464996]]
    choice_probs: [0.42224175 0.57775826] +/- [0.05464997 0.05464996]
    expected_dist: [1.0000003e-08 1.0000000e+00] +/- [4.440892e-15 0.000000e+00]
    tvd: 0.42224173731290904 +/- 0.05464996694406479
    kl_div: 0.5531730160473453 +/- 0.09628143158388891
  tvd_auc: 0.0 +/- 0.0
