biased_point
  When I flip coins they land on heads 30% of the time.
    expected_dist: [0.30000013 0.7000003 ] +/- [1.1920929e-07 2.9802322e-07]
    choice_probs: [0.87117188 0.13048706] +/- [0.13709655 0.13724869]
    kl_div: 1.1680885658413172 +/- 0.6054502310458935
    tvd: 0.5703423953056336 +/- 0.13713251919639785
    all_seq_probs: [[0.87117188 0.13048706]] +/- [[0.13709655 0.13724869]]
  tvd_auc: 0.0 +/- 0.0
