biased_point
  tvd_auc: 0.0 +/- 0.0
  When I roll dice, they land on 6 60% of the time.
    kl_div: 0.09249876027461142 +/- 0.06333371532573825
    choice_probs: [0.08083664 0.09747936 0.08989428 0.09442042 0.11787648 0.51949283] +/- [0.04582359 0.04122218 0.04278763 0.04862539 0.05777119 0.14375669]
    all_seq_probs: [[0.08083664 0.09747936 0.08989428 0.09442042 0.11787648 0.51949283]] +/- [[0.04582359 0.04122218 0.04278763 0.04862539 0.05777119 0.14375669]]
    expected_dist: [0.07999997 0.07999997 0.07999997 0.07999997 0.07999997 0.60000026] +/- [2.9802322e-08 2.9802322e-08 2.9802322e-08 2.9802322e-08 2.9802322e-08
 2.3841858e-07]
    tvd: 0.16607099833898245 +/- 0.0763302826677978
