biased_point
  tvd_auc: 0.0 +/- 0.0
  When you flip coins, they land on heads 0% of the time.
    kl_div: 0.22360846713188323 +/- 0.3544288855237975
    expected_dist: [9.9999795e-09 1.0000000e+00] +/- [1.8651747e-14 0.0000000e+00]
    tvd: 0.16302647013710053 +/- 0.19416337372898806
    all_seq_probs: [[0.16302648 0.83697353]] +/- [[0.19416337 0.19416337]]
    choice_probs: [0.16302648 0.83697353] +/- [0.19416337 0.19416337]
unconditional_point
  kl_div: 0.8605526769757271 +/- 0.6983191293654359
  expected_dist: [0.5 0.5] +/- [0. 0.]
  tvd: 0.38802247113047633 +/- 0.12239235417649846
  all_seq_probs: [[0.87643641 0.1235636 ]] +/- [[0.15439223 0.15439222]]
  choice_probs: [0.87643641 0.1235636 ] +/- [0.15439223 0.15439222]
