biased_point
  When you roll dice, they land on 6 100% of the time.
    tvd: 0.057557192128979626 +/- 0.05700790019769755
    all_seq_probs: [[0.00614873 0.00528469 0.01037175 0.01136327 0.02438878 0.94244279]] +/- [[0.00657967 0.00821427 0.01132516 0.01068076 0.02382651 0.0570079 ]]
    expected_dist: [9.9999795e-09 9.9999795e-09 9.9999795e-09 9.9999795e-09 9.9999795e-09
 1.0000000e+00] +/- [1.8651747e-14 1.8651747e-14 1.8651747e-14 1.8651747e-14 1.8651747e-14
 0.0000000e+00]
    kl_div: 0.06122989921513979 +/- 0.06348917832715356
    choice_probs: [0.00614873 0.00528469 0.01037175 0.01136327 0.02438878 0.94244279] +/- [0.00657967 0.00821427 0.01132516 0.01068076 0.02382651 0.0570079 ]
  tvd_auc: 0.0 +/- 0.0
