biased_point
  When you roll dice, they land on 5 80% of the time.
    choice_probs: [0.04249632 0.11661078 0.11170045 0.07518626 0.40513591 0.24887028] +/- [0.10123114 0.20478593 0.18923994 0.1621992  0.44875572 0.31267014]
    expected_dist: [0.03999997 0.03999997 0.03999997 0.03999997 0.8000019  0.03999997] +/- [4.0978193e-08 4.0978193e-08 4.0978193e-08 4.0978193e-08 1.9073486e-06
 4.0978193e-08]
    kl_div: 3.5423448964191264 +/- 3.2478956256943743
    all_seq_probs: [[0.04249632 0.11661078 0.11170045 0.07518626 0.40513591 0.24887028]] +/- [[0.10123114 0.20478593 0.18923994 0.1621992  0.44875572 0.31267014]]
    tvd: 0.5750027242191665 +/- 0.31527978504032755
  tvd_auc: 0.0 +/- 0.0
