unconditional_point
  kl_div: 0.9097618218694261 +/- 0.2985159182249098
  choice_probs: [0.02100002 0.11466699 0.16966891 0.23786548 0.37987788 0.07692071] +/- [0.01505773 0.20872638 0.11543814 0.08938684 0.18743863 0.06289275]
  tvd: 0.42795633089804325 +/- 0.07803935500385431
  expected_dist: [0.16666676 0.16666676 0.16666676 0.16666676 0.16666676 0.16666676] +/- [7.4505806e-08 7.4505806e-08 7.4505806e-08 7.4505806e-08 7.4505806e-08
 7.4505806e-08]
  all_seq_probs: [[0.02100002 0.11466699 0.16966891 0.23786548 0.37987788 0.07692071]] +/- [[0.01505773 0.20872638 0.11543814 0.08938684 0.18743863 0.06289275]]
biased_point
  tvd_auc: 0.0 +/- 0.0
  When you roll dice, they land on 2 60% of the time.
    kl_div: 0.2431780023696556 +/- 0.24138982067282966
    choice_probs: [0.07419686 0.42904898 0.12921606 0.16965359 0.07900868 0.11887583] +/- [0.05079107 0.18051701 0.08830296 0.07867899 0.06106231 0.06756208]
    tvd: 0.25756432098615917 +/- 0.14019619934840624
    expected_dist: [0.07999994 0.6        0.07999994 0.07999994 0.07999994 0.07999994] +/- [8.1956387e-08 5.9604645e-08 8.1956387e-08 8.1956387e-08 8.1956387e-08
 8.1956387e-08]
    all_seq_probs: [[0.07419686 0.42904898 0.12921606 0.16965359 0.07900868 0.11887583]] +/- [[0.05079107 0.18051701 0.08830296 0.07867899 0.06106231 0.06756208]]
