biased_point
  tvd_auc: 0.0 +/- 0.0
  When I roll dice, they land on 1 40% of the time.
    tvd: 0.15211673498153686 +/- 0.054805814409606406
    all_seq_probs: [[0.2593001  0.1547075  0.15316595 0.13021137 0.15046132 0.15215377]] +/- [[0.06690345 0.02025573 0.0227212  0.0214924  0.04079718 0.02777845]]
    expected_dist: [0.3999998  0.11999992 0.11999992 0.11999992 0.11999992 0.11999992] +/- [2.3841858e-07 7.4505806e-08 7.4505806e-08 7.4505806e-08 7.4505806e-08
 7.4505806e-08]
    kl_div: 0.07011296523385681 +/- 0.04478516504975704
    choice_probs: [0.2593001  0.1547075  0.15316595 0.13021137 0.15046132 0.15215377] +/- [0.06690345 0.02025573 0.0227212  0.0214924  0.04079718 0.02777845]
