biased_point
  tvd_auc: 0.0 +/- 0.0
  When you roll dice, they land on 4 60% of the time.
    expected_dist: [0.07999994 0.07999994 0.07999994 0.6        0.07999994 0.07999994] +/- [5.9604645e-08 5.9604645e-08 5.9604645e-08 0.0000000e+00 5.9604645e-08
 5.9604645e-08]
    choice_probs: [0.05273298 0.11818899 0.163905   0.34858155 0.15335426 0.16323722] +/- [0.04060542 0.10900835 0.10543287 0.23732199 0.10836275 0.12941665]
    all_seq_probs: [[0.05273298 0.11818899 0.163905   0.34858155 0.15335426 0.16323722]] +/- [[0.04060542 0.10900835 0.10543287 0.23732199 0.10836275 0.12941665]]
    tvd: 0.3681746911977825 +/- 0.14662524993586198
    kl_div: 0.4764106631336617 +/- 0.3678494853297551
