biased_point
  When you roll dice, they land on 3 40% of the time.
    tvd: 0.5716180821001143 +/- 0.13539778272247416
    expected_dist: [0.12000033 0.12000033 0.40000096 0.12000033 0.12000033 0.12000033] +/- [3.3527613e-07 3.3527613e-07 9.2387199e-07 3.3527613e-07 3.3527613e-07
 3.3527613e-07]
    kl_div: 1.8929454244390362 +/- 1.0340174741132175
    choice_probs: [0.02403901 0.06476231 0.19881742 0.24999932 0.13651523 0.32586672] +/- [0.07439695 0.10259569 0.28200469 0.25406156 0.17640557 0.28451394]
    all_seq_probs: [[0.02403901 0.06476231 0.19881742 0.24999932 0.13651523 0.32586672]] +/- [[0.07439695 0.10259569 0.28200469 0.25406156 0.17640557 0.28451394]]
  tvd_auc: 0.0 +/- 0.0
