biased_point
  tvd_auc: 0.0 +/- 0.0
  When you roll dice, they land on 3 80% of the time.
    choice_probs: [0.02424346 0.06232979 0.67612116 0.04641571 0.08296032 0.10792955] +/- [0.02695935 0.07081645 0.3449266  0.0472342  0.09589698 0.14830987]
    expected_dist: [0.03999997 0.03999997 0.8000019  0.03999997 0.03999997 0.03999997] +/- [4.0978193e-08 4.0978193e-08 1.9073486e-06 4.0978193e-08 4.0978193e-08
 4.0978193e-08]
    tvd: 0.2977280852081021 +/- 0.22265429006167697
    kl_div: 0.43843495609826644 +/- 0.431579440224533
    all_seq_probs: [[0.02424346 0.06232979 0.67612116 0.04641571 0.08296032 0.10792955]] +/- [[0.02695935 0.07081645 0.3449266  0.0472342  0.09589698 0.14830987]]
