unconditional_point
  choice_probs: [0.16956001 0.19891413 0.20088015 0.20307866 0.05702953 0.17053755] +/- [0.01576236 0.02273906 0.01757941 0.02056503 0.01676436 0.03264774]
  expected_dist: [0.16666663 0.16666663 0.16666663 0.16666663 0.16666663 0.16666663] +/- [5.9604645e-08 5.9604645e-08 5.9604645e-08 5.9604645e-08 5.9604645e-08
 5.9604645e-08]
  kl_div: 0.09223682210606057 +/- 0.03961722513928792
  tvd: 0.12587044203653933 +/- 0.024552948516806252
  all_seq_probs: [[0.16956001 0.19891413 0.20088015 0.20307866 0.05702953 0.17053755]] +/- [[0.01576236 0.02273906 0.01757941 0.02056503 0.01676436 0.03264774]]
biased_point
  tvd_auc: 0.0 +/- 0.0
  When I roll dice, they land on 5 100% of the time.
    choice_probs: [0.07401167 0.07959563 0.0893316  0.12960149 0.51581969 0.11163991] +/- [0.04878832 0.04816503 0.05705783 0.06737262 0.27670936 0.06662198]
    expected_dist: [1.0000003e-08 1.0000003e-08 1.0000003e-08 1.0000003e-08 1.0000000e+00
 1.0000003e-08] +/- [4.440892e-15 4.440892e-15 4.440892e-15 4.440892e-15 0.000000e+00
 4.440892e-15]
    kl_div: 0.8649193378749627 +/- 0.7041294946790709
    tvd: 0.48418027720550016 +/- 0.2767093644742499
    all_seq_probs: [[0.07401167 0.07959563 0.0893316  0.12960149 0.51581969 0.11163991]] +/- [[0.04878832 0.04816503 0.05705783 0.06737262 0.27670936 0.06662198]]
