biased_point
  tvd_auc: 0.0 +/- 0.0
  When I roll dice, they land on 2 0% of the time.
    tvd: 0.2516405346908531 +/- 0.0872791671015811
    choice_probs: [0.21196997 0.21651442 0.14729623 0.16041382 0.16603103 0.09777453] +/- [0.03599745 0.09084144 0.02292475 0.04994112 0.04463075 0.04661475]
    kl_div: 0.31953071722362497 +/- 0.16282608585387012
    all_seq_probs: [[0.21196997 0.21651442 0.14729623 0.16041382 0.16603103 0.09777453]] +/- [[0.03599745 0.09084144 0.02292475 0.04994112 0.04463075 0.04661475]]
    expected_dist: [1.9999990e-01 1.0000003e-08 1.9999990e-01 1.9999990e-01 1.9999990e-01
 1.9999990e-01] +/- [1.1920929e-07 4.4408921e-15 1.1920929e-07 1.1920929e-07 1.1920929e-07
 1.1920929e-07]
unconditional_point
  tvd: 0.14837562154978515 +/- 0.07503917129480266
  choice_probs: [0.17787854 0.2139488  0.16695448 0.17694482 0.17338715 0.09088621] +/- [0.04359351 0.10258161 0.04467409 0.04631024 0.05543998 0.04242981]
  kl_div: 0.09442616158630698 +/- 0.0823133670846389
  all_seq_probs: [[0.17787854 0.2139488  0.16695448 0.17694482 0.17338715 0.09088621]] +/- [[0.04359351 0.10258161 0.04467409 0.04631024 0.05543998 0.04242981]]
  expected_dist: [0.16666663 0.16666663 0.16666663 0.16666663 0.16666663 0.16666663] +/- [5.9604645e-08 5.9604645e-08 5.9604645e-08 5.9604645e-08 5.9604645e-08
 5.9604645e-08]
