biased_point
  When I roll dice, they land on 3 40% of the time.
    kl_div: 0.039661822608322836 +/- 0.02178460949147814
    all_seq_probs: [[0.13971371 0.15039925 0.2965935  0.15652135 0.13850952 0.11826264]] +/- [[0.02698149 0.02105787 0.04657583 0.01934337 0.02174519 0.02143404]]
    tvd: 0.1194149523973465 +/- 0.034277873353940586
    expected_dist: [0.11999992 0.11999992 0.3999998  0.11999992 0.11999992 0.11999992] +/- [7.4505806e-08 7.4505806e-08 2.3841858e-07 7.4505806e-08 7.4505806e-08
 7.4505806e-08]
    choice_probs: [0.13971371 0.15039925 0.2965935  0.15652135 0.13850952 0.11826264] +/- [0.02698149 0.02105787 0.04657583 0.01934337 0.02174519 0.02143404]
  tvd_auc: 0.0 +/- 0.0
