unconditional_point
  choice_probs: [0.28905744 0.25219261 0.17600146 0.08869417 0.07189787 0.12215645] +/- [0.1860168  0.08947366 0.14252273 0.0622361  0.05082265 0.0766777 ]
  expected_dist: [0.16666663 0.16666663 0.16666663 0.16666663 0.16666663 0.16666663] +/- [5.9604645e-08 5.9604645e-08 5.9604645e-08 5.9604645e-08 5.9604645e-08
 5.9604645e-08]
  kl_div: 0.3632209618354682 +/- 0.2376031427442331
  tvd: 0.3270401659421623 +/- 0.13862816244033604
  all_seq_probs: [[0.28905744 0.25219261 0.17600146 0.08869417 0.07189787 0.12215645]] +/- [[0.1860168  0.08947366 0.14252273 0.0622361  0.05082265 0.0766777 ]]
biased_point
  When I roll dice, they land on 1 80% of the time.
    choice_probs: [0.39840799 0.22575662 0.12711471 0.06833852 0.07814319 0.10223896] +/- [0.18635538 0.05929777 0.10859652 0.04056736 0.05078544 0.08170975]
    expected_dist: [0.7999996  0.03999999 0.03999999 0.03999999 0.03999999 0.03999999] +/- [3.5762787e-07 2.2351742e-08 2.2351742e-08 2.2351742e-08 2.2351742e-08
 2.2351742e-08]
    kl_div: 0.5132482156785408 +/- 0.39672379195278507
    tvd: 0.4093888915423304 +/- 0.17900368549126713
    all_seq_probs: [[0.39840799 0.22575662 0.12711471 0.06833852 0.07814319 0.10223896]] +/- [[0.18635538 0.05929777 0.10859652 0.04056736 0.05078544 0.08170975]]
  tvd_auc: 0.0 +/- 0.0
