biased_point
  When I roll dice, they land on 6 80% of the time.
    expected_dist: [0.03999999 0.03999999 0.03999999 0.03999999 0.03999999 0.7999996 ] +/- [2.2351742e-08 2.2351742e-08 2.2351742e-08 2.2351742e-08 2.2351742e-08
 4.1723251e-07]
    choice_probs: [0.08954591 0.07634245 0.08388729 0.08451254 0.0853854  0.58032639] +/- [0.05862277 0.05963645 0.05426798 0.05811632 0.05428691 0.22824135]
    all_seq_probs: [[0.08954591 0.07634245 0.08388729 0.08451254 0.0853854  0.58032639]] +/- [[0.05862277 0.05963645 0.05426798 0.05811632 0.05428691 0.22824135]]
    tvd: 0.28707136209821327 +/- 0.13633730659234794
    kl_div: 0.250581052806665 +/- 0.16987766073808364
  tvd_auc: 0.0 +/- 0.0
