biased_point
  tvd_auc: 0.0 +/- 0.0
  When you roll dice, they land on 4 0% of the time.
    all_seq_probs: [[0.09529673 0.15965724 0.16083533 0.1427413  0.16014081 0.28132859]] +/- [[0.09335432 0.1680818  0.13271876 0.12906029 0.14815661 0.23265679]]
    expected_dist: [2.0000048e-01 2.0000048e-01 2.0000048e-01 9.9999795e-09 2.0000048e-01
 2.0000048e-01] +/- [4.6193600e-07 4.6193600e-07 4.6193600e-07 1.8651747e-14 4.6193600e-07
 4.6193600e-07]
    kl_div: 0.7790267574466853 +/- 0.6370373686604571
    choice_probs: [0.09529673 0.15965724 0.16083533 0.1427413  0.16014081 0.28132859] +/- [0.09335432 0.1680818  0.13271876 0.12906029 0.14815661 0.23265679]
    tvd: 0.4233218924764177 +/- 0.1421391924204644
