unconditional_point
  choice_probs: [0.43646207 0.56353794] +/- [0.2049971 0.2049971]
  all_seq_probs: [[0.43646207 0.56353794]] +/- [[0.2049971 0.2049971]]
  tvd: 0.1729460268840194 +/- 0.1270848160707595
  kl_div: 0.1282267922759056 +/- 0.18169502790917677
  expected_dist: [0.5 0.5] +/- [0. 0.]
biased_point
  When you flip coins, they land on heads 30% of the time.
    choice_probs: [0.37115694 0.62884308] +/- [0.17280672 0.17280672]
    all_seq_probs: [[0.37115694 0.62884308]] +/- [[0.17280672 0.17280672]]
    tvd: 0.13497150921821593 +/- 0.12926005774369187
    kl_div: 0.08790677870437504 +/- 0.19715158942453945
    expected_dist: [0.3       0.6999983] +/- [0.00000e+00 1.66893e-06]
  tvd_auc: 0.0 +/- 0.0
