biased_point
  tvd_auc: 0.0 +/- 0.0
  When you roll dice, they land on 4 20% of the time.
    tvd: 0.6386607152856887 +/- 0.1332511347350854
    all_seq_probs: [[0.08970479 0.12708477 0.13271895 0.52400417 0.0557691  0.07041808]] +/- [[0.20018914 0.26293911 0.21515994 0.38995322 0.12771025 0.19180735]]
    expected_dist: [0.15999988 0.15999988 0.15999988 0.20000048 0.15999988 0.15999988] +/- [1.3411045e-07 1.3411045e-07 1.3411045e-07 4.6193600e-07 1.3411045e-07
 1.3411045e-07]
    choice_probs: [0.08970479 0.12708477 0.13271895 0.52400417 0.0557691  0.07041808] +/- [0.20018914 0.26293911 0.21515994 0.38995322 0.12771025 0.19180735]
    kl_div: 2.296990959446877 +/- 1.3062408300012291
