biased_point
  When I roll dice, they land on 6 40% of the time.
    all_seq_probs: [[0.13275119 0.12111317 0.11860496 0.14946291 0.13539791 0.34266985]] +/- [[0.02439538 0.02083516 0.01868121 0.01992143 0.02042191 0.05652173]]
    tvd: 0.08798405937850476 +/- 0.03185665463270874
    expected_dist: [0.11999992 0.11999992 0.11999992 0.11999992 0.11999992 0.3999998 ] +/- [7.4505806e-08 7.4505806e-08 7.4505806e-08 7.4505806e-08 7.4505806e-08
 2.3841858e-07]
    kl_div: 0.022770564620150254 +/- 0.01494543601824534
    choice_probs: [0.13275119 0.12111317 0.11860496 0.14946291 0.13539791 0.34266985] +/- [0.02439538 0.02083516 0.01868121 0.01992143 0.02042191 0.05652173]
  tvd_auc: 0.0 +/- 0.0
