unconditional_point
  expected_dist: [0.16666663 0.16666663 0.16666663 0.16666663 0.16666663 0.16666663] +/- [5.9604645e-08 5.9604645e-08 5.9604645e-08 5.9604645e-08 5.9604645e-08
 5.9604645e-08]
  kl_div: 0.09093385859174305 +/- 0.026201879976106658
  choice_probs: [0.2121992  0.10645587 0.24840068 0.20198325 0.15803276 0.07292826] +/- [0.01636602 0.01481398 0.02683687 0.01641731 0.02154408 0.01384656]
  tvd: 0.16745946373790502 +/- 0.02211256198850558
  all_seq_probs: [[0.2121992  0.10645587 0.24840068 0.20198325 0.15803276 0.07292826]] +/- [[0.01636602 0.01481398 0.02683687 0.01641731 0.02154408 0.01384656]]
biased_point
  When I roll dice, they land on 2 100% of the time.
    expected_dist: [1.0000003e-08 1.0000000e+00 1.0000003e-08 1.0000003e-08 1.0000003e-08
 1.0000003e-08] +/- [4.440892e-15 0.000000e+00 4.440892e-15 4.440892e-15 4.440892e-15
 4.440892e-15]
    kl_div: 0.3259440490566149 +/- 0.13154108901646502
    choice_probs: [0.1233153  0.72781433 0.0338571  0.02044543 0.01606563 0.07850222] +/- [0.03870595 0.08937432 0.0154798  0.00777823 0.00666246 0.03187396]
    tvd: 0.27218565244363563 +/- 0.08937432675264088
    all_seq_probs: [[0.1233153  0.72781433 0.0338571  0.02044543 0.01606563 0.07850222]] +/- [[0.03870595 0.08937432 0.0154798  0.00777823 0.00666246 0.03187396]]
  tvd_auc: 0.0 +/- 0.0
