unconditional_point
  all_seq_probs: [[0.1833307  0.18476082 0.1920061  0.17761462 0.12839652 0.13389126]] +/- [[0.04183769 0.07449325 0.03952953 0.03735667 0.05441047 0.05675573]]
  kl_div: 0.06935456394712673 +/- 0.05989542482591563
  tvd: 0.12882662799209357 +/- 0.060225088516436785
  choice_probs: [0.1833307  0.18476082 0.1920061  0.17761462 0.12839652 0.13389126] +/- [0.04183769 0.07449325 0.03952953 0.03735667 0.05441047 0.05675573]
  expected_dist: [0.16666663 0.16666663 0.16666663 0.16666663 0.16666663 0.16666663] +/- [5.9604645e-08 5.9604645e-08 5.9604645e-08 5.9604645e-08 5.9604645e-08
 5.9604645e-08]
biased_point
  tvd_auc: 0.0 +/- 0.0
  When I roll dice, they land on 5 60% of the time.
    all_seq_probs: [[0.10319326 0.10706215 0.11182629 0.10036458 0.32683543 0.25071829]] +/- [[0.05379433 0.12404602 0.08213001 0.05702038 0.13067683 0.14986454]]
    kl_div: 0.35033731840841936 +/- 0.20295597143621577
    tvd: 0.34320603880099954 +/- 0.09108313440041277
    choice_probs: [0.10319326 0.10706215 0.11182629 0.10036458 0.32683543 0.25071829] +/- [0.05379433 0.12404602 0.08213001 0.05702038 0.13067683 0.14986454]
    expected_dist: [0.07999997 0.07999997 0.07999997 0.07999997 0.60000026 0.07999997] +/- [2.9802322e-08 2.9802322e-08 2.9802322e-08 2.9802322e-08 2.3841858e-07
 2.9802322e-08]
