biased_point
  When I roll dice, they land on 3 40% of the time.
    tvd: 0.2550609154254198 +/- 0.07281236952027055
    choice_probs: [0.13628616 0.15003385 0.22023781 0.25067491 0.13507544 0.10769182] +/- [0.05468047 0.04904473 0.09281641 0.09295617 0.06193889 0.05070922]
    expected_dist: [0.11999992 0.11999992 0.3999998  0.11999992 0.11999992 0.11999992] +/- [7.4505806e-08 7.4505806e-08 2.3841858e-07 7.4505806e-08 7.4505806e-08
 7.4505806e-08]
    kl_div: 0.19255286519524817 +/- 0.11929553155332685
    all_seq_probs: [[0.13628616 0.15003385 0.22023781 0.25067491 0.13507544 0.10769182]] +/- [[0.05468047 0.04904473 0.09281641 0.09295617 0.06193889 0.05070922]]
  tvd_auc: 0.0 +/- 0.0
