biased_point
  When you roll dice, they land on 3 0% of the time.
    tvd: 0.47493364331525934 +/- 0.15206185729960497
    kl_div: 0.8366944134255123 +/- 0.49589376411852104
    all_seq_probs: [[0.06627642 0.12219734 0.29695466 0.12098856 0.15536939 0.23821363]] +/- [[0.06205717 0.11730057 0.13853029 0.12117575 0.14436805 0.16550405]]
    expected_dist: [2.0000048e-01 2.0000048e-01 9.9999795e-09 2.0000048e-01 2.0000048e-01
 2.0000048e-01] +/- [4.6193600e-07 4.6193600e-07 1.8651747e-14 4.6193600e-07 4.6193600e-07
 4.6193600e-07]
    choice_probs: [0.06627642 0.12219734 0.29695466 0.12098856 0.15536939 0.23821363] +/- [0.06205717 0.11730057 0.13853029 0.12117575 0.14436805 0.16550405]
  tvd_auc: 0.0 +/- 0.0
