biased_point
  When I roll dice, they land on 4 40% of the time.
    tvd: 0.15177354365587234 +/- 0.027472331278499202
    expected_dist: [0.11999992 0.11999992 0.11999992 0.3999998  0.11999992 0.11999992] +/- [7.4505806e-08 7.4505806e-08 7.4505806e-08 2.3841858e-07 7.4505806e-08
 7.4505806e-08]
    all_seq_probs: [[0.13336614 0.12834661 0.15226321 0.26484096 0.15769341 0.16348965]] +/- [[0.0286723  0.02594195 0.02312445 0.03942962 0.02846406 0.03242557]]
    choice_probs: [0.13336614 0.12834661 0.15226321 0.26484096 0.15769341 0.16348965] +/- [0.0286723  0.02594195 0.02312445 0.03942962 0.02846406 0.03242557]
    kl_div: 0.06148291749355849 +/- 0.021508584099047854
  tvd_auc: 0.0 +/- 0.0
