biased_point
  When I roll dice, they land on 4 0% of the time.
    tvd: 0.10517946454816673 +/- 0.024077743243552278
    all_seq_probs: [[0.1891669  0.16881921 0.16846037 0.07448679 0.18182596 0.21724079]] +/- [[0.02408752 0.0201279  0.01683374 0.01670215 0.0207115  0.0287188 ]]
    expected_dist: [1.9999990e-01 1.9999990e-01 1.9999990e-01 1.0000003e-08 1.9999990e-01
 1.9999990e-01] +/- [1.1920929e-07 1.1920929e-07 1.1920929e-07 4.4408921e-15 1.1920929e-07
 1.1920929e-07]
    choice_probs: [0.1891669  0.16881921 0.16846037 0.07448679 0.18182596 0.21724079] +/- [0.02408752 0.0201279  0.01683374 0.01670215 0.0207115  0.0287188 ]
    kl_div: 0.08897645344438303 +/- 0.018632193843339556
  tvd_auc: 0.0 +/- 0.0
