biased_point
  tvd_auc: 0.0 +/- 0.0
  When I roll dice, they land on 3 0% of the time.
    kl_div: 0.19560490366960578 +/- 0.01644381217584336
    tvd: 0.177409601501461 +/- 0.016396936584711256
    all_seq_probs: [[0.16858541 0.15982303 0.16761697 0.14998141 0.17172519 0.18226801]] +/- [[0.02489019 0.02390409 0.01382047 0.01899096 0.02209114 0.02706894]]
    choice_probs: [0.16858541 0.15982303 0.16761697 0.14998141 0.17172519 0.18226801] +/- [0.02489019 0.02390409 0.01382047 0.01899096 0.02209114 0.02706894]
    expected_dist: [1.9999990e-01 1.9999990e-01 1.0000003e-08 1.9999990e-01 1.9999990e-01
 1.9999990e-01] +/- [1.1920929e-07 1.1920929e-07 4.4408921e-15 1.1920929e-07 1.1920929e-07
 1.1920929e-07]
