biased_point
  tvd_auc: 0.0 +/- 0.0
  When I roll dice, they land on 4 80% of the time.
    kl_div: 0.16137352636069408 +/- 0.17400302021268682
    all_seq_probs: [[0.05986206 0.06830593 0.0848344  0.63820248 0.08912735 0.05966778]] +/- [[0.04835786 0.04652717 0.04739297 0.17997869 0.05013083 0.03421686]]
    tvd: 0.2050835185800679 +/- 0.13352262670756299
    choice_probs: [0.05986206 0.06830593 0.0848344  0.63820248 0.08912735 0.05966778] +/- [0.04835786 0.04652717 0.04739297 0.17997869 0.05013083 0.03421686]
    expected_dist: [0.03999999 0.03999999 0.03999999 0.7999996  0.03999999 0.03999999] +/- [2.2351742e-08 2.2351742e-08 2.2351742e-08 4.1723251e-07 2.2351742e-08
 2.2351742e-08]
