biased_point
  tvd_auc: 0.0 +/- 0.0
  When I roll dice, they land on 4 60% of the time.
    all_seq_probs: [[0.07758442 0.0837333  0.09359332 0.555299   0.09880124 0.09098873]] +/- [[0.02603006 0.03035841 0.03129202 0.09945917 0.03107638 0.03017359]]
    tvd: 0.10334500066936016 +/- 0.0578414338455341
    expected_dist: [0.07999997 0.07999997 0.07999997 0.60000026 0.07999997 0.07999997] +/- [2.9802322e-08 2.9802322e-08 2.9802322e-08 2.3841858e-07 2.9802322e-08
 2.9802322e-08]
    kl_div: 0.03822072084498359 +/- 0.039215834431531385
    choice_probs: [0.07758442 0.0837333  0.09359332 0.555299   0.09880124 0.09098873] +/- [0.02603006 0.03035841 0.03129202 0.09945917 0.03107638 0.03017359]
