biased_point
  tvd_auc: 0.0 +/- 0.0
  When I roll dice, they land on 6 20% of the time.
    all_seq_probs: [[0.11645    0.27950797 0.1410612  0.1299348  0.1248306  0.20821543]] +/- [[0.04512279 0.19623781 0.06031724 0.06943739 0.07180517 0.07568506]]
    choice_probs: [0.11645    0.27950797 0.1410612  0.1299348  0.1248306  0.20821543] +/- [0.04512279 0.19623781 0.06031724 0.06943739 0.07180517 0.07568506]
    expected_dist: [0.15999995 0.15999995 0.15999995 0.15999995 0.15999995 0.1999999 ] +/- [8.9406967e-08 8.9406967e-08 8.9406967e-08 8.9406967e-08 8.9406967e-08
 1.3411045e-07]
    kl_div: 0.19559327015362216 +/- 0.27302165204971474
    tvd: 0.22916962836403398 +/- 0.13664929989194952
