unconditional_point
  tvd: 0.2725178671022877 +/- 0.059580159834328156
  choice_probs: [0.06043007 0.20906361 0.29938608 0.06345978 0.19048565 0.17717481] +/- [0.03000741 0.0807944  0.08615693 0.08126341 0.07435916 0.06449652]
  kl_div: 0.3368755291297566 +/- 0.1438678408832914
  all_seq_probs: [[0.06043007 0.20906361 0.29938608 0.06345978 0.19048565 0.17717481]] +/- [[0.03000741 0.0807944  0.08615693 0.08126341 0.07435916 0.06449652]]
  expected_dist: [0.16666663 0.16666663 0.16666663 0.16666663 0.16666663 0.16666663] +/- [5.9604645e-08 5.9604645e-08 5.9604645e-08 5.9604645e-08 5.9604645e-08
 5.9604645e-08]
biased_point
  tvd_auc: 0.0 +/- 0.0
  When I roll dice, they land on 4 80% of the time.
    tvd: 0.7065750060603022 +/- 0.04497182993055323
    choice_probs: [0.08498886 0.22432471 0.27078469 0.095162   0.14642053 0.17831921] +/- [0.03530483 0.06140304 0.05711334 0.0447221  0.03307988 0.04808368]
    kl_div: 1.513957020259695 +/- 0.3875860968823748
    all_seq_probs: [[0.08498886 0.22432471 0.27078469 0.095162   0.14642053 0.17831921]] +/- [[0.03530483 0.06140304 0.05711334 0.0447221  0.03307988 0.04808368]]
    expected_dist: [0.03999999 0.03999999 0.03999999 0.7999996  0.03999999 0.03999999] +/- [2.2351742e-08 2.2351742e-08 2.2351742e-08 4.1723251e-07 2.2351742e-08
 2.2351742e-08]
