biased_point
  When you flip coins, they land on heads 60% of the time.
    choice_probs: [0.64701244 0.35298755] +/- [0.10711095 0.10711097]
    tvd: 0.10102884909510612 +/- 0.05895845560387878
    kl_div: 0.03195573444664478 +/- 0.03227418829652785
    expected_dist: [0.6        0.40000096] +/- [0.00000e+00 9.23872e-07]
    all_seq_probs: [[0.64701244 0.35298755]] +/- [[0.10711095 0.10711097]]
  tvd_auc: 0.0 +/- 0.0
unconditional_point
  choice_probs: [0.54118212 0.45881788] +/- [0.19216772 0.19216772]
  tvd: 0.1725425067692995 +/- 0.0940929413782975
  kl_div: 0.0921172102689743 +/- 0.09455118570060461
  expected_dist: [0.5 0.5] +/- [0. 0.]
  all_seq_probs: [[0.54118212 0.45881788]] +/- [[0.19216772 0.19216772]]
