biased_point
  When you flip coins, they land on heads 10% of the time.
    all_seq_probs: [[0.25296219 0.74703781]] +/- [[0.17658797 0.17658797]]
    kl_div: 0.13823224951233715 +/- 0.17747077772581166
    choice_probs: [0.25296219 0.74703781] +/- [0.17658797 0.17658797]
    tvd: 0.1742881574574858 +/- 0.15557756038443538
    expected_dist: [0.10000024 0.899998  ] +/- [2.3841858e-07 1.9669533e-06]
  tvd_auc: 0.0 +/- 0.0
unconditional_point
  all_seq_probs: [[0.36166231 0.63833769]] +/- [[0.24575219 0.24575219]]
  kl_div: 0.2802719616889954 +/- 0.3573376292931403
  choice_probs: [0.36166231 0.63833769] +/- [0.24575219 0.24575219]
  tvd: 0.23690952734276652 +/- 0.15298801278806265
  expected_dist: [0.5 0.5] +/- [0. 0.]
