biased_point
  tvd_auc: 0.0 +/- 0.0
  When you roll dice, they land on 5 0% of the time.
    kl_div: 2.7048586032621045 +/- 1.5352938825561426
    expected_dist: [2.0000048e-01 2.0000048e-01 2.0000048e-01 2.0000048e-01 9.9999795e-09
 2.0000048e-01] +/- [4.6193600e-07 4.6193600e-07 4.6193600e-07 4.6193600e-07 1.8651747e-14
 4.6193600e-07]
    tvd: 0.6713175278416296 +/- 0.1491411959493328
    all_seq_probs: [[0.08554367 0.11259264 0.10462414 0.07751129 0.39592856 0.2237997 ]] +/- [[0.17308108 0.19001765 0.19530957 0.13905661 0.27376141 0.27946738]]
    choice_probs: [0.08554367 0.11259264 0.10462414 0.07751129 0.39592856 0.2237997 ] +/- [0.17308108 0.19001765 0.19530957 0.13905661 0.27376141 0.27946738]
