biased_point
  tvd_auc: 0.0 +/- 0.0
  When I roll dice, they land on 3 80% of the time.
    choice_probs: [0.11056698 0.08097605 0.51594896 0.08107626 0.08883362 0.12259813] +/- [0.04480921 0.03575637 0.16083566 0.03332628 0.04788708 0.03859324]
    kl_div: 0.24572668461176364 +/- 0.2644263764786927
    tvd: 0.2850284344702959 +/- 0.15961014351053773
    all_seq_probs: [[0.11056698 0.08097605 0.51594896 0.08107626 0.08883362 0.12259813]] +/- [[0.04480921 0.03575637 0.16083566 0.03332628 0.04788708 0.03859324]]
    expected_dist: [0.03999999 0.03999999 0.7999996  0.03999999 0.03999999 0.03999999] +/- [2.2351742e-08 2.2351742e-08 4.1723251e-07 2.2351742e-08 2.2351742e-08
 2.2351742e-08]
unconditional_point
  choice_probs: [0.20009492 0.18285951 0.09725274 0.22684006 0.19761384 0.09533895] +/- [0.02295621 0.02872008 0.03610742 0.02909245 0.02039695 0.01907936]
  kl_div: 0.07556935837841593 +/- 0.023893478052374302
  tvd: 0.15041498351842164 +/- 0.0245911104325983
  all_seq_probs: [[0.20009492 0.18285951 0.09725274 0.22684006 0.19761384 0.09533895]] +/- [[0.02295621 0.02872008 0.03610742 0.02909245 0.02039695 0.01907936]]
  expected_dist: [0.16666663 0.16666663 0.16666663 0.16666663 0.16666663 0.16666663] +/- [5.9604645e-08 5.9604645e-08 5.9604645e-08 5.9604645e-08 5.9604645e-08
 5.9604645e-08]
