biased_point
  tvd_auc: 0.0 +/- 0.0
  When you roll dice, they land on 6 100% of the time.
    choice_probs: [0.11533043 0.05172147 0.05488933 0.11163665 0.36037319 0.30604894] +/- [0.06160843 0.02948326 0.04137512 0.05542994 0.1812717  0.22240153]
    expected_dist: [9.9999795e-09 9.9999795e-09 9.9999795e-09 9.9999795e-09 9.9999795e-09
 1.0000000e+00] +/- [1.8651747e-14 1.8651747e-14 1.8651747e-14 1.8651747e-14 1.8651747e-14
 0.0000000e+00]
    all_seq_probs: [[0.11533043 0.05172147 0.05488933 0.11163665 0.36037319 0.30604894]] +/- [[0.06160843 0.02948326 0.04137512 0.05542994 0.1812717  0.22240153]]
    tvd: 0.6939510420136707 +/- 0.22240152912018554
    kl_div: 1.5314352599434384 +/- 0.9486560152377639
