biased_point
  tvd_auc: 0.0 +/- 0.0
  When I roll dice, they land on 4 100% of the time.
    choice_probs: [0.010467   0.00447161 0.00774425 0.96504743 0.00504051 0.00722921] +/- [0.00281827 0.00167494 0.00257394 0.01196418 0.00204654 0.00389041]
    all_seq_probs: [[0.010467   0.00447161 0.00774425 0.96504743 0.00504051 0.00722921]] +/- [[0.00281827 0.00167494 0.00257394 0.01196418 0.00204654 0.00389041]]
    tvd: 0.034952551354849086 +/- 0.011964181211241806
    kl_div: 0.035654510100108325 +/- 0.012433240939893987
    expected_dist: [1.0000003e-08 1.0000003e-08 1.0000003e-08 1.0000000e+00 1.0000003e-08
 1.0000003e-08] +/- [4.440892e-15 4.440892e-15 4.440892e-15 0.000000e+00 4.440892e-15
 4.440892e-15]
