biased_point
  When you roll dice, they land on 1 0% of the time.
    tvd: 0.5957256659592194 +/- 0.1079067615161508
    all_seq_probs: [[0.34598945 0.06337634 0.11712348 0.07236326 0.12647716 0.27467031]] +/- [[0.19646397 0.10025031 0.15519744 0.07611649 0.19241523 0.22947435]]
    choice_probs: [0.34598945 0.06337634 0.11712348 0.07236326 0.12647716 0.27467031] +/- [0.19646397 0.10025031 0.15519744 0.07611649 0.19241523 0.22947435]
    expected_dist: [9.9999795e-09 2.0000048e-01 2.0000048e-01 2.0000048e-01 2.0000048e-01
 2.0000048e-01] +/- [1.8651747e-14 4.6193600e-07 4.6193600e-07 4.6193600e-07 4.6193600e-07
 4.6193600e-07]
    kl_div: 1.5237665399346214 +/- 0.6214741249956095
  tvd_auc: 0.0 +/- 0.0
