biased_point
  tvd_auc: 0.0 +/- 0.0
  When I roll dice, they land on 6 0% of the time.
    all_seq_probs: [[0.12160342 0.21150863 0.22113185 0.17863492 0.13969655 0.12742463]] +/- [[0.03302416 0.09803506 0.08734151 0.09467661 0.06160644 0.06504223]]
    expected_dist: [1.9999990e-01 1.9999990e-01 1.9999990e-01 1.9999990e-01 1.9999990e-01
 1.0000003e-08] +/- [1.1920929e-07 1.1920929e-07 1.1920929e-07 1.1920929e-07 1.1920929e-07
 4.4408921e-15]
    tvd: 0.25660308836148293 +/- 0.03725111468710074
    kl_div: 0.3093903846448893 +/- 0.09660998678595953
    choice_probs: [0.12160342 0.21150863 0.22113185 0.17863492 0.13969655 0.12742463] +/- [0.03302416 0.09803506 0.08734151 0.09467661 0.06160644 0.06504223]
unconditional_point
  all_seq_probs: [[0.06458522 0.19378162 0.28030459 0.19584938 0.12272252 0.14275667]] +/- [[0.03572306 0.1372708  0.1546882  0.13868294 0.07920281 0.09187284]]
  expected_dist: [0.16666663 0.16666663 0.16666663 0.16666663 0.16666663 0.16666663] +/- [5.9604645e-08 5.9604645e-08 5.9604645e-08 5.9604645e-08 5.9604645e-08
 5.9604645e-08]
  tvd: 0.3246921429550275 +/- 0.08234310297582347
  kl_div: 0.4353662643388816 +/- 0.1883760804900603
  choice_probs: [0.06458522 0.19378162 0.28030459 0.19584938 0.12272252 0.14275667] +/- [0.03572306 0.1372708  0.1546882  0.13868294 0.07920281 0.09187284]
