unconditional_point
  kl_div: 0.332479433119297 +/- 0.23642482190486577
  choice_probs: [0.18501123 0.81498876] +/- [0.09779273 0.09779273]
  expected_dist: [0.5 0.5] +/- [0. 0.]
  tvd: 0.31746085127443074 +/- 0.0894424363466664
  all_seq_probs: [[0.18501123 0.81498876]] +/- [[0.09779273 0.09779273]]
biased_point
  When you flip coins, they land on heads 10% of the time.
    kl_div: 0.04061815899703652 +/- 0.06403069198150473
    choice_probs: [0.15872671 0.84127329] +/- [0.09255404 0.09255404]
    expected_dist: [0.10000024 0.899998  ] +/- [2.3841858e-07 1.9669533e-06]
    tvd: 0.07994222550466656 +/- 0.07499544239648721
    all_seq_probs: [[0.15872671 0.84127329]] +/- [[0.09255404 0.09255404]]
  tvd_auc: 0.0 +/- 0.0
