biased_point
  tvd_auc: 0.0 +/- 0.0
  When I roll dice, they land on 1 60% of the time.
    kl_div: 0.09805157372029498 +/- 0.09852046958259475
    all_seq_probs: [[0.46552403 0.11748055 0.10711074 0.0869095  0.10558593 0.11738925]] +/- [[0.15130166 0.03190222 0.03316344 0.02971815 0.03601808 0.04216509]]
    expected_dist: [0.60000026 0.07999998 0.07999998 0.07999998 0.07999998 0.07999998] +/- [1.7881393e-07 4.4703484e-08 4.4703484e-08 4.4703484e-08 4.4703484e-08
 4.4703484e-08]
    tvd: 0.17748922985047103 +/- 0.10431981928207805
    choice_probs: [0.46552403 0.11748055 0.10711074 0.0869095  0.10558593 0.11738925] +/- [0.15130166 0.03190222 0.03316344 0.02971815 0.03601808 0.04216509]
