biased_point
  When I roll dice, they land on 5 80% of the time.
    tvd: 0.0536582705937326 +/- 0.03211714448725424
    choice_probs: [0.04112143 0.0383868  0.03669103 0.0385038  0.80774964 0.03754728] +/- [0.02072241 0.01610448 0.01695564 0.01596677 0.05341112 0.01714595]
    all_seq_probs: [[0.04112143 0.0383868  0.03669103 0.0385038  0.80774964 0.03754728]] +/- [[0.02072241 0.01610448 0.01695564 0.01596677 0.05341112 0.01714595]]
    kl_div: 0.023843953327814235 +/- 0.022476224713816887
    expected_dist: [0.03999999 0.03999999 0.03999999 0.03999999 0.7999996  0.03999999] +/- [2.2351742e-08 2.2351742e-08 2.2351742e-08 2.2351742e-08 4.1723251e-07
 2.2351742e-08]
  tvd_auc: 0.0 +/- 0.0
