biased_point
  When I roll dice, they land on 6 20% of the time.
    tvd: 0.14263873912394046 +/- 0.06072485859373835
    expected_dist: [0.15999995 0.15999995 0.15999995 0.15999995 0.15999995 0.1999999 ] +/- [8.9406967e-08 8.9406967e-08 8.9406967e-08 8.9406967e-08 8.9406967e-08
 1.3411045e-07]
    kl_div: 0.07526015771596577 +/- 0.07217497742068758
    choice_probs: [0.12900738 0.16779047 0.1625793  0.1707843  0.19006311 0.17977543] +/- [0.05505247 0.05601416 0.04846739 0.06836479 0.06890917 0.06791741]
    all_seq_probs: [[0.12900738 0.16779047 0.1625793  0.1707843  0.19006311 0.17977543]] +/- [[0.05505247 0.05601416 0.04846739 0.06836479 0.06890917 0.06791741]]
  tvd_auc: 0.0 +/- 0.0
