biased_point
  tvd_auc: 0.0 +/- 0.0
  When you roll dice, they land on 1 60% of the time.
    expected_dist: [0.6        0.07999994 0.07999994 0.07999994 0.07999994 0.07999994] +/- [5.9604645e-08 8.1956387e-08 8.1956387e-08 8.1956387e-08 8.1956387e-08
 8.1956387e-08]
    choice_probs: [0.22196268 0.35884206 0.09495566 0.11351066 0.08014828 0.13058067] +/- [0.20391502 0.26187589 0.10305245 0.06119547 0.09461703 0.11372481]
    kl_div: 0.851499144782254 +/- 0.7064593486002403
    all_seq_probs: [[0.22196268 0.35884206 0.09495566 0.11351066 0.08014828 0.13058067]] +/- [[0.20391502 0.26187589 0.10305245 0.06119547 0.09461703 0.11372481]]
    tvd: 0.4722765499022789 +/- 0.19138711023009408
unconditional_point
  expected_dist: [0.16666676 0.16666676 0.16666676 0.16666676 0.16666676 0.16666676] +/- [7.4505806e-08 7.4505806e-08 7.4505806e-08 7.4505806e-08 7.4505806e-08
 7.4505806e-08]
  choice_probs: [0.01077288 0.55734127 0.14573623 0.12802232 0.11519055 0.04293675] +/- [0.01306618 0.33266671 0.12628023 0.10926874 0.16769801 0.04606894]
  kl_div: 1.3056773651186377 +/- 0.7904409861005561
  all_seq_probs: [[0.01077288 0.55734127 0.14573623 0.12802232 0.11519055 0.04293675]] +/- [[0.01306618 0.33266671 0.12628023 0.10926874 0.16769801 0.04606894]]
  tvd: 0.5399672482250462 +/- 0.16168767210043924
