biased_point
  When you roll dice, they land on 6 60% of the time.
    kl_div: 0.704066515566199 +/- 0.8964193369599506
    all_seq_probs: [[0.04346613 0.14003993 0.15040952 0.12271863 0.15128589 0.39207991]] +/- [[0.04218846 0.15333226 0.15949808 0.10358854 0.1302918  0.3208908 ]]
    tvd: 0.41589303647223186 +/- 0.17397458570870716
    choice_probs: [0.04346613 0.14003993 0.15040952 0.12271863 0.15128589 0.39207991] +/- [0.04218846 0.15333226 0.15949808 0.10358854 0.1302918  0.3208908 ]
    expected_dist: [0.07999994 0.07999994 0.07999994 0.07999994 0.07999994 0.6       ] +/- [5.9604645e-08 5.9604645e-08 5.9604645e-08 5.9604645e-08 5.9604645e-08
 0.0000000e+00]
  tvd_auc: 0.0 +/- 0.0
