biased_point
  tvd_auc: 0.0 +/- 0.0
  When you flip coins, they land on heads 90% of the time.
    all_seq_probs: [[0.52632709 0.47367292]] +/- [[0.21870271 0.21870271]]
    tvd: 0.3770318289250135 +/- 0.2128598389089604
    choice_probs: [0.52632709 0.47367292] +/- [0.21870271 0.21870271]
    expected_dist: [0.899998   0.10000024] +/- [1.9669533e-06 2.3841858e-07]
    kl_div: 0.43559713257686233 +/- 0.3776101100799003
unconditional_point
  all_seq_probs: [[0.42057143 0.57942858]] +/- [[0.217782   0.21778199]]
  tvd: 0.19802675764262676 +/- 0.12051265026590904
  choice_probs: [0.42057143 0.57942858] +/- [0.217782   0.21778199]
  expected_dist: [0.5 0.5] +/- [0. 0.]
  kl_div: 0.14638583612442016 +/- 0.17699370835558814
