biased_point
  When you roll dice, they land on 6 20% of the time.
    tvd: 0.4474734675408515 +/- 0.13682738371091396
    expected_dist: [0.15999988 0.15999988 0.15999988 0.15999988 0.15999988 0.20000048] +/- [1.6391277e-07 1.6391277e-07 1.6391277e-07 1.6391277e-07 1.6391277e-07
 4.4703484e-07]
    choice_probs: [0.1131988  0.18691932 0.19987269 0.20570828 0.12122359 0.17307732] +/- [0.14759235 0.19907222 0.19420219 0.19679692 0.15519706 0.19450414]
    all_seq_probs: [[0.1131988  0.18691932 0.19987269 0.20570828 0.12122359 0.17307732]] +/- [[0.14759235 0.19907222 0.19420219 0.19679692 0.15519706 0.19450414]]
    kl_div: 1.4736524979416281 +/- 1.2576441010422743
  tvd_auc: 0.0 +/- 0.0
