biased_point
  tvd_auc: 0.0 +/- 0.0
  When you roll dice, they land on 2 100% of the time.
    all_seq_probs: [[0.00336594 0.97875498 0.00671262 0.00359775 0.00505759 0.00251114]] +/- [[0.00270527 0.02256065 0.00725337 0.00382084 0.00707674 0.00263059]]
    kl_div: 0.0217471790707678 +/- 0.02358386360990072
    choice_probs: [0.00336594 0.97875498 0.00671262 0.00359775 0.00505759 0.00251114] +/- [0.00270527 0.02256065 0.00725337 0.00382084 0.00707674 0.00263059]
    tvd: 0.021244998995918973 +/- 0.022560654833016194
    expected_dist: [9.9999795e-09 1.0000000e+00 9.9999795e-09 9.9999795e-09 9.9999795e-09
 9.9999795e-09] +/- [1.8651747e-14 0.0000000e+00 1.8651747e-14 1.8651747e-14 1.8651747e-14
 1.8651747e-14]
