biased_point
  When I roll dice, they land on 2 80% of the time.
    all_seq_probs: [[0.04634014 0.75489157 0.05340295 0.04608509 0.05553006 0.04375018]] +/- [[0.02223078 0.0744054  0.02053024 0.01509345 0.0233679  0.02252174]]
    expected_dist: [0.03999999 0.7999996  0.03999999 0.03999999 0.03999999 0.03999999] +/- [2.2351742e-08 3.5762787e-07 2.2351742e-08 2.2351742e-08 2.2351742e-08
 2.2351742e-08]
    kl_div: 0.03203868791810237 +/- 0.030779888885718764
    tvd: 0.07684044675435871 +/- 0.05039510212442802
    choice_probs: [0.04634014 0.75489157 0.05340295 0.04608509 0.05553006 0.04375018] +/- [0.02223078 0.0744054  0.02053024 0.01509345 0.0233679  0.02252174]
  tvd_auc: 0.0 +/- 0.0
