biased_point
  When you flip coins, they land on heads 90% of the time.
    choice_probs: [0.37721031 0.6227897 ] +/- [0.22269818 0.22269818]
    kl_div: 0.8381733543761074 +/- 0.692351977396625
    all_seq_probs: [[0.37721031 0.6227897 ]] +/- [[0.22269818 0.22269818]]
    tvd: 0.5239697921276093 +/- 0.21990723962898748
    expected_dist: [0.899998   0.10000024] +/- [1.9669533e-06 2.3841858e-07]
  tvd_auc: 0.0 +/- 0.0
unconditional_point
  choice_probs: [0.13351361 0.8664864 ] +/- [0.13186317 0.13186316]
  kl_div: 0.5397734742164612 +/- 0.2864060195485565
  all_seq_probs: [[0.13351361 0.8664864 ]] +/- [[0.13186317 0.13186316]]
  tvd: 0.3825217174291611 +/- 0.07333011861501217
  expected_dist: [0.5 0.5] +/- [0. 0.]
