biased_point
  tvd_auc: 0.0 +/- 0.0
  When you roll dice, they land on 3 80% of the time.
    expected_dist: [0.03999997 0.03999997 0.8000019  0.03999997 0.03999997 0.03999997] +/- [4.0978193e-08 4.0978193e-08 1.9073486e-06 4.0978193e-08 4.0978193e-08
 4.0978193e-08]
    tvd: 0.2422275942733977 +/- 0.14059018957344624
    choice_probs: [0.02025393 0.05399443 0.73406738 0.03721306 0.0900141  0.06445711] +/- [0.02629629 0.06312957 0.26151301 0.03984726 0.09653167 0.0884759 ]
    kl_div: 0.32944356515610707 +/- 0.23639941776938486
    all_seq_probs: [[0.02025393 0.05399443 0.73406738 0.03721306 0.0900141  0.06445711]] +/- [[0.02629629 0.06312957 0.26151301 0.03984726 0.09653167 0.0884759 ]]
