biased_point
  tvd_auc: 0.0 +/- 0.0
  When I roll dice, they land on 6 0% of the time.
    all_seq_probs: [[0.16022724 0.16427663 0.16551995 0.17588246 0.16291058 0.17118316]] +/- [[0.04342765 0.05735942 0.04741895 0.05321483 0.05498602 0.04860931]]
    expected_dist: [1.9999990e-01 1.9999990e-01 1.9999990e-01 1.9999990e-01 1.9999990e-01
 1.0000003e-08] +/- [1.1920929e-07 1.1920929e-07 1.1920929e-07 1.1920929e-07 1.1920929e-07
 4.4408921e-15]
    tvd: 0.21152163128488874 +/- 0.05349843276110975
    choice_probs: [0.16022724 0.16427663 0.16551995 0.17588246 0.16291058 0.17118316] +/- [0.04342765 0.05735942 0.04741895 0.05321483 0.05498602 0.04860931]
    kl_div: 0.23770204108587534 +/- 0.07058678723476282
