biased_point
  tvd_auc: 0.0 +/- 0.0
  When you flip coins, they land on heads 40% of the time.
    tvd: 0.4785694764571408 +/- 0.171791878028352
    kl_div: 2.3178842576630414 +/- 1.801321879272375
    all_seq_probs: [[0.7660199  0.23398011]] +/- [[0.35294565 0.35294566]]
    expected_dist: [0.40000096 0.6       ] +/- [9.23872e-07 0.00000e+00]
    choice_probs: [0.7660199  0.23398011] +/- [0.35294565 0.35294566]
unconditional_point
  tvd: 0.4983738686614148 +/- 0.00832955530340601
  kl_div: 4.141735460400581 +/- 1.4877461138338466
  all_seq_probs: [[0.64098043 0.35901959]] +/- [[0.47809039 0.47809038]]
  expected_dist: [0.5 0.5] +/- [0. 0.]
  choice_probs: [0.64098043 0.35901959] +/- [0.47809039 0.47809038]
