biased_point
  tvd_auc: 0.0 +/- 0.0
  When I roll dice, they land on 5 20% of the time.
    expected_dist: [0.15999994 0.15999994 0.15999994 0.15999994 0.1999999  0.15999994] +/- [7.4505806e-08 7.4505806e-08 7.4505806e-08 7.4505806e-08 1.1920929e-07
 7.4505806e-08]
    all_seq_probs: [[0.10876973 0.23252409 0.20693584 0.16808453 0.11754296 0.16614286]] +/- [[0.04954169 0.09226034 0.11416557 0.07462394 0.05572699 0.06796124]]
    kl_div: 0.19563563413510565 +/- 0.08883041408401895
    choice_probs: [0.10876973 0.23252409 0.20693584 0.16808453 0.11754296 0.16614286] +/- [0.04954169 0.09226034 0.11416557 0.07462394 0.05572699 0.06796124]
    tvd: 0.23692330231890082 +/- 0.060097581316092705
unconditional_point
  expected_dist: [0.16666663 0.16666663 0.16666663 0.16666663 0.16666663 0.16666663] +/- [5.9604645e-08 5.9604645e-08 5.9604645e-08 5.9604645e-08 5.9604645e-08
 5.9604645e-08]
  all_seq_probs: [[0.06090892 0.21420394 0.25585598 0.21891945 0.11271876 0.13739295]] +/- [[0.03469491 0.12445388 0.15699025 0.13144529 0.06731246 0.07661955]]
  kl_div: 0.3949428868196992 +/- 0.18314071765235082
  choice_probs: [0.06090892 0.21420394 0.25585598 0.21891945 0.11271876 0.13739295] +/- [0.03469491 0.12445388 0.15699025 0.13144529 0.06731246 0.07661955]
  tvd: 0.30475238520652054 +/- 0.07707803667527209
