biased_point
  tvd_auc: 0.0 +/- 0.0
  When you flip coins, they land on heads 70% of the time.
    tvd: 0.08230449855327607 +/- 0.05511522822122607
    kl_div: 0.020895595433190466 +/- 0.02257790474421665
    all_seq_probs: [[0.62643905 0.37356095]] +/- [[0.06633631 0.06633633]]
    choice_probs: [0.62643905 0.37356095] +/- [0.06633631 0.06633633]
    expected_dist: [0.6999983 0.3      ] +/- [1.66893e-06 0.00000e+00]
unconditional_point
  tvd: 0.0787057044506073 +/- 0.05153175577816072
  kl_div: 0.018622622966766356 +/- 0.025152955720779194
  all_seq_probs: [[0.56279792 0.4372021 ]] +/- [[0.07004664 0.07004665]]
  choice_probs: [0.56279792 0.4372021 ] +/- [0.07004664 0.07004665]
  expected_dist: [0.5 0.5] +/- [0. 0.]
