unconditional_point
  tvd: 0.4055055125243962 +/- 0.061872521829439864
  kl_div: 0.6423513782024384 +/- 0.29790498900698464
  expected_dist: [0.5 0.5] +/- [0. 0.]
  all_seq_probs: [[0.90550551 0.09449449]] +/- [[0.06187252 0.06187253]]
  choice_probs: [0.90550551 0.09449449] +/- [0.06187252 0.06187253]
biased_point
  When I flip coins they land on heads 90% of the time.
    tvd: 0.052240565232932565 +/- 0.0398776118236002
    kl_div: 0.023395842453464866 +/- 0.025638466738006994
    expected_dist: [0.9000002  0.09999995] +/- [2.3841858e-07 5.2154064e-08]
    all_seq_probs: [[0.89806478 0.10193523]] +/- [[0.0656929  0.06569288]]
    choice_probs: [0.89806478 0.10193523] +/- [0.0656929  0.06569288]
  tvd_auc: 0.0 +/- 0.0
