biased_point
  When I roll dice, they land on 5 0% of the time.
    all_seq_probs: [[0.1555498  0.17915792 0.17705413 0.1919654  0.13346643 0.16280632]] +/- [[0.05272188 0.05417931 0.05782678 0.06890082 0.03600999 0.067048  ]]
    expected_dist: [1.9999990e-01 1.9999990e-01 1.9999990e-01 1.9999990e-01 1.0000003e-08
 1.9999990e-01] +/- [1.1920929e-07 1.1920929e-07 1.1920929e-07 1.1920929e-07 4.4408921e-15
 1.1920929e-07]
    choice_probs: [0.1555498  0.17915792 0.17705413 0.1919654  0.13346643 0.16280632] +/- [0.05272188 0.05417931 0.05782678 0.06890082 0.03600999 0.067048  ]
    kl_div: 0.21260593754633875 +/- 0.09092828582606065
    tvd: 0.1999527199671528 +/- 0.06485543099815327
  tvd_auc: 0.0 +/- 0.0
