unconditional_point
  kl_div: 0.2124363026022911 +/- 0.15946767375613788
  choice_probs: [0.23107526 0.76892473] +/- [0.08485213 0.08485214]
  expected_dist: [0.5 0.5] +/- [0. 0.]
  tvd: 0.2689247353374958 +/- 0.08485213151919603
  all_seq_probs: [[0.23107526 0.76892473]] +/- [[0.08485213 0.08485214]]
biased_point
  tvd_auc: 0.0 +/- 0.0
  When I flip coins they land on heads 20% of the time.
    kl_div: 0.028520259908400476 +/- 0.05248162201001494
    choice_probs: [0.19629543 0.80370457] +/- [0.08203089 0.08203089]
    expected_dist: [0.1999999 0.7999996] +/- [1.1920929e-07 4.1723251e-07]
    tvd: 0.06239028846845031 +/- 0.05338765889650932
    all_seq_probs: [[0.19629543 0.80370457]] +/- [[0.08203089 0.08203089]]
