biased_point
  tvd_auc: 0.0 +/- 0.0
  When I roll dice, they land on 1 80% of the time.
    expected_dist: [0.7999996  0.03999999 0.03999999 0.03999999 0.03999999 0.03999999] +/- [3.5762787e-07 2.2351742e-08 2.2351742e-08 2.2351742e-08 2.2351742e-08
 2.2351742e-08]
    kl_div: 0.0817339644346066 +/- 0.08747944130994854
    all_seq_probs: [[0.69756153 0.07229437 0.05791021 0.05059706 0.05129749 0.07033935]] +/- [[0.13357399 0.03512727 0.02779285 0.02656181 0.0332495  0.04513808]]
    tvd: 0.1369416050845757 +/- 0.10230002765125619
    choice_probs: [0.69756153 0.07229437 0.05791021 0.05059706 0.05129749 0.07033935] +/- [0.13357399 0.03512727 0.02779285 0.02656181 0.0332495  0.04513808]
