biased_point
  tvd_auc: 0.0 +/- 0.0
  When you flip coins, they land on heads 40% of the time.
    all_seq_probs: [[0.42547699 0.57452303]] +/- [[0.07923566 0.07923564]]
    expected_dist: [0.40000096 0.6       ] +/- [9.23872e-07 0.00000e+00]
    tvd: 0.07042011341452599 +/- 0.04436633416275929
    kl_div: 0.014970852755010129 +/- 0.020657396327967096
    choice_probs: [0.42547699 0.57452303] +/- [0.07923566 0.07923564]
unconditional_point
  all_seq_probs: [[0.53229144 0.46770858]] +/- [[0.08274327 0.08274327]]
  expected_dist: [0.5 0.5] +/- [0. 0.]
  tvd: 0.07304961895942688 +/- 0.05052661139173789
  kl_div: 0.016428862750530245 +/- 0.020169547675921627
  choice_probs: [0.53229144 0.46770858] +/- [0.08274327 0.08274327]
