biased_point
  tvd_auc: 0.0 +/- 0.0
  When I flip coins they land on heads 90% of the time.
    all_seq_probs: [[0.8416068  0.15839321]] +/- [[0.10067989 0.10067989]]
    expected_dist: [0.9000002  0.09999995] +/- [2.3841858e-07 5.2154064e-08]
    choice_probs: [0.8416068  0.15839321] +/- [0.10067989 0.10067989]
    kl_div: 0.053420889303088186 +/- 0.058560250187600846
    tvd: 0.09104406292084605 +/- 0.07250644080638201
unconditional_point
  all_seq_probs: [[0.8488181 0.1511819]] +/- [[0.10695962 0.10695962]]
  expected_dist: [0.5 0.5] +/- [0. 0.]
  choice_probs: [0.8488181 0.1511819] +/- [0.10695962 0.10695962]
  kl_div: 0.5405552622675895 +/- 0.49810379648885555
  tvd: 0.348818101673387 +/- 0.10695962181570567
