biased_point
  When I flip coins they land on heads 50% of the time.
    tvd: 0.15776638448238373 +/- 0.08250196841897946
    all_seq_probs: [[0.52017076 0.47982924]] +/- [[0.17688965 0.17688964]]
    expected_dist: [0.5 0.5] +/- [0. 0.]
    choice_probs: [0.52017076 0.47982924] +/- [0.17688965 0.17688964]
    kl_div: 0.07246869683265686 +/- 0.07079299072238517
  tvd_auc: 0.0 +/- 0.0
unconditional_point
  tvd: 0.17844333350658417 +/- 0.08736719429213778
  all_seq_probs: [[0.48162683 0.51837317]] +/- [[0.19783194 0.19783194]]
  expected_dist: [0.5 0.5] +/- [0. 0.]
  choice_probs: [0.48162683 0.51837317] +/- [0.19783194 0.19783194]
  kl_div: 0.09196909368038178 +/- 0.07902382012344497
