biased_point
  When I roll dice, they land on 5 20% of the time.
    tvd: 0.14854094073176383 +/- 0.09259704203223479
    all_seq_probs: [[0.1298829  0.18507903 0.13976871 0.13474009 0.28617918 0.12435008]] +/- [[0.04535294 0.07824784 0.03582264 0.03229403 0.09894978 0.04653345]]
    expected_dist: [0.15999994 0.15999994 0.15999994 0.15999994 0.1999999  0.15999994] +/- [7.4505806e-08 7.4505806e-08 7.4505806e-08 7.4505806e-08 1.1920929e-07
 7.4505806e-08]
    choice_probs: [0.1298829  0.18507903 0.13976871 0.13474009 0.28617918 0.12435008] +/- [0.04535294 0.07824784 0.03582264 0.03229403 0.09894978 0.04653345]
    kl_div: 0.08237298343301518 +/- 0.09646884655629279
  tvd_auc: 0.0 +/- 0.0
