biased_point
  When you roll dice, they land on 4 40% of the time.
    choice_probs: [0.12329075 0.18323127 0.10757719 0.47362669 0.03643996 0.07583414] +/- [0.26986217 0.34331136 0.24873683 0.43815988 0.09057217 0.16023484]
    kl_div: 3.4124122761932667 +/- 2.5250832196360147
    all_seq_probs: [[0.12329075 0.18323127 0.10757719 0.47362669 0.03643996 0.07583414]] +/- [[0.26986217 0.34331136 0.24873683 0.43815988 0.09057217 0.16023484]]
    tvd: 0.6163390754353483 +/- 0.1677090594456067
    expected_dist: [0.12000033 0.12000033 0.12000033 0.40000096 0.12000033 0.12000033] +/- [3.3527613e-07 3.3527613e-07 3.3527613e-07 9.2387199e-07 3.3527613e-07
 3.3527613e-07]
  tvd_auc: 0.0 +/- 0.0
unconditional_point
  choice_probs: [0.01086954 0.14375174 0.28086103 0.15402808 0.1730591  0.23743052] +/- [0.03942114 0.2641776  0.26338012 0.21334187 0.19857795 0.25989251]
  kl_div: 2.402756273250794 +/- 1.4117731508641305
  all_seq_probs: [[0.01086954 0.14375174 0.28086103 0.15402808 0.1730591  0.23743052]] +/- [[0.03942114 0.2641776  0.26338012 0.21334187 0.19857795 0.25989251]]
  tvd: 0.5492130205159608 +/- 0.13173191413824417
  expected_dist: [0.16666676 0.16666676 0.16666676 0.16666676 0.16666676 0.16666676] +/- [7.4505806e-08 7.4505806e-08 7.4505806e-08 7.4505806e-08 7.4505806e-08
 7.4505806e-08]
