biased_point
  tvd_auc: 0.0 +/- 0.0
  When I roll dice, they land on 1 80% of the time.
    tvd: 0.05866808544844389 +/- 0.031237054511117336
    choice_probs: [0.80540662 0.04534285 0.03683736 0.03147438 0.03404632 0.04689246] +/- [0.06179964 0.01527533 0.01430862 0.01169975 0.01439119 0.02192159]
    kl_div: 0.02043836934521096 +/- 0.018600474243241967
    all_seq_probs: [[0.80540662 0.04534285 0.03683736 0.03147438 0.03404632 0.04689246]] +/- [[0.06179964 0.01527533 0.01430862 0.01169975 0.01439119 0.02192159]]
    expected_dist: [0.7999996  0.03999999 0.03999999 0.03999999 0.03999999 0.03999999] +/- [3.5762787e-07 2.2351742e-08 2.2351742e-08 2.2351742e-08 2.2351742e-08
 2.2351742e-08]
