biased_point
  When I flip coins they land on heads 50% of the time.
    expected_dist: [0.5 0.5] +/- [0. 0.]
    all_seq_probs: [[0.85722656 0.1432959 ]] +/- [[0.13629748 0.13675168]]
    tvd: 0.36794189453125 +/- 0.10331585574137733
    choice_probs: [0.85722656 0.1432959 ] +/- [0.13629748 0.13675168]
    kl_div: 0.5595737648010254 +/- 0.3671906879144625
  tvd_auc: 0.0 +/- 0.0
