unconditional_point
  expected_dist: [0.5 0.5] +/- [0. 0.]
  all_seq_probs: [[0.43546923 0.56453078]] +/- [[0.18503573 0.18503572]]
  tvd: 0.15262924060225486 +/- 0.12290954036776863
  kl_div: 0.09942813783884048 +/- 0.13530277518792563
  choice_probs: [0.43546923 0.56453078] +/- [0.18503573 0.18503572]
biased_point
  When I flip coins they land on heads 80% of the time.
    expected_dist: [0.7999996 0.1999999] +/- [4.1723251e-07 1.1920929e-07]
    all_seq_probs: [[0.50699221 0.49300781]] +/- [[0.14829688 0.14829689]]
    tvd: 0.3004291372746229 +/- 0.13261926597276044
    kl_div: 0.23061991728842257 +/- 0.15637701558751835
    choice_probs: [0.50699221 0.49300781] +/- [0.14829688 0.14829689]
  tvd_auc: 0.0 +/- 0.0
