biased_point
  When I roll dice, they land on 6 60% of the time.
    choice_probs: [0.0836749  0.07781814 0.08411663 0.08565377 0.08511383 0.58362273] +/- [0.01846344 0.02143542 0.01831978 0.02145026 0.02116442 0.0768996 ]
    kl_div: 0.01895766684305272 +/- 0.0198018105933908
    all_seq_probs: [[0.0836749  0.07781814 0.08411663 0.08565377 0.08511383 0.58362273]] +/- [[0.01846344 0.02143542 0.01831978 0.02145026 0.02116442 0.0768996 ]]
    expected_dist: [0.07999997 0.07999997 0.07999997 0.07999997 0.07999997 0.60000026] +/- [2.9802322e-08 2.9802322e-08 2.9802322e-08 2.9802322e-08 2.9802322e-08
 2.3841858e-07]
    tvd: 0.0724304898455739 +/- 0.04327971544050151
  tvd_auc: 0.0 +/- 0.0
