biased_point
  tvd_auc: 0.0 +/- 0.0
  When you roll dice, they land on 6 100% of the time.
    choice_probs: [0.04499179 0.00574469 0.03016504 0.04402148 0.01040829 0.86466872] +/- [0.1308887  0.01771277 0.05267624 0.07490159 0.01682104 0.24956951]
    tvd: 0.13533126046787378 +/- 0.2495695109702758
    expected_dist: [9.9999795e-09 9.9999795e-09 9.9999795e-09 9.9999795e-09 9.9999795e-09
 1.0000000e+00] +/- [1.8651747e-14 1.8651747e-14 1.8651747e-14 1.8651747e-14 1.8651747e-14
 0.0000000e+00]
    all_seq_probs: [[0.04499179 0.00574469 0.03016504 0.04402148 0.01040829 0.86466872]] +/- [[0.1308887  0.01771277 0.05267624 0.07490159 0.01682104 0.24956951]]
    kl_div: 0.2671221751818226 +/- 0.6865660346586974
