biased_point
  tvd_auc: 0.0 +/- 0.0
  When I flip coins they land on heads 50% of the time.
    all_seq_probs: [[0.48840563 0.51159439]] +/- [[0.08910631 0.08910631]]
    kl_div: 0.01893016815185547 +/- 0.05443478845115896
    tvd: 0.05689836397767067 +/- 0.06954811632477277
    expected_dist: [0.5 0.5] +/- [0. 0.]
    choice_probs: [0.48840563 0.51159439] +/- [0.08910631 0.08910631]
unconditional_point
  all_seq_probs: [[0.51708018 0.48291984]] +/- [[0.10515022 0.10515022]]
  kl_div: 0.02853988915681839 +/- 0.08064858714336137
  tvd: 0.06935717552900314 +/- 0.08085717563358664
  expected_dist: [0.5 0.5] +/- [0. 0.]
  choice_probs: [0.51708018 0.48291984] +/- [0.10515022 0.10515022]
