biased_point
  tvd_auc: 0.0 +/- 0.0
  When I roll dice, they land on 5 0% of the time.
    kl_div: 0.2918711909941868 +/- 0.16011073948197385
    tvd: 0.24407381068104123 +/- 0.08769981937792826
    all_seq_probs: [[0.15854132 0.15919344 0.15292247 0.15087829 0.2287539  0.14971058]] +/- [[0.04732975 0.03977183 0.03381133 0.02987189 0.09155645 0.03918502]]
    choice_probs: [0.15854132 0.15919344 0.15292247 0.15087829 0.2287539  0.14971058] +/- [0.04732975 0.03977183 0.03381133 0.02987189 0.09155645 0.03918502]
    expected_dist: [1.9999990e-01 1.9999990e-01 1.9999990e-01 1.9999990e-01 1.0000003e-08
 1.9999990e-01] +/- [1.1920929e-07 1.1920929e-07 1.1920929e-07 1.1920929e-07 4.4408921e-15
 1.1920929e-07]
