biased_point
  When you roll dice, they land on 5 100% of the time.
    tvd: 0.47614405853324193 +/- 0.42046059585401213
    all_seq_probs: [[0.29468549 0.00144337 0.001856   0.00159374 0.52385592 0.17656549]] +/- [[0.37868749 0.00463711 0.0061884  0.00593373 0.4204606  0.2744722 ]]
    kl_div: 1.861307346442286 +/- 2.3582751446182693
    expected_dist: [9.9999795e-09 9.9999795e-09 9.9999795e-09 9.9999795e-09 1.0000000e+00
 9.9999795e-09] +/- [1.8651747e-14 1.8651747e-14 1.8651747e-14 1.8651747e-14 0.0000000e+00
 1.8651747e-14]
    choice_probs: [0.29468549 0.00144337 0.001856   0.00159374 0.52385592 0.17656549] +/- [0.37868749 0.00463711 0.0061884  0.00593373 0.4204606  0.2744722 ]
  tvd_auc: 0.0 +/- 0.0
