biased_point
  tvd_auc: 0.0 +/- 0.0
  When you roll dice, they land on 4 0% of the time.
    kl_div: 0.6960296515767456 +/- 0.42464288586925847
    expected_dist: [2.0000048e-01 2.0000048e-01 2.0000048e-01 9.9999795e-09 2.0000048e-01
 2.0000048e-01] +/- [4.6193600e-07 4.6193600e-07 4.6193600e-07 1.8651747e-14 4.6193600e-07
 4.6193600e-07]
    all_seq_probs: [[0.06688435 0.1416493  0.1414734  0.20631604 0.19299392 0.25068299]] +/- [[0.05485868 0.15433549 0.1320758  0.14198675 0.17363121 0.17870453]]
    tvd: 0.4393686011035851 +/- 0.14587156114944771
    choice_probs: [0.06688435 0.1416493  0.1414734  0.20631604 0.19299392 0.25068299] +/- [0.05485868 0.15433549 0.1320758  0.14198675 0.17363121 0.17870453]
