biased_point
  When you roll dice, they land on 1 40% of the time.
    expected_dist: [0.40000096 0.12000033 0.12000033 0.12000033 0.12000033 0.12000033] +/- [9.2387199e-07 3.3527613e-07 3.3527613e-07 3.3527613e-07 3.3527613e-07
 3.3527613e-07]
    all_seq_probs: [[0.23697674 0.1520872  0.07932137 0.42696141 0.02718622 0.07746707]] +/- [[0.32044172 0.31128095 0.23276812 0.42223068 0.06583515 0.1636738 ]]
    kl_div: 3.995624216158874 +/- 3.214625985464997
    tvd: 0.6592116714646209 +/- 0.21811844165286226
    choice_probs: [0.23697674 0.1520872  0.07932137 0.42696141 0.02718622 0.07746707] +/- [0.32044172 0.31128095 0.23276812 0.42223068 0.06583515 0.1636738 ]
  tvd_auc: 0.0 +/- 0.0
unconditional_point
  expected_dist: [0.16666676 0.16666676 0.16666676 0.16666676 0.16666676 0.16666676] +/- [7.4505806e-08 7.4505806e-08 7.4505806e-08 7.4505806e-08 7.4505806e-08
 7.4505806e-08]
  all_seq_probs: [[0.03104073 0.22601083 0.25842681 0.12087282 0.18781406 0.17583476]] +/- [[0.11603138 0.31767969 0.25061794 0.14261853 0.26125475 0.22095831]]
  kl_div: 2.3887854458043583 +/- 1.3319770283196493
  tvd: 0.5530059146620772 +/- 0.1416464776857018
  choice_probs: [0.03104073 0.22601083 0.25842681 0.12087282 0.18781406 0.17583476] +/- [0.11603138 0.31767969 0.25061794 0.14261853 0.26125475 0.22095831]
