biased_point
  tvd_auc: 0.0 +/- 0.0
  When you flip coins, they land on heads 100% of the time.
    kl_div: 0.00040261055485564154 +/- 0.00043537978533268653
    expected_dist: [1.0000000e+00 9.9999795e-09] +/- [0.0000000e+00 1.8651747e-14]
    choice_probs: [9.99597462e-01 4.02559345e-04] +/- [0.0004349 0.0004349]
    all_seq_probs: [[9.99597462e-01 4.02559345e-04]] +/- [[0.0004349 0.0004349]]
    tvd: 0.00040254346474364054 +/- 0.00043490283041180137
unconditional_point
  kl_div: 1.688938764333725 +/- 0.15349117194768766
  expected_dist: [0.5 0.5] +/- [0. 0.]
  choice_probs: [0.99095965 0.00904034] +/- [0.00296782 0.00296782]
  all_seq_probs: [[0.99095965 0.00904034]] +/- [[0.00296782 0.00296782]]
  tvd: 0.49095965636242184 +/- 0.0029678175890287834
