biased_point
  tvd_auc: 0.0 +/- 0.0
  When I flip coins they land on heads 90% of the time.
    expected_dist: [0.9000002  0.09999995] +/- [2.3841858e-07 5.2154064e-08]
    choice_probs: [0.18177997 0.81822003] +/- [0.19981586 0.19981586]
    kl_div: 1.5817493944987655 +/- 0.6998594527982689
    tvd: 0.7194120997190475 +/- 0.19548044752484312
    all_seq_probs: [[0.18177997 0.81822003]] +/- [[0.19981586 0.19981586]]
unconditional_point
  expected_dist: [0.5 0.5] +/- [0. 0.]
  choice_probs: [0.14007658 0.85992341] +/- [0.1605726 0.1605726]
  kl_div: 0.5272339564561844 +/- 0.20550008027450464
  tvd: 0.3904791089147329 +/- 0.05342742503635768
  all_seq_probs: [[0.14007658 0.85992341]] +/- [[0.1605726 0.1605726]]
