unconditional_point
  choice_probs: [0.17867824 0.21824415 0.17763082 0.16657977 0.16292282 0.09594419] +/- [0.04757317 0.09830989 0.04471544 0.04971595 0.05040254 0.03771959]
  expected_dist: [0.16666663 0.16666663 0.16666663 0.16666663 0.16666663 0.16666663] +/- [5.9604645e-08 5.9604645e-08 5.9604645e-08 5.9604645e-08 5.9604645e-08
 5.9604645e-08]
  tvd: 0.15435531649738551 +/- 0.06497671762986264
  all_seq_probs: [[0.17867824 0.21824415 0.17763082 0.16657977 0.16292282 0.09594419]] +/- [[0.04757317 0.09830989 0.04471544 0.04971595 0.05040254 0.03771959]]
  kl_div: 0.0872795347950887 +/- 0.0646373816165849
biased_point
  When I roll dice, they land on 4 20% of the time.
    choice_probs: [0.15811221 0.21487291 0.14376272 0.23511521 0.13743701 0.11069994] +/- [0.05006145 0.13535293 0.04239359 0.09228709 0.04385791 0.05604095]
    expected_dist: [0.15999994 0.15999994 0.15999994 0.1999999  0.15999994 0.15999994] +/- [7.4505806e-08 7.4505806e-08 7.4505806e-08 1.1920929e-07 7.4505806e-08
 7.4505806e-08]
    tvd: 0.16776228185743094 +/- 0.0998529071842189
    all_seq_probs: [[0.15811221 0.21487291 0.14376272 0.23511521 0.13743701 0.11069994]] +/- [[0.05006145 0.13535293 0.04239359 0.09228709 0.04385791 0.05604095]]
    kl_div: 0.10643822231329977 +/- 0.11441155861923623
  tvd_auc: 0.0 +/- 0.0
