biased_point
  When I roll dice, they land on 5 40% of the time.
    kl_div: 0.081214709704509 +/- 0.07346116058950353
    tvd: 0.15103086381219327 +/- 0.05387940568026862
    choice_probs: [0.11345628 0.12481133 0.13976801 0.18649312 0.2906756  0.14479563] +/- [0.03695479 0.03388683 0.02500293 0.02746966 0.07090316 0.04513086]
    expected_dist: [0.11999992 0.11999992 0.11999992 0.11999992 0.3999998  0.11999992] +/- [7.4505806e-08 7.4505806e-08 7.4505806e-08 7.4505806e-08 2.3841858e-07
 7.4505806e-08]
    all_seq_probs: [[0.11345628 0.12481133 0.13976801 0.18649312 0.2906756  0.14479563]] +/- [[0.03695479 0.03388683 0.02500293 0.02746966 0.07090316 0.04513086]]
  tvd_auc: 0.0 +/- 0.0
