biased_point
  When you roll dice, they land on 3 60% of the time.
    all_seq_probs: [[0.05452948 0.12536654 0.19942057 0.12402272 0.02831937 0.46834131]] +/- [[0.13762591 0.28054951 0.28022334 0.24390254 0.06585933 0.40970051]]
    tvd: 0.6886481578406765 +/- 0.20642992975917876
    kl_div: 2.6850868573458864 +/- 1.73689667840938
    expected_dist: [0.07999994 0.07999994 0.6        0.07999994 0.07999994 0.07999994] +/- [8.1956387e-08 8.1956387e-08 5.9604645e-08 8.1956387e-08 8.1956387e-08
 8.1956387e-08]
    choice_probs: [0.05452948 0.12536654 0.19942057 0.12402272 0.02831937 0.46834131] +/- [0.13762591 0.28054951 0.28022334 0.24390254 0.06585933 0.40970051]
  tvd_auc: 0.0 +/- 0.0
unconditional_point
  all_seq_probs: [[0.01314691 0.11184085 0.18374987 0.3050393  0.35954327 0.0266798 ]] +/- [[0.02077854 0.17133919 0.29194205 0.20881736 0.26958262 0.04621178]]
  tvd: 0.5784576359732614 +/- 0.07501178062725154
  kl_div: 2.36891958859656 +/- 0.9341688924251862
  expected_dist: [0.16666676 0.16666676 0.16666676 0.16666676 0.16666676 0.16666676] +/- [7.4505806e-08 7.4505806e-08 7.4505806e-08 7.4505806e-08 7.4505806e-08
 7.4505806e-08]
  choice_probs: [0.01314691 0.11184085 0.18374987 0.3050393  0.35954327 0.0266798 ] +/- [0.02077854 0.17133919 0.29194205 0.20881736 0.26958262 0.04621178]
