biased_point
  tvd_auc: 0.0 +/- 0.0
  When you roll dice, they land on 3 60% of the time.
    tvd: 0.34261658019572494 +/- 0.14426165758322193
    choice_probs: [0.05601589 0.12226713 0.4000491  0.07717036 0.14033038 0.20416715] +/- [0.05010988 0.08657219 0.2583922  0.04947626 0.09621745 0.14572547]
    expected_dist: [0.07999994 0.07999994 0.6        0.07999994 0.07999994 0.07999994] +/- [8.1956387e-08 8.1956387e-08 5.9604645e-08 8.1956387e-08 8.1956387e-08
 8.1956387e-08]
    all_seq_probs: [[0.05601589 0.12226713 0.4000491  0.07717036 0.14033038 0.20416715]] +/- [[0.05010988 0.08657219 0.2583922  0.04947626 0.09621745 0.14572547]]
    kl_div: 0.40825912075547965 +/- 0.31617496344046303
