biased_point
  When I roll dice, they land on 6 80% of the time.
    expected_dist: [0.03999999 0.03999999 0.03999999 0.03999999 0.03999999 0.7999996 ] +/- [2.2351742e-08 2.2351742e-08 2.2351742e-08 2.2351742e-08 2.2351742e-08
 4.1723251e-07]
    all_seq_probs: [[0.05464876 0.05849057 0.06564577 0.07323259 0.08009949 0.66788281]] +/- [[0.05388572 0.05144733 0.05937312 0.05587481 0.05378811 0.19630758]]
    kl_div: 0.19209578912326833 +/- 0.1989859939037612
    choice_probs: [0.05464876 0.05849057 0.06564577 0.07323259 0.08009949 0.66788281] +/- [0.05388572 0.05144733 0.05937312 0.05587481 0.05378811 0.19630758]
    tvd: 0.20193663545127494 +/- 0.1327299906821678
  tvd_auc: 0.0 +/- 0.0
