biased_point
  When you roll dice, they land on 2 0% of the time.
    kl_div: 7.762862984445601 +/- 3.840586637832179
    all_seq_probs: [[0.28487515 0.06479112 0.1085454  0.257766   0.0683403  0.21568203]] +/- [[0.3746707  0.12376202 0.20188043 0.37136761 0.16476279 0.32488094]]
    expected_dist: [2.0000048e-01 9.9999795e-09 2.0000048e-01 2.0000048e-01 2.0000048e-01
 2.0000048e-01] +/- [4.6193600e-07 1.8651747e-14 4.6193600e-07 4.6193600e-07 4.6193600e-07
 4.6193600e-07]
    tvd: 0.6544734957439815 +/- 0.1345559182947865
    choice_probs: [0.28487515 0.06479112 0.1085454  0.257766   0.0683403  0.21568203] +/- [0.3746707  0.12376202 0.20188043 0.37136761 0.16476279 0.32488094]
  tvd_auc: 0.0 +/- 0.0
