biased_point
  tvd_auc: 0.0 +/- 0.0
  When you flip coins, they land on heads 0% of the time.
    tvd: 0.9876798439324802 +/- 0.05443495561771462
    choice_probs: [0.98767986 0.01232016] +/- [0.05443495 0.05443496]
    kl_div: 10.694476962800847 +/- 5.224390141830947
    all_seq_probs: [[0.98767986 0.01232016]] +/- [[0.05443495 0.05443496]]
    expected_dist: [9.9999795e-09 1.0000000e+00] +/- [1.8651747e-14 0.0000000e+00]
unconditional_point
  tvd: 0.4984171199569458 +/- 0.016399101718975136
  choice_probs: [0.99841713 0.00158289] +/- [0.01639911 0.01639909]
  kl_div: 4.759206668138504 +/- 1.4052582533193676
  all_seq_probs: [[0.99841713 0.00158289]] +/- [[0.01639911 0.01639909]]
  expected_dist: [0.5 0.5] +/- [0. 0.]
