biased_point
  tvd_auc: 0.0 +/- 0.0
  When I roll dice, they land on 5 40% of the time.
    expected_dist: [0.11999992 0.11999992 0.11999992 0.11999992 0.3999998  0.11999992] +/- [7.4505806e-08 7.4505806e-08 7.4505806e-08 7.4505806e-08 2.3841858e-07
 7.4505806e-08]
    kl_div: 0.11209450062946416 +/- 0.07973686009812134
    tvd: 0.18471611995249987 +/- 0.06676290085439511
    all_seq_probs: [[0.11093797 0.1303825  0.14290761 0.16361206 0.28969891 0.16246093]] +/- [[0.06324616 0.05443709 0.04826883 0.04668265 0.09212349 0.06911086]]
    choice_probs: [0.11093797 0.1303825  0.14290761 0.16361206 0.28969891 0.16246093] +/- [0.06324616 0.05443709 0.04826883 0.04668265 0.09212349 0.06911086]
