biased_point
  tvd_auc: 0.0 +/- 0.0
  When I roll dice, they land on 3 40% of the time.
    tvd: 0.18886044235900046 +/- 0.06135744493892454
    all_seq_probs: [[0.14584818 0.15654024 0.25376956 0.16951049 0.15204419 0.12228735]] +/- [[0.04657651 0.03669612 0.06398953 0.03948005 0.08043849 0.05027382]]
    expected_dist: [0.11999992 0.11999992 0.3999998  0.11999992 0.11999992 0.11999992] +/- [7.4505806e-08 7.4505806e-08 2.3841858e-07 7.4505806e-08 7.4505806e-08
 7.4505806e-08]
    kl_div: 0.10960791197991057 +/- 0.10453827148015472
    choice_probs: [0.14584818 0.15654024 0.25376956 0.16951049 0.15204419 0.12228735] +/- [0.04657651 0.03669612 0.06398953 0.03948005 0.08043849 0.05027382]
