biased_point
  tvd_auc: 0.0 +/- 0.0
  When I roll dice, they land on 6 60% of the time.
    kl_div: 0.08254206766257993 +/- 0.08329014017025071
    choice_probs: [0.09706902 0.09235151 0.10609653 0.09549473 0.10755555 0.50143266] +/- [0.04502196 0.03211304 0.03474906 0.03350285 0.03503718 0.15321614]
    tvd: 0.15953450102359057 +/- 0.09448560962419149
    expected_dist: [0.07999997 0.07999997 0.07999997 0.07999997 0.07999997 0.60000026] +/- [2.9802322e-08 2.9802322e-08 2.9802322e-08 2.9802322e-08 2.9802322e-08
 2.3841858e-07]
    all_seq_probs: [[0.09706902 0.09235151 0.10609653 0.09549473 0.10755555 0.50143266]] +/- [[0.04502196 0.03211304 0.03474906 0.03350285 0.03503718 0.15321614]]
