biased_point
  When I roll dice, they land on 2 60% of the time.
    choice_probs: [0.11512131 0.42594995 0.11885622 0.10655315 0.09428607 0.13923327] +/- [0.05476437 0.14550282 0.03914386 0.04225328 0.03646773 0.04732411]
    expected_dist: [0.07999998 0.60000026 0.07999998 0.07999998 0.07999998 0.07999998] +/- [4.4703484e-08 1.7881393e-07 4.4703484e-08 4.4703484e-08 4.4703484e-08
 4.4703484e-08]
    kl_div: 0.14360394796269246 +/- 0.08816318405115985
    tvd: 0.21857626063749194 +/- 0.08446026622700208
    all_seq_probs: [[0.11512131 0.42594995 0.11885622 0.10655315 0.09428607 0.13923327]] +/- [[0.05476437 0.14550282 0.03914386 0.04225328 0.03646773 0.04732411]]
  tvd_auc: 0.0 +/- 0.0
