biased_point
  tvd_auc: 0.0 +/- 0.0
  When I flip coins they land on heads 80% of the time.
    tvd: 0.1139712530374527 +/- 0.08363753077739443
    kl_div: 0.12265426148893312 +/- 0.16609807105706623
    expected_dist: [0.7999996 0.1999999] +/- [4.1723251e-07 1.1920929e-07]
    all_seq_probs: [[0.84175781 0.15967468]] +/- [[0.13582885 0.13475392]]
    choice_probs: [0.84175781 0.15967468] +/- [0.13582885 0.13475392]
