biased_point
  tvd_auc: 0.0 +/- 0.0
  When I roll dice, they land on 2 40% of the time.
    choice_probs: [0.11943738 0.16839323 0.30749741 0.20514972 0.09689766 0.10262458] +/- [0.04386269 0.08501262 0.09441861 0.08516028 0.03669798 0.03603536]
    tvd: 0.3155971019715071 +/- 0.0680097899027972
    all_seq_probs: [[0.11943738 0.16839323 0.30749741 0.20514972 0.09689766 0.10262458]] +/- [[0.04386269 0.08501262 0.09441861 0.08516028 0.03669798 0.03603536]]
    expected_dist: [0.11999992 0.3999998  0.11999992 0.11999992 0.11999992 0.11999992] +/- [7.4505806e-08 2.3841858e-07 7.4505806e-08 7.4505806e-08 7.4505806e-08
 7.4505806e-08]
    kl_div: 0.3421224414548487 +/- 0.18131958738313186
unconditional_point
  choice_probs: [0.06466364 0.14740526 0.34184695 0.21370453 0.11795797 0.11442167] +/- [0.03262151 0.14595851 0.14642462 0.11135321 0.06732297 0.07715852]
  tvd: 0.3337985320179723 +/- 0.09938589476473657
  all_seq_probs: [[0.06466364 0.14740526 0.34184695 0.21370453 0.11795797 0.11442167]] +/- [[0.03262151 0.14595851 0.14642462 0.11135321 0.06732297 0.07715852]]
  expected_dist: [0.16666663 0.16666663 0.16666663 0.16666663 0.16666663 0.16666663] +/- [5.9604645e-08 5.9604645e-08 5.9604645e-08 5.9604645e-08 5.9604645e-08
 5.9604645e-08]
  kl_div: 0.46882384579745123 +/- 0.23665415111473878
