unconditional_point
  all_seq_probs: [[0.7295464  0.27045359]] +/- [[0.09120839 0.09120839]]
  tvd: 0.2320334666967392 +/- 0.0846817180893191
  choice_probs: [0.7295464  0.27045359] +/- [0.09120839 0.09120839]
  kl_div: 0.15070757687091826 +/- 0.10604561346431783
  expected_dist: [0.5 0.5] +/- [0. 0.]
biased_point
  tvd_auc: 0.0 +/- 0.0
  When I flip coins they land on heads 100% of the time.
    all_seq_probs: [[0.94214492 0.05785507]] +/- [[0.03178289 0.03178289]]
    tvd: 0.05785507236727687 +/- 0.03178288969168405
    choice_probs: [0.94214492 0.05785507] +/- [0.03178289 0.03178289]
    kl_div: 0.060199355030781304 +/- 0.035261521818427344
    expected_dist: [1.0000000e+00 1.0000003e-08] +/- [0.000000e+00 4.440892e-15]
