unconditional_point
  kl_div: 0.07933613725821488 +/- 0.07555926921492856
  expected_dist: [0.16666663 0.16666663 0.16666663 0.16666663 0.16666663 0.16666663] +/- [5.9604645e-08 5.9604645e-08 5.9604645e-08 5.9604645e-08 5.9604645e-08
 5.9604645e-08]
  tvd: 0.1529370830208063 +/- 0.0670470523330198
  all_seq_probs: [[0.20042509 0.2376412  0.18624549 0.1369082  0.12531543 0.11346456]] +/- [[0.02947622 0.09436971 0.02507416 0.03358141 0.04250329 0.03953505]]
  choice_probs: [0.20042509 0.2376412  0.18624549 0.1369082  0.12531543 0.11346456] +/- [0.02947622 0.09436971 0.02507416 0.03358141 0.04250329 0.03953505]
biased_point
  tvd_auc: 0.0 +/- 0.0
  When I roll dice, they land on 2 80% of the time.
    kl_div: 0.3714812429855374 +/- 0.45596934138508277
    expected_dist: [0.03999999 0.7999996  0.03999999 0.03999999 0.03999999 0.03999999] +/- [2.2351742e-08 3.5762787e-07 2.2351742e-08 2.2351742e-08 2.2351742e-08
 2.2351742e-08]
    tvd: 0.27454498964361845 +/- 0.24858776645978795
    all_seq_probs: [[0.12284163 0.57369087 0.07779471 0.06763472 0.04353225 0.11450582]] +/- [[0.09501901 0.28877658 0.07421923 0.07713841 0.04625652 0.10458591]]
    choice_probs: [0.12284163 0.57369087 0.07779471 0.06763472 0.04353225 0.11450582] +/- [0.09501901 0.28877658 0.07421923 0.07713841 0.04625652 0.10458591]
