unconditional_point
  kl_div: 0.9019242955740919 +/- 0.41940853081404184
  tvd: 0.4167385685145855 +/- 0.10997972365860524
  expected_dist: [0.16666676 0.16666676 0.16666676 0.16666676 0.16666676 0.16666676] +/- [7.4505806e-08 7.4505806e-08 7.4505806e-08 7.4505806e-08 7.4505806e-08
 7.4505806e-08]
  choice_probs: [0.02485166 0.23617068 0.209231   0.19128513 0.26948144 0.0689801 ] +/- [0.01661842 0.2387963  0.15152592 0.13415467 0.18565276 0.06451487]
  all_seq_probs: [[0.02485166 0.23617068 0.209231   0.19128513 0.26948144 0.0689801 ]] +/- [[0.01661842 0.2387963  0.15152592 0.13415467 0.18565276 0.06451487]]
biased_point
  When you roll dice, they land on 2 20% of the time.
    kl_div: 0.3897795219536056 +/- 0.2584790364966602
    tvd: 0.30041567715024575 +/- 0.12254228070638902
    expected_dist: [0.15999988 0.20000048 0.15999988 0.15999988 0.15999988 0.15999988] +/- [1.6391277e-07 4.4703484e-07 1.6391277e-07 1.6391277e-07 1.6391277e-07
 1.6391277e-07]
    choice_probs: [0.08961973 0.31260899 0.14998901 0.16712248 0.15511334 0.12554647] +/- [0.04729295 0.21674478 0.11622676 0.11416006 0.12167925 0.08279556]
    all_seq_probs: [[0.08961973 0.31260899 0.14998901 0.16712248 0.15511334 0.12554647]] +/- [[0.04729295 0.21674478 0.11622676 0.11416006 0.12167925 0.08279556]]
  tvd_auc: 0.0 +/- 0.0
