unconditional_point
  expected_dist: [0.5 0.5] +/- [0. 0.]
  kl_div: 0.6701100218296051 +/- 0.1516334452221816
  tvd: 0.42511252630501983 +/- 0.02642540745917063
  all_seq_probs: [[0.07488747 0.92511252]] +/- [[0.02642541 0.0264254 ]]
  choice_probs: [0.07488747 0.92511252] +/- [0.02642541 0.0264254 ]
biased_point
  When I flip coins they land on heads 0% of the time.
    expected_dist: [1.0000003e-08 1.0000000e+00] +/- [4.440892e-15 0.000000e+00]
    kl_div: 0.04360312662381006 +/- 0.010397118986509662
    tvd: 0.042614606592144694 +/- 0.00994355319052405
    all_seq_probs: [[0.04261461 0.95738539]] +/- [[0.00994355 0.00994356]]
    choice_probs: [0.04261461 0.95738539] +/- [0.00994355 0.00994356]
  tvd_auc: 0.0 +/- 0.0
