biased_point
  tvd_auc: 0.0 +/- 0.0
  When I roll dice, they land on 1 20% of the time.
    tvd: 0.03993262842297554 +/- 0.016736286405217515
    choice_probs: [0.18475766 0.15836323 0.16044553 0.1528819  0.16042766 0.18312405] +/- [0.01589811 0.01032604 0.01166377 0.00925893 0.0113925  0.02533075]
    all_seq_probs: [[0.18475766 0.15836323 0.16044553 0.1528819  0.16042766 0.18312405]] +/- [[0.01589811 0.01032604 0.01166377 0.00925893 0.0113925  0.02533075]]
    expected_dist: [0.1999999  0.15999995 0.15999995 0.15999995 0.15999995 0.15999995] +/- [1.3411045e-07 8.9406967e-08 8.9406967e-08 8.9406967e-08 8.9406967e-08
 8.9406967e-08]
    kl_div: 0.006078577603911981 +/- 0.005025103290185243
