biased_point
  When I roll dice, they land on 1 20% of the time.
    expected_dist: [0.1999999  0.15999995 0.15999995 0.15999995 0.15999995 0.15999995] +/- [1.3411045e-07 8.9406967e-08 8.9406967e-08 8.9406967e-08 8.9406967e-08
 8.9406967e-08]
    kl_div: 0.02285300171442941 +/- 0.024867833252581233
    tvd: 0.07898743990808725 +/- 0.04344113888985523
    all_seq_probs: [[0.19401028 0.18106081 0.151718   0.14786677 0.16225312 0.16309102]] +/- [[0.04717802 0.03024329 0.0269093  0.02367626 0.0233276  0.04523509]]
    choice_probs: [0.19401028 0.18106081 0.151718   0.14786677 0.16225312 0.16309102] +/- [0.04717802 0.03024329 0.0269093  0.02367626 0.0233276  0.04523509]
  tvd_auc: 0.0 +/- 0.0
