biased_point
  When I roll dice, they land on 6 100% of the time.
    all_seq_probs: [[0.00240978 0.00147308 0.00115602 0.00131824 0.00212295 0.99151991]] +/- [[0.00074508 0.00045189 0.00033456 0.00037671 0.00066578 0.00239188]]
    tvd: 0.008480046403905685 +/- 0.0023918950985949683
    kl_div: 0.008518559947308404 +/- 0.0024137909552899377
    choice_probs: [0.00240978 0.00147308 0.00115602 0.00131824 0.00212295 0.99151991] +/- [0.00074508 0.00045189 0.00033456 0.00037671 0.00066578 0.00239188]
    expected_dist: [1.0000003e-08 1.0000003e-08 1.0000003e-08 1.0000003e-08 1.0000003e-08
 1.0000000e+00] +/- [4.440892e-15 4.440892e-15 4.440892e-15 4.440892e-15 4.440892e-15
 0.000000e+00]
  tvd_auc: 0.0 +/- 0.0
