biased_point
  When I roll dice, they land on 6 20% of the time.
    all_seq_probs: [[0.1619914  0.15937419 0.1606689  0.15773636 0.16384617 0.19638299]] +/- [[0.04910375 0.03988529 0.03715324 0.0408462  0.03998281 0.05037492]]
    expected_dist: [0.15999995 0.15999995 0.15999995 0.15999995 0.15999995 0.1999999 ] +/- [8.9406967e-08 8.9406967e-08 8.9406967e-08 8.9406967e-08 8.9406967e-08
 1.3411045e-07]
    tvd: 0.09365883596241474 +/- 0.05581868199177786
    kl_div: 0.03332506568352983 +/- 0.037913569478659745
    choice_probs: [0.1619914  0.15937419 0.1606689  0.15773636 0.16384617 0.19638299] +/- [0.04910375 0.03988529 0.03715324 0.0408462  0.03998281 0.05037492]
  tvd_auc: 0.0 +/- 0.0
