biased_point
  When I roll dice, they land on 2 40% of the time.
    tvd: 0.12383613556623459 +/- 0.04409085608008635
    choice_probs: [0.14674942 0.29048602 0.14473739 0.130967   0.14087697 0.14618321] +/- [0.02646849 0.06383029 0.01891445 0.0161736  0.02322504 0.02662703]
    expected_dist: [0.11999992 0.3999998  0.11999992 0.11999992 0.11999992 0.11999992] +/- [7.4505806e-08 2.3841858e-07 7.4505806e-08 7.4505806e-08 7.4505806e-08
 7.4505806e-08]
    all_seq_probs: [[0.14674942 0.29048602 0.14473739 0.130967   0.14087697 0.14618321]] +/- [[0.02646849 0.06383029 0.01891445 0.0161736  0.02322504 0.02662703]]
    kl_div: 0.04489386951201595 +/- 0.028697878953578265
  tvd_auc: 0.0 +/- 0.0
