biased_point
  tvd_auc: 0.0 +/- 0.0
  When you roll dice, they land on 1 60% of the time.
    choice_probs: [0.05442676 0.27930223 0.08920059 0.11213563 0.085534   0.37940078] +/- [0.12289017 0.34436733 0.19850927 0.23908017 0.20498638 0.38805494]
    kl_div: 3.5048512936125045 +/- 2.125042570902479
    all_seq_probs: [[0.05442676 0.27930223 0.08920059 0.11213563 0.085534   0.37940078]] +/- [[0.12289017 0.34436733 0.19850927 0.23908017 0.20498638 0.38805494]]
    expected_dist: [0.6        0.07999994 0.07999994 0.07999994 0.07999994 0.07999994] +/- [5.9604645e-08 8.1956387e-08 8.1956387e-08 8.1956387e-08 8.1956387e-08
 8.1956387e-08]
    tvd: 0.7663449152345632 +/- 0.14758969688420867
unconditional_point
  choice_probs: [0.0040987  0.22742444 0.29005852 0.40277732 0.0513542  0.02428682] +/- [0.01423257 0.28360176 0.22343542 0.26924091 0.10457767 0.09824483]
  kl_div: 2.4118500175159423 +/- 0.9417952394103374
  all_seq_probs: [[0.0040987  0.22742444 0.29005852 0.40277732 0.0513542  0.02428682]] +/- [[0.01423257 0.28360176 0.22343542 0.26924091 0.10457767 0.09824483]]
  expected_dist: [0.16666676 0.16666676 0.16666676 0.16666676 0.16666676 0.16666676] +/- [7.4505806e-08 7.4505806e-08 7.4505806e-08 7.4505806e-08 7.4505806e-08
 7.4505806e-08]
  tvd: 0.5765099166029707 +/- 0.09586491867361008
