biased_point
  When I flip coins they land on heads 50% of the time.
    kl_div: 0.7652231788635254 +/- 0.3306651903258286
    choice_probs: [0.92414063 0.07625366] +/- [0.05921076 0.0594538 ]
    tvd: 0.4239434814453125 +/- 0.059264844204998904
    expected_dist: [0.5 0.5] +/- [0. 0.]
    all_seq_probs: [[0.92414063 0.07625366]] +/- [[0.05921076 0.0594538 ]]
  tvd_auc: 0.0 +/- 0.0
