biased_point
  tvd_auc: 0.0 +/- 0.0
  When you flip coins, they land on heads 10% of the time.
    expected_dist: [0.10000024 0.899998  ] +/- [2.3841858e-07 1.9669533e-06]
    tvd: 0.050273747857660055 +/- 0.03374721883490598
    kl_div: 0.016347665416076778 +/- 0.018454390785722554
    all_seq_probs: [[0.12677546 0.87322453]] +/- [[0.05430837 0.05430838]]
    choice_probs: [0.12677546 0.87322453] +/- [0.05430837 0.05430838]
unconditional_point
  expected_dist: [0.5 0.5] +/- [0. 0.]
  tvd: 0.323716930732131 +/- 0.06906804824662813
  kl_div: 0.3208633995056152 +/- 0.19569664104888151
  all_seq_probs: [[0.17628307 0.82371693]] +/- [[0.06906805 0.06906805]]
  choice_probs: [0.17628307 0.82371693] +/- [0.06906805 0.06906805]
