biased_point
  When you roll dice, they land on 3 40% of the time.
    tvd: 0.357507691856008 +/- 0.1369620647293073
    all_seq_probs: [[0.07502892 0.17913901 0.2273421  0.09905073 0.1469356  0.27250363]] +/- [[0.11063691 0.12162303 0.17409835 0.06926608 0.09956732 0.15443928]]
    kl_div: 0.4223611369500431 +/- 0.31301103607315034
    expected_dist: [0.12000033 0.12000033 0.40000096 0.12000033 0.12000033 0.12000033] +/- [3.3527613e-07 3.3527613e-07 9.2387199e-07 3.3527613e-07 3.3527613e-07
 3.3527613e-07]
    choice_probs: [0.07502892 0.17913901 0.2273421  0.09905073 0.1469356  0.27250363] +/- [0.11063691 0.12162303 0.17409835 0.06926608 0.09956732 0.15443928]
  tvd_auc: 0.0 +/- 0.0
