biased_point
  When you roll dice, they land on 2 40% of the time.
    expected_dist: [0.12000033 0.40000096 0.12000033 0.12000033 0.12000033 0.12000033] +/- [3.3527613e-07 9.2387199e-07 3.3527613e-07 3.3527613e-07 3.3527613e-07
 3.3527613e-07]
    kl_div: 0.5641835177695229 +/- 0.4709952872028429
    tvd: 0.3865374628076097 +/- 0.138068213520508
    choice_probs: [0.08350723 0.24155385 0.12758658 0.13176183 0.18415636 0.23143415] +/- [0.11895762 0.25310857 0.10259103 0.11949005 0.15385279 0.15587352]
    all_seq_probs: [[0.08350723 0.24155385 0.12758658 0.13176183 0.18415636 0.23143415]] +/- [[0.11895762 0.25310857 0.10259103 0.11949005 0.15385279 0.15587352]]
  tvd_auc: 0.0 +/- 0.0
