biased_point
  When I flip coins they land on heads 40% of the time.
    expected_dist: [0.3999998  0.60000026] +/- [2.3841858e-07 2.3841858e-07]
    all_seq_probs: [[0.63257812 0.37761475]] +/- [[0.21708688 0.2130608 ]]
    choice_probs: [0.63257812 0.37761475] +/- [0.21708688 0.2130608 ]
    tvd: 0.2274816834926605 +/- 0.21507129223588026
    kl_div: 0.45809871196746826 +/- 0.7550141434289851
  tvd_auc: 0.0 +/- 0.0
