biased_point
  When I roll dice, they land on 4 0% of the time.
    choice_probs: [0.20393359 0.18806732 0.18061106 0.04291747 0.17810779 0.20636278] +/- [0.0277972  0.01998089 0.0190281  0.01426593 0.02015058 0.0344406 ]
    kl_div: 0.053871462035267825 +/- 0.016761789173810694
    tvd: 0.07974690030449244 +/- 0.025125257789523594
    all_seq_probs: [[0.20393359 0.18806732 0.18061106 0.04291747 0.17810779 0.20636278]] +/- [[0.0277972  0.01998089 0.0190281  0.01426593 0.02015058 0.0344406 ]]
    expected_dist: [1.9999990e-01 1.9999990e-01 1.9999990e-01 1.0000003e-08 1.9999990e-01
 1.9999990e-01] +/- [1.1920929e-07 1.1920929e-07 1.1920929e-07 4.4408921e-15 1.1920929e-07
 1.1920929e-07]
  tvd_auc: 0.0 +/- 0.0
