biased_point
  tvd_auc: 0.0 +/- 0.0
  When I flip coins they land on heads 0% of the time.
    kl_div: 2.6068748168077502 +/- 0.7225957569286797
    choice_probs: [0.9059375  0.09380371] +/- [0.06353076 0.06338278]
    expected_dist: [1.0000003e-08 1.0000000e+00] +/- [4.440892e-15 0.000000e+00]
    all_seq_probs: [[0.9059375  0.09380371]] +/- [[0.06353076 0.06338278]]
    tvd: 0.9060668895312511 +/- 0.06339911680862417
