biased_point
  tvd_auc: 0.0 +/- 0.0
  When I roll dice, they land on 5 60% of the time.
    expected_dist: [0.07999997 0.07999997 0.07999997 0.07999997 0.60000026 0.07999997] +/- [2.9802322e-08 2.9802322e-08 2.9802322e-08 2.9802322e-08 2.3841858e-07
 2.9802322e-08]
    all_seq_probs: [[0.10535749 0.102009   0.11590017 0.1197571  0.41013235 0.14684388]] +/- [[0.05291608 0.06055428 0.05077435 0.0535436  0.14490776 0.06698037]]
    kl_div: 0.1758835919573903 +/- 0.1166399581738294
    choice_probs: [0.10535749 0.102009   0.11590017 0.1197571  0.41013235 0.14684388] +/- [0.05291608 0.06055428 0.05077435 0.0535436  0.14490776 0.06698037]
    tvd: 0.2440632040426135 +/- 0.10197694025259582
