unconditional_point
  expected_dist: [0.5 0.5] +/- [0. 0.]
  kl_div: 0.11545809358358383 +/- 0.1768635541548464
  tvd: 0.16639165714383125 +/- 0.11876556529455377
  choice_probs: [0.35163907 0.64836094] +/- [0.14064309 0.14064307]
  all_seq_probs: [[0.35163907 0.64836094]] +/- [[0.14064309 0.14064307]]
biased_point
  tvd_auc: 0.0 +/- 0.0
  When I flip coins they land on heads 20% of the time.
    expected_dist: [0.1999999 0.7999996] +/- [1.1920929e-07 4.1723251e-07]
    kl_div: 0.06461019292008131 +/- 0.06436434160918035
    tvd: 0.1441768378019333 +/- 0.08665916120076468
    choice_probs: [0.3311802  0.66881979] +/- [0.10530207 0.10530207]
    all_seq_probs: [[0.3311802  0.66881979]] +/- [[0.10530207 0.10530207]]
