biased_point
  tvd_auc: 0.0 +/- 0.0
  When I roll dice, they land on 2 60% of the time.
    choice_probs: [0.12984307 0.3222233  0.15630432 0.13582256 0.14004343 0.11576332] +/- [0.04528183 0.24201686 0.06468552 0.06382455 0.08720345 0.06368253]
    expected_dist: [0.07999998 0.60000026 0.07999998 0.07999998 0.07999998 0.07999998] +/- [4.4703484e-08 1.7881393e-07 4.4703484e-08 4.4703484e-08 4.4703484e-08
 4.4703484e-08]
    all_seq_probs: [[0.12984307 0.3222233  0.15630432 0.13582256 0.14004343 0.11576332]] +/- [[0.04528183 0.24201686 0.06468552 0.06382455 0.08720345 0.06368253]]
    tvd: 0.3497237699851394 +/- 0.12421435606494742
    kl_div: 0.3758307681675069 +/- 0.23918893896922444
unconditional_point
  choice_probs: [0.14978916 0.23521402 0.1678658  0.15394768 0.1608405  0.13234285] +/- [0.05162945 0.20626919 0.05180326 0.06303931 0.10841131 0.06966345]
  expected_dist: [0.16666663 0.16666663 0.16666663 0.16666663 0.16666663 0.16666663] +/- [5.9604645e-08 5.9604645e-08 5.9604645e-08 5.9604645e-08 5.9604645e-08
 5.9604645e-08]
  all_seq_probs: [[0.14978916 0.23521402 0.1678658  0.15394768 0.1608405  0.13234285]] +/- [[0.05162945 0.20626919 0.05180326 0.06303931 0.10841131 0.06966345]]
  tvd: 0.20090058917179704 +/- 0.16136070448385367
  kl_div: 0.16661740304494743 +/- 0.21591497453377423
