biased_point
  tvd_auc: 0.0 +/- 0.0
  When you roll dice, they land on 1 20% of the time.
    expected_dist: [0.20000048 0.15999988 0.15999988 0.15999988 0.15999988 0.15999988] +/- [4.4703484e-07 1.6391277e-07 1.6391277e-07 1.6391277e-07 1.6391277e-07
 1.6391277e-07]
    choice_probs: [0.27326893 0.10515982 0.09334333 0.08121942 0.15180961 0.2951989 ] +/- [0.28900733 0.15523441 0.13806105 0.11125975 0.24327009 0.27881304]
    tvd: 0.5324458886817397 +/- 0.13915900680926266
    all_seq_probs: [[0.27326893 0.10515982 0.09334333 0.08121942 0.15180961 0.2951989 ]] +/- [[0.28900733 0.15523441 0.13806105 0.11125975 0.24327009 0.27881304]]
    kl_div: 1.9310096950379665 +/- 1.202521542096058
