biased_point
  tvd_auc: 0.0 +/- 0.0
  When I flip coins they land on heads 30% of the time.
    kl_div: 1.1245951402187346 +/- 0.7283232957160896
    all_seq_probs: [[0.85503906 0.14598022]] +/- [[0.13377369 0.13336649]]
    expected_dist: [0.30000013 0.7000003 ] +/- [1.1920929e-07 2.9802322e-07]
    tvd: 0.5563340950012207 +/- 0.1258271053740863
    choice_probs: [0.85503906 0.14598022] +/- [0.13377369 0.13336649]
