biased_point
  When you roll dice, they land on 2 20% of the time.
    expected_dist: [0.15999988 0.20000048 0.15999988 0.15999988 0.15999988 0.15999988] +/- [1.6391277e-07 4.4703484e-07 1.6391277e-07 1.6391277e-07 1.6391277e-07
 1.6391277e-07]
    tvd: 0.5610239000174312 +/- 0.12310063500156891
    kl_div: 2.202380858445307 +/- 1.3332426779454214
    choice_probs: [0.06323435 0.33913143 0.13198434 0.16801758 0.06077066 0.23686164] +/- [0.11836471 0.30797159 0.20108247 0.26595483 0.11316685 0.25925962]
    all_seq_probs: [[0.06323435 0.33913143 0.13198434 0.16801758 0.06077066 0.23686164]] +/- [[0.11836471 0.30797159 0.20108247 0.26595483 0.11316685 0.25925962]]
  tvd_auc: 0.0 +/- 0.0
