biased_point
  tvd_auc: 0.0 +/- 0.0
  When I roll dice, they land on 6 20% of the time.
    kl_div: 0.047957625375129286 +/- 0.049353725741576156
    all_seq_probs: [[0.15894034 0.16093947 0.16269752 0.15910075 0.16303154 0.19529038]] +/- [[0.05635407 0.03801176 0.04199394 0.05067155 0.04776205 0.06351091]]
    choice_probs: [0.15894034 0.16093947 0.16269752 0.15910075 0.16303154 0.19529038] +/- [0.05635407 0.03801176 0.04199394 0.05067155 0.04776205 0.06351091]
    expected_dist: [0.15999995 0.15999995 0.15999995 0.15999995 0.15999995 0.1999999 ] +/- [8.9406967e-08 8.9406967e-08 8.9406967e-08 8.9406967e-08 8.9406967e-08
 1.3411045e-07]
    tvd: 0.11620807740837336 +/- 0.05595660748733038
