biased_point
  tvd_auc: 0.0 +/- 0.0
  When I roll dice, they land on 3 100% of the time.
    tvd: 0.04548948895322097 +/- 0.018428238807233065
    kl_div: 0.046745274075755676 +/- 0.019535539259526367
    all_seq_probs: [[0.008195   0.00677824 0.95451049 0.01254219 0.00618154 0.01179254]] +/- [[0.00343048 0.00314849 0.01842824 0.00537494 0.00276826 0.00513544]]
    expected_dist: [1.0000003e-08 1.0000003e-08 1.0000000e+00 1.0000003e-08 1.0000003e-08
 1.0000003e-08] +/- [4.440892e-15 4.440892e-15 0.000000e+00 4.440892e-15 4.440892e-15
 4.440892e-15]
    choice_probs: [0.008195   0.00677824 0.95451049 0.01254219 0.00618154 0.01179254] +/- [0.00343048 0.00314849 0.01842824 0.00537494 0.00276826 0.00513544]
