biased_point
  When I roll dice, they land on 4 40% of the time.
    expected_dist: [0.11999992 0.11999992 0.11999992 0.3999998  0.11999992 0.11999992] +/- [7.4505806e-08 7.4505806e-08 7.4505806e-08 2.3841858e-07 7.4505806e-08
 7.4505806e-08]
    choice_probs: [0.10815092 0.13197698 0.17851248 0.2928726  0.14112732 0.14735969] +/- [0.04335636 0.04730025 0.08598196 0.13921533 0.05183996 0.05689531]
    kl_div: 0.12288844566268381 +/- 0.1328532293530377
    all_seq_probs: [[0.10815092 0.13197698 0.17851248 0.2928726  0.14112732 0.14735969]] +/- [[0.04335636 0.04730025 0.08598196 0.13921533 0.05183996 0.05689531]]
    tvd: 0.1994522722903639 +/- 0.08505380212478353
  tvd_auc: 0.0 +/- 0.0
