biased_point
  tvd_auc: 0.0 +/- 0.0
  When you roll dice, they land on 2 60% of the time.
    kl_div: 1.8049832885801442 +/- 1.195247055726652
    expected_dist: [0.07999994 0.6        0.07999994 0.07999994 0.07999994 0.07999994] +/- [8.1956387e-08 5.9604645e-08 8.1956387e-08 8.1956387e-08 8.1956387e-08
 8.1956387e-08]
    all_seq_probs: [[0.08785829 0.23425749 0.09551117 0.12094025 0.06303884 0.39839395]] +/- [[0.13691169 0.28850093 0.122673   0.20307144 0.09438371 0.3039182 ]]
    tvd: 0.5835917092657297 +/- 0.20519737649638023
    choice_probs: [0.08785829 0.23425749 0.09551117 0.12094025 0.06303884 0.39839395] +/- [0.13691169 0.28850093 0.122673   0.20307144 0.09438371 0.3039182 ]
