biased_point
  tvd_auc: 0.0 +/- 0.0
  When I roll dice, they land on 4 40% of the time.
    tvd: 0.276078683398664 +/- 0.1115661717575464
    kl_div: 0.2682941522123292 +/- 0.2623164760014576
    choice_probs: [0.08484052 0.16478488 0.18175011 0.20811475 0.16792042 0.1925893 ] +/- [0.04986291 0.07577576 0.11780651 0.12411543 0.07978725 0.07845727]
    expected_dist: [0.11999992 0.11999992 0.11999992 0.3999998  0.11999992 0.11999992] +/- [7.4505806e-08 7.4505806e-08 7.4505806e-08 2.3841858e-07 7.4505806e-08
 7.4505806e-08]
    all_seq_probs: [[0.08484052 0.16478488 0.18175011 0.20811475 0.16792042 0.1925893 ]] +/- [[0.04986291 0.07577576 0.11780651 0.12411543 0.07978725 0.07845727]]
