biased_point
  tvd_auc: 0.0 +/- 0.0
  When I roll dice, they land on 4 20% of the time.
    kl_div: 0.07467234537238256 +/- 0.05877105659640066
    choice_probs: [0.14704878 0.17919311 0.17030742 0.21166552 0.15606093 0.13572424] +/- [0.0414746  0.05033368 0.06978303 0.08316768 0.06022381 0.06779676]
    all_seq_probs: [[0.14704878 0.17919311 0.17030742 0.21166552 0.15606093 0.13572424]] +/- [[0.0414746  0.05033368 0.06978303 0.08316768 0.06022381 0.06779676]]
    tvd: 0.14798130594193937 +/- 0.0600375073576642
    expected_dist: [0.15999994 0.15999994 0.15999994 0.1999999  0.15999994 0.15999994] +/- [7.4505806e-08 7.4505806e-08 7.4505806e-08 1.1920929e-07 7.4505806e-08
 7.4505806e-08]
