biased_point
  When you roll dice, they land on 5 20% of the time.
    expected_dist: [0.15999988 0.15999988 0.15999988 0.15999988 0.20000048 0.15999988] +/- [1.3411045e-07 1.3411045e-07 1.3411045e-07 1.3411045e-07 4.6193600e-07
 1.3411045e-07]
    kl_div: 5.6703574406102994 +/- 3.0269995009683566
    tvd: 0.6504195685901962 +/- 0.13110251923322883
    all_seq_probs: [[0.22334974 0.10823458 0.24666879 0.13843497 0.0526075  0.23070442]] +/- [[0.31978791 0.21054602 0.32060803 0.23417554 0.1662361  0.32805962]]
    choice_probs: [0.22334974 0.10823458 0.24666879 0.13843497 0.0526075  0.23070442] +/- [0.31978791 0.21054602 0.32060803 0.23417554 0.1662361  0.32805962]
  tvd_auc: 0.0 +/- 0.0
