biased_point
  When I roll dice, they land on 5 60% of the time.
    kl_div: 0.16166091093837168 +/- 0.09496584798822023
    expected_dist: [0.07999997 0.07999997 0.07999997 0.07999997 0.60000026 0.07999997] +/- [2.9802322e-08 2.9802322e-08 2.9802322e-08 2.9802322e-08 2.3841858e-07
 2.9802322e-08]
    all_seq_probs: [[0.0867239  0.08832269 0.09448329 0.12030449 0.41406789 0.19609773]] +/- [[0.04162974 0.04298867 0.04014669 0.04285509 0.11353246 0.0564117 ]]
    choice_probs: [0.0867239  0.08832269 0.09448329 0.12030449 0.41406789 0.19609773] +/- [0.04162974 0.04298867 0.04014669 0.04285509 0.11353246 0.0564117 ]
    tvd: 0.23302735940087588 +/- 0.08367701795435076
  tvd_auc: 0.0 +/- 0.0
