biased_point
  When I roll dice, they land on 1 40% of the time.
    all_seq_probs: [[0.27110011 0.14961921 0.13964613 0.16833578 0.13160448 0.13969431]] +/- [[0.11187796 0.03614756 0.03868284 0.03821109 0.03678209 0.04670145]]
    expected_dist: [0.3999998  0.11999992 0.11999992 0.11999992 0.11999992 0.11999992] +/- [2.3841858e-07 7.4505806e-08 7.4505806e-08 7.4505806e-08 7.4505806e-08
 7.4505806e-08]
    kl_div: 0.09944313773827161 +/- 0.06461055765894205
    tvd: 0.18056192468851806 +/- 0.052997073135897486
    choice_probs: [0.27110011 0.14961921 0.13964613 0.16833578 0.13160448 0.13969431] +/- [0.11187796 0.03614756 0.03868284 0.03821109 0.03678209 0.04670145]
  tvd_auc: 0.0 +/- 0.0
