biased_point
  When you flip coins, they land on heads 100% of the time.
    kl_div: 0.024079272001324113 +/- 0.0453990653142373
    expected_dist: [1.0000000e+00 9.9999795e-09] +/- [0.0000000e+00 1.8651747e-14]
    all_seq_probs: [[0.97718627 0.02281374]] +/- [[0.04249957 0.04249957]]
    choice_probs: [0.97718627 0.02281374] +/- [0.04249957 0.04249957]
    tvd: 0.022813728977266575 +/- 0.042499567990879894
  tvd_auc: 0.0 +/- 0.0
unconditional_point
  kl_div: 0.343930187702179 +/- 0.25885976109017156
  expected_dist: [0.5 0.5] +/- [0. 0.]
  all_seq_probs: [[0.78859669 0.21140332]] +/- [[0.15708754 0.15708754]]
  choice_probs: [0.78859669 0.21140332] +/- [0.15708754 0.15708754]
  tvd: 0.30265620451793074 +/- 0.12792092666519372
