unconditional_point
  tvd: 0.2744495987519622 +/- 0.07240712897394211
  expected_dist: [0.16666663 0.16666663 0.16666663 0.16666663 0.16666663 0.16666663] +/- [5.9604645e-08 5.9604645e-08 5.9604645e-08 5.9604645e-08 5.9604645e-08
 5.9604645e-08]
  all_seq_probs: [[0.14727234 0.21415036 0.28977156 0.13772551 0.09138665 0.11969357]] +/- [[0.09201111 0.14066511 0.08602312 0.07655226 0.0592935  0.07425076]]
  kl_div: 0.23467623646138236 +/- 0.16345653360104687
  choice_probs: [0.14727234 0.21415036 0.28977156 0.13772551 0.09138665 0.11969357] +/- [0.09201111 0.14066511 0.08602312 0.07655226 0.0592935  0.07425076]
biased_point
  tvd_auc: 0.0 +/- 0.0
  When I roll dice, they land on 2 80% of the time.
    tvd: 0.4054049223102629 +/- 0.17460232557966265
    expected_dist: [0.03999999 0.7999996  0.03999999 0.03999999 0.03999999 0.03999999] +/- [2.2351742e-08 3.5762787e-07 2.2351742e-08 2.2351742e-08 2.2351742e-08
 2.2351742e-08]
    all_seq_probs: [[0.15105919 0.39583312 0.16954218 0.10824337 0.07618276 0.09913938]] +/- [[0.05234479 0.1760365  0.03586161 0.05886422 0.04059789 0.07953286]]
    kl_div: 0.48170406153192746 +/- 0.40244347317928686
    choice_probs: [0.15105919 0.39583312 0.16954218 0.10824337 0.07618276 0.09913938] +/- [0.05234479 0.1760365  0.03586161 0.05886422 0.04059789 0.07953286]
