biased_point
  tvd_auc: 0.0 +/- 0.0
  When I flip coins they land on heads 20% of the time.
    choice_probs: [0.63289063 0.37762695] +/- [0.21760371 0.21304016]
    kl_div: 0.8384569662809372 +/- 1.1054898529285861
    tvd: 0.42763183295726775 +/- 0.21532191545249588
    expected_dist: [0.1999999 0.7999996] +/- [1.1920929e-07 4.1723251e-07]
    all_seq_probs: [[0.63289063 0.37762695]] +/- [[0.21760371 0.21304016]]
