biased_point
  tvd_auc: 0.0 +/- 0.0
  When I roll dice, they land on 2 40% of the time.
    all_seq_probs: [[0.11838202 0.3150077  0.13431496 0.23192733 0.09163695 0.10873104]] +/- [[0.05203372 0.15178544 0.05225315 0.08976203 0.05280732 0.0715702 ]]
    tvd: 0.23182269051205368 +/- 0.08564951194308539
    expected_dist: [0.11999992 0.3999998  0.11999992 0.11999992 0.11999992 0.11999992] +/- [7.4505806e-08 2.3841858e-07 7.4505806e-08 7.4505806e-08 7.4505806e-08
 7.4505806e-08]
    kl_div: 0.19310373462736607 +/- 0.16720757418787072
    choice_probs: [0.11838202 0.3150077  0.13431496 0.23192733 0.09163695 0.10873104] +/- [0.05203372 0.15178544 0.05225315 0.08976203 0.05280732 0.0715702 ]
