biased_point
  When you roll dice, they land on 4 60% of the time.
    expected_dist: [0.07999994 0.07999994 0.07999994 0.6        0.07999994 0.07999994] +/- [5.9604645e-08 5.9604645e-08 5.9604645e-08 0.0000000e+00 5.9604645e-08
 5.9604645e-08]
    choice_probs: [0.03366689 0.11686682 0.06826416 0.20095347 0.04935692 0.53089174] +/- [0.10403917 0.27034654 0.17442798 0.24660868 0.11681995 0.42009285]
    all_seq_probs: [[0.03366689 0.11686682 0.06826416 0.20095347 0.04935692 0.53089174]] +/- [[0.10403917 0.27034654 0.17442798 0.24660868 0.11681995 0.42009285]]
    kl_div: 2.9521891630934842 +/- 2.06713632267408
    tvd: 0.6959451879853008 +/- 0.21277792374240273
  tvd_auc: 0.0 +/- 0.0
