biased_point
  When I roll dice, they land on 5 80% of the time.
    all_seq_probs: [[0.04087816 0.04678319 0.04871013 0.05875645 0.74523075 0.05964133]] +/- [[0.03487019 0.03734029 0.05374017 0.02894283 0.11947105 0.04030119]]
    tvd: 0.12248486143536866 +/- 0.07451740583648096
    expected_dist: [0.03999999 0.03999999 0.03999999 0.03999999 0.7999996  0.03999999] +/- [2.2351742e-08 2.2351742e-08 2.2351742e-08 2.2351742e-08 4.1723251e-07
 2.2351742e-08]
    kl_div: 0.07898384653650282 +/- 0.07325750913235192
    choice_probs: [0.04087816 0.04678319 0.04871013 0.05875645 0.74523075 0.05964133] +/- [0.03487019 0.03734029 0.05374017 0.02894283 0.11947105 0.04030119]
  tvd_auc: 0.0 +/- 0.0
