biased_point
  When I roll dice, they land on 6 100% of the time.
    all_seq_probs: [[0.00655607 0.00383409 0.00571596 0.00577876 0.00756474 0.97055039]] +/- [[0.00614576 0.00388908 0.00491139 0.00477401 0.00658277 0.02610944]]
    kl_div: 0.03026382659521289 +/- 0.02749623784157106
    expected_dist: [1.0000003e-08 1.0000003e-08 1.0000003e-08 1.0000003e-08 1.0000003e-08
 1.0000000e+00] +/- [4.440892e-15 4.440892e-15 4.440892e-15 4.440892e-15 4.440892e-15
 0.000000e+00]
    tvd: 0.029449585571614402 +/- 0.02610943498774877
    choice_probs: [0.00655607 0.00383409 0.00571596 0.00577876 0.00756474 0.97055039] +/- [0.00614576 0.00388908 0.00491139 0.00477401 0.00658277 0.02610944]
  tvd_auc: 0.0 +/- 0.0
