biased_point
  tvd_auc: 0.0 +/- 0.0
  When I roll dice, they land on 6 40% of the time.
    all_seq_probs: [[0.10775572 0.12358072 0.12719806 0.2491043  0.13662276 0.25573844]] +/- [[0.06930718 0.06998652 0.05919879 0.12914347 0.06707397 0.14661087]]
    expected_dist: [0.11999992 0.11999992 0.11999992 0.11999992 0.11999992 0.3999998 ] +/- [7.4505806e-08 7.4505806e-08 7.4505806e-08 7.4505806e-08 7.4505806e-08
 2.3841858e-07]
    choice_probs: [0.10775572 0.12358072 0.12719806 0.2491043  0.13662276 0.25573844] +/- [0.06930718 0.06998652 0.05919879 0.12914347 0.06707397 0.14661087]
    tvd: 0.2663494805339724 +/- 0.12146307138433611
    kl_div: 0.25648328245151786 +/- 0.28791642863767863
