biased_point
  When I flip coins they land on heads 90% of the time.
    choice_probs: [0.91484375 0.08541504] +/- [0.06520045 0.06611702]
    tvd: 0.05486279904842377 +/- 0.03888304313901557
    kl_div: 0.028413581787608565 +/- 0.02929422533314267
    all_seq_probs: [[0.91484375 0.08541504]] +/- [[0.06520045 0.06611702]]
    expected_dist: [0.9000002  0.09999995] +/- [2.3841858e-07 5.2154064e-08]
  tvd_auc: 0.0 +/- 0.0
