biased_point
  When you roll dice, they land on 3 0% of the time.
    tvd: 0.6093872051697499 +/- 0.12011288413789555
    expected_dist: [2.0000048e-01 2.0000048e-01 9.9999795e-09 2.0000048e-01 2.0000048e-01
 2.0000048e-01] +/- [4.6193600e-07 4.6193600e-07 1.8651747e-14 4.6193600e-07 4.6193600e-07
 4.6193600e-07]
    kl_div: 1.620078142342647 +/- 0.5940927487446555
    all_seq_probs: [[0.0543032  0.05606151 0.43591955 0.09128301 0.10149802 0.26093472]] +/- [[0.06832859 0.09676303 0.17509423 0.09403625 0.13104484 0.20794495]]
    choice_probs: [0.0543032  0.05606151 0.43591955 0.09128301 0.10149802 0.26093472] +/- [0.06832859 0.09676303 0.17509423 0.09403625 0.13104484 0.20794495]
  tvd_auc: 0.0 +/- 0.0
