biased_point
  When I roll dice, they land on 3 0% of the time.
    expected_dist: [1.9999990e-01 1.9999990e-01 1.0000003e-08 1.9999990e-01 1.9999990e-01
 1.9999990e-01] +/- [1.1920929e-07 1.1920929e-07 4.4408921e-15 1.1920929e-07 1.1920929e-07
 1.1920929e-07]
    all_seq_probs: [[0.19142658 0.16543705 0.07507657 0.16424032 0.18232637 0.22149312]] +/- [[0.01589083 0.01983254 0.01858809 0.01700705 0.01816497 0.02640584]]
    choice_probs: [0.19142658 0.16543705 0.07507657 0.16424032 0.18232637 0.22149312] +/- [0.01589083 0.01983254 0.01858809 0.01700705 0.01816497 0.02640584]
    tvd: 0.10446328680151318 +/- 0.018512064362066122
    kl_div: 0.08992453799371561 +/- 0.01643901707074242
  tvd_auc: 0.0 +/- 0.0
