biased_point
  When you roll dice, they land on 3 40% of the time.
    choice_probs: [0.05438643 0.11932275 0.08806128 0.27829926 0.19801108 0.2619192 ] +/- [0.13505292 0.17773847 0.15261641 0.25290793 0.2135823  0.19368214]
    tvd: 0.5624594848703451 +/- 0.1357469740694908
    all_seq_probs: [[0.05438643 0.11932275 0.08806128 0.27829926 0.19801108 0.2619192 ]] +/- [[0.13505292 0.17773847 0.15261641 0.25290793 0.2135823  0.19368214]]
    expected_dist: [0.12000033 0.12000033 0.40000096 0.12000033 0.12000033 0.12000033] +/- [3.3527613e-07 3.3527613e-07 9.2387199e-07 3.3527613e-07 3.3527613e-07
 3.3527613e-07]
    kl_div: 2.1894106349335054 +/- 1.3056354293772425
  tvd_auc: 0.0 +/- 0.0
