unconditional_point
  kl_div: 1.4213138825297356 +/- 0.579224266269025
  choice_probs: [0.29031188 0.70968812] +/- [0.42104331 0.4210433 ]
  expected_dist: [0.5 0.5] +/- [0. 0.]
  all_seq_probs: [[0.29031188 0.70968812]] +/- [[0.42104331 0.4210433 ]]
  tvd: 0.46643995281192474 +/- 0.06066581630295391
biased_point
  When you flip coins, they land on heads 70% of the time.
    kl_div: 0.4535207506418228 +/- 0.46272841266050463
    choice_probs: [0.60370911 0.39629089] +/- [0.32801647 0.32801648]
    expected_dist: [0.6999983 0.3      ] +/- [1.66893e-06 0.00000e+00]
    all_seq_probs: [[0.60370911 0.39629089]] +/- [[0.32801647 0.32801648]]
    tvd: 0.2962701166374609 +/- 0.17056013763389008
  tvd_auc: 0.0 +/- 0.0
