biased_point
  tvd_auc: 0.0 +/- 0.0
  When I roll dice, they land on 5 20% of the time.
    choice_probs: [0.12151754 0.16885686 0.16446059 0.18045887 0.21449889 0.15020727] +/- [0.04043482 0.05781635 0.04742331 0.07036351 0.07242719 0.06234435]
    tvd: 0.14239421628415586 +/- 0.06293645363067497
    kl_div: 0.07244852204661584 +/- 0.06597257535532193
    expected_dist: [0.15999994 0.15999994 0.15999994 0.15999994 0.1999999  0.15999994] +/- [7.4505806e-08 7.4505806e-08 7.4505806e-08 7.4505806e-08 1.1920929e-07
 7.4505806e-08]
    all_seq_probs: [[0.12151754 0.16885686 0.16446059 0.18045887 0.21449889 0.15020727]] +/- [[0.04043482 0.05781635 0.04742331 0.07036351 0.07242719 0.06234435]]
