biased_point
  When I roll dice, they land on 2 60% of the time.
    kl_div: 0.23837215596809982 +/- 0.15692076252501608
    choice_probs: [0.11984475 0.34898531 0.11959922 0.11677922 0.10342147 0.19137004] +/- [0.06128533 0.12619108 0.04217615 0.04775419 0.04842725 0.06480619]
    all_seq_probs: [[0.11984475 0.34898531 0.11959922 0.11677922 0.10342147 0.19137004]] +/- [[0.06128533 0.12619108 0.04217615 0.04775419 0.04842725 0.06480619]]
    tvd: 0.2861829689354636 +/- 0.09366835301184998
    expected_dist: [0.07999998 0.60000026 0.07999998 0.07999998 0.07999998 0.07999998] +/- [4.4703484e-08 1.7881393e-07 4.4703484e-08 4.4703484e-08 4.4703484e-08
 4.4703484e-08]
  tvd_auc: 0.0 +/- 0.0
