unconditional_point
  expected_dist: [0.16666663 0.16666663 0.16666663 0.16666663 0.16666663 0.16666663] +/- [5.9604645e-08 5.9604645e-08 5.9604645e-08 5.9604645e-08 5.9604645e-08
 5.9604645e-08]
  tvd: 0.22997387092560528 +/- 0.0969523503199284
  kl_div: 0.18612213075510226 +/- 0.13568421059810104
  all_seq_probs: [[0.08219651 0.34428045 0.19132672 0.15459386 0.12083545 0.10676702]] +/- [[0.04738799 0.1234453  0.03822    0.03720154 0.04794028 0.03645776]]
  choice_probs: [0.08219651 0.34428045 0.19132672 0.15459386 0.12083545 0.10676702] +/- [0.04738799 0.1234453  0.03822    0.03720154 0.04794028 0.03645776]
biased_point
  tvd_auc: 0.0 +/- 0.0
  When I roll dice, they land on 1 80% of the time.
    expected_dist: [0.7999996  0.03999999 0.03999999 0.03999999 0.03999999 0.03999999] +/- [3.5762787e-07 2.2351742e-08 2.2351742e-08 2.2351742e-08 2.2351742e-08
 2.2351742e-08]
    tvd: 0.5506434184871614 +/- 0.12965537581144249
    kl_div: 0.8127101078513078 +/- 0.3951888452335297
    all_seq_probs: [[0.25042193 0.32340824 0.12442801 0.10585578 0.08972152 0.10616452]] +/- [[0.12863494 0.11622281 0.03481675 0.03692777 0.04127623 0.03619098]]
    choice_probs: [0.25042193 0.32340824 0.12442801 0.10585578 0.08972152 0.10616452] +/- [0.12863494 0.11622281 0.03481675 0.03692777 0.04127623 0.03619098]
