biased_point
  When I roll dice, they land on 4 20% of the time.
    tvd: 0.1619514412805438 +/- 0.06595023622812192
    all_seq_probs: [[0.1267926  0.16616409 0.20351688 0.19029414 0.15763748 0.15559482]] +/- [[0.0552091  0.08088597 0.06742649 0.0564339  0.05168372 0.05405473]]
    kl_div: 0.08763634554139571 +/- 0.06342693140448524
    choice_probs: [0.1267926  0.16616409 0.20351688 0.19029414 0.15763748 0.15559482] +/- [0.0552091  0.08088597 0.06742649 0.0564339  0.05168372 0.05405473]
    expected_dist: [0.15999994 0.15999994 0.15999994 0.1999999  0.15999994 0.15999994] +/- [7.4505806e-08 7.4505806e-08 7.4505806e-08 1.1920929e-07 7.4505806e-08
 7.4505806e-08]
  tvd_auc: 0.0 +/- 0.0
