biased_point
  tvd_auc: 0.0 +/- 0.0
  When I roll dice, they land on 5 20% of the time.
    tvd: 0.2244762471690774 +/- 0.11550759425600746
    expected_dist: [0.15999994 0.15999994 0.15999994 0.15999994 0.1999999  0.15999994] +/- [7.4505806e-08 7.4505806e-08 7.4505806e-08 7.4505806e-08 1.1920929e-07
 7.4505806e-08]
    all_seq_probs: [[0.12230561 0.27460773 0.11719759 0.12892094 0.25250389 0.10446423]] +/- [[0.04870592 0.1640524  0.05791965 0.06969073 0.07905898 0.03507092]]
    kl_div: 0.1773280713085842 +/- 0.16390294503258995
    choice_probs: [0.12230561 0.27460773 0.11719759 0.12892094 0.25250389 0.10446423] +/- [0.04870592 0.1640524  0.05791965 0.06969073 0.07905898 0.03507092]
