biased_point
  tvd_auc: 0.0 +/- 0.0
  When you flip coins, they land on heads 100% of the time.
    tvd: 0.001198250250085831 +/- 0.00200397240132216
    choice_probs: [0.99880176 0.00119827] +/- [0.00200397 0.00200397]
    expected_dist: [1.0000000e+00 9.9999795e-09] +/- [0.0000000e+00 1.8651747e-14]
    all_seq_probs: [[0.99880176 0.00119827]] +/- [[0.00200397 0.00200397]]
    kl_div: 0.001200873347697268 +/- 0.0020105700247185004
unconditional_point
  tvd: 0.4926151625385974 +/- 0.007575770491799574
  choice_probs: [0.99261517 0.00738485] +/- [0.00757577 0.00757577]
  expected_dist: [0.5 0.5] +/- [0. 0.]
  all_seq_probs: [[0.99261517 0.00738485]] +/- [[0.00757577 0.00757577]]
  kl_div: 1.9247946416139603 +/- 0.36825420444974005
