unconditional_point
  tvd: 0.4961748825449617 +/- 0.01943828965129538
  expected_dist: [0.5 0.5] +/- [0. 0.]
  kl_div: 3.8389983003139494 +/- 1.5552270494209315
  choice_probs: [0.50297484 0.49702517] +/- [0.49654659 0.49654658]
  all_seq_probs: [[0.50297484 0.49702517]] +/- [[0.49654659 0.49654658]]
biased_point
  When you flip coins, they land on heads 50% of the time.
    tvd: 0.442014205781937 +/- 0.11235925707266871
    expected_dist: [0.5 0.5] +/- [0. 0.]
    kl_div: 2.208029326915741 +/- 1.644576417236878
    choice_probs: [0.59745481 0.4025452 ] +/- [0.44553756 0.44553756]
    all_seq_probs: [[0.59745481 0.4025452 ]] +/- [[0.44553756 0.44553756]]
  tvd_auc: 0.0 +/- 0.0
