unconditional_point
  kl_div: 0.04825631022453308 +/- 0.13147174610737836
  expected_dist: [0.5 0.5] +/- [0. 0.]
  choice_probs: [0.50012061 0.4998794 ] +/- [0.13109815 0.13109816]
  tvd: 0.08920162662863731 +/- 0.09607190399948848
  all_seq_probs: [[0.50012061 0.4998794 ]] +/- [[0.13109815 0.13109816]]
biased_point
  tvd_auc: 0.0 +/- 0.0
  When I flip coins they land on heads 40% of the time.
    kl_div: 0.03975936479866505 +/- 0.053006986649800865
    expected_dist: [0.3999998  0.60000026] +/- [2.3841858e-07 2.3841858e-07]
    choice_probs: [0.47686364 0.52313638] +/- [0.10915704 0.10915704]
    tvd: 0.11493036709725857 +/- 0.06792854271550713
    all_seq_probs: [[0.47686364 0.52313638]] +/- [[0.10915704 0.10915704]]
