biased_point
  tvd_auc: 0.0 +/- 0.0
  When you roll dice, they land on 2 60% of the time.
    kl_div: 4.592097112822929 +/- 2.4828721397019975
    choice_probs: [0.10132078 0.06089797 0.07994544 0.17153784 0.05025297 0.53604501] +/- [0.16606493 0.15636287 0.14476816 0.23386059 0.09187456 0.38189351]
    expected_dist: [0.07999994 0.6        0.07999994 0.07999994 0.07999994 0.07999994] +/- [8.1956387e-08 5.9604645e-08 8.1956387e-08 8.1956387e-08 8.1956387e-08
 8.1956387e-08]
    tvd: 0.745645420126754 +/- 0.13925410570356378
    all_seq_probs: [[0.10132078 0.06089797 0.07994544 0.17153784 0.05025297 0.53604501]] +/- [[0.16606493 0.15636287 0.14476816 0.23386059 0.09187456 0.38189351]]
