biased_point
  When I roll dice, they land on 2 80% of the time.
    tvd: 0.2574068069830537 +/- 0.22454701883851866
    kl_div: 0.28181178222090236 +/- 0.33474672818945994
    all_seq_probs: [[0.10827015 0.57280648 0.10204492 0.08991586 0.0533631  0.0735995 ]] +/- [[0.08930038 0.25367831 0.06775524 0.05921788 0.04104559 0.07263683]]
    choice_probs: [0.10827015 0.57280648 0.10204492 0.08991586 0.0533631  0.0735995 ] +/- [0.08930038 0.25367831 0.06775524 0.05921788 0.04104559 0.07263683]
    expected_dist: [0.03999999 0.7999996  0.03999999 0.03999999 0.03999999 0.03999999] +/- [2.2351742e-08 3.5762787e-07 2.2351742e-08 2.2351742e-08 2.2351742e-08
 2.2351742e-08]
  tvd_auc: 0.0 +/- 0.0
