biased_point
  When I roll dice, they land on 4 20% of the time.
    kl_div: 0.010210395300528035 +/- 0.009380243827522918
    all_seq_probs: [[0.15972447 0.15104616 0.15843486 0.18149688 0.17506168 0.17423597]] +/- [[0.02688824 0.01979341 0.01473777 0.01390421 0.02084612 0.02305272]]
    expected_dist: [0.15999994 0.15999994 0.15999994 0.1999999  0.15999994 0.15999994] +/- [7.4505806e-08 7.4505806e-08 7.4505806e-08 1.1920929e-07 7.4505806e-08
 7.4505806e-08]
    tvd: 0.0563813216984272 +/- 0.0228628760552846
    choice_probs: [0.15972447 0.15104616 0.15843486 0.18149688 0.17506168 0.17423597] +/- [0.02688824 0.01979341 0.01473777 0.01390421 0.02084612 0.02305272]
  tvd_auc: 0.0 +/- 0.0
