unconditional_point
  expected_dist: [0.16666676 0.16666676 0.16666676 0.16666676 0.16666676 0.16666676] +/- [7.4505806e-08 7.4505806e-08 7.4505806e-08 7.4505806e-08 7.4505806e-08
 7.4505806e-08]
  choice_probs: [0.00647868 0.2101968  0.33840272 0.28737157 0.13507374 0.02247649] +/- [0.01330077 0.24949015 0.29972923 0.28915185 0.20506915 0.04733332]
  tvd: 0.5944319264581699 +/- 0.08319571838877153
  all_seq_probs: [[0.00647868 0.2101968  0.33840272 0.28737157 0.13507374 0.02247649]] +/- [[0.01330077 0.24949015 0.29972923 0.28915185 0.20506915 0.04733332]]
  kl_div: 2.7320050049335696 +/- 1.0713163948231827
biased_point
  tvd_auc: 0.0 +/- 0.0
  When you roll dice, they land on 3 20% of the time.
    expected_dist: [0.15999988 0.15999988 0.20000048 0.15999988 0.15999988 0.15999988] +/- [1.6391277e-07 1.6391277e-07 4.4703484e-07 1.6391277e-07 1.6391277e-07
 1.6391277e-07]
    choice_probs: [0.23482367 0.17310298 0.13692818 0.27769528 0.08790198 0.08954791] +/- [0.28783484 0.29472141 0.21925878 0.32526574 0.17295463 0.16424521]
    tvd: 0.6143910229625413 +/- 0.126603492158748
    all_seq_probs: [[0.23482367 0.17310298 0.13692818 0.27769528 0.08790198 0.08954791]] +/- [[0.28783484 0.29472141 0.21925878 0.32526574 0.17295463 0.16424521]]
    kl_div: 3.092138892188668 +/- 1.6484737571428247
