unconditional_point
  kl_div: 0.24348966240882874 +/- 0.2502292782690899
  tvd: 0.2455002437159419 +/- 0.1378800197786042
  choice_probs: [0.48481337 0.51518663] +/- [0.28115944 0.28115946]
  all_seq_probs: [[0.48481337 0.51518663]] +/- [[0.28115944 0.28115946]]
  expected_dist: [0.5 0.5] +/- [0. 0.]
biased_point
  When I flip coins they land on heads 40% of the time.
    kl_div: 0.45519428241997956 +/- 0.40277642551303416
    tvd: 0.3360705959796906 +/- 0.1874700020906267
    choice_probs: [0.66302397 0.33697603] +/- [0.28090362 0.28090362]
    all_seq_probs: [[0.66302397 0.33697603]] +/- [[0.28090362 0.28090362]]
    expected_dist: [0.3999998  0.60000026] +/- [2.3841858e-07 2.3841858e-07]
  tvd_auc: 0.0 +/- 0.0
