biased_point
  When I roll dice, they land on 4 80% of the time.
    tvd: 0.2257201703172177 +/- 0.19560907409424624
    expected_dist: [0.03999999 0.03999999 0.03999999 0.7999996  0.03999999 0.03999999] +/- [2.2351742e-08 2.2351742e-08 2.2351742e-08 4.1723251e-07 2.2351742e-08
 2.2351742e-08]
    kl_div: 0.21417772629916726 +/- 0.27198396413139597
    choice_probs: [0.06365897 0.06137272 0.07209154 0.61960169 0.07947939 0.10379569] +/- [0.06168161 0.05000076 0.05827247 0.23602177 0.06085575 0.07730884]
    all_seq_probs: [[0.06365897 0.06137272 0.07209154 0.61960169 0.07947939 0.10379569]] +/- [[0.06168161 0.05000076 0.05827247 0.23602177 0.06085575 0.07730884]]
  tvd_auc: 0.0 +/- 0.0
