biased_point
  tvd_auc: 0.0 +/- 0.0
  When I flip coins they land on heads 40% of the time.
    tvd: 0.525387567281723 +/- 0.06031563755939187
    choice_probs: [0.9253125  0.07453735] +/- [0.0606898  0.06010353]
    kl_div: 1.087466400563717 +/- 0.4379874361138105
    all_seq_probs: [[0.9253125  0.07453735]] +/- [[0.0606898  0.06010353]]
    expected_dist: [0.3999998  0.60000026] +/- [2.3841858e-07 2.3841858e-07]
