unconditional_point
  choice_probs: [0.16389195 0.19215747 0.19708597 0.20034392 0.08785688 0.15866383] +/- [0.02979793 0.05109526 0.03615281 0.02906547 0.0591084  0.03465861]
  tvd: 0.13008716003969312 +/- 0.03373148207983652
  kl_div: 0.09026996150088962 +/- 0.04637769595181902
  expected_dist: [0.16666663 0.16666663 0.16666663 0.16666663 0.16666663 0.16666663] +/- [5.9604645e-08 5.9604645e-08 5.9604645e-08 5.9604645e-08 5.9604645e-08
 5.9604645e-08]
  all_seq_probs: [[0.16389195 0.19215747 0.19708597 0.20034392 0.08785688 0.15866383]] +/- [[0.02979793 0.05109526 0.03615281 0.02906547 0.0591084  0.03465861]]
biased_point
  When I roll dice, they land on 5 80% of the time.
    choice_probs: [0.11596462 0.12966361 0.13975491 0.17120799 0.31382336 0.12958551] +/- [0.04880207 0.07215142 0.05985886 0.05100628 0.21081521 0.06023108]
    tvd: 0.4886997029464692 +/- 0.20879910030703794
    kl_div: 0.7103420747656491 +/- 0.48028470336879986
    expected_dist: [0.03999999 0.03999999 0.03999999 0.03999999 0.7999996  0.03999999] +/- [2.2351742e-08 2.2351742e-08 2.2351742e-08 2.2351742e-08 4.1723251e-07
 2.2351742e-08]
    all_seq_probs: [[0.11596462 0.12966361 0.13975491 0.17120799 0.31382336 0.12958551]] +/- [[0.04880207 0.07215142 0.05985886 0.05100628 0.21081521 0.06023108]]
  tvd_auc: 0.0 +/- 0.0
