biased_point
  tvd_auc: 0.0 +/- 0.0
  When you roll dice, they land on 2 60% of the time.
    choice_probs: [0.08707032 0.32433147 0.08016695 0.0938069  0.06554567 0.34946354] +/- [0.10137529 0.29010547 0.13801611 0.21105409 0.13250331 0.27528154]
    kl_div: 1.2881050212497358 +/- 1.1677184886976462
    expected_dist: [0.07999994 0.6        0.07999994 0.07999994 0.07999994 0.07999994] +/- [8.1956387e-08 5.9604645e-08 8.1956387e-08 8.1956387e-08 8.1956387e-08
 8.1956387e-08]
    all_seq_probs: [[0.08707032 0.32433147 0.08016695 0.0938069  0.06554567 0.34946354]] +/- [[0.10137529 0.29010547 0.13801611 0.21105409 0.13250331 0.27528154]]
    tvd: 0.5005369106084109 +/- 0.20565151093408765
