biased_point
  tvd_auc: 0.0 +/- 0.0
  When I roll dice, they land on 5 20% of the time.
    tvd: 0.10146016117185354 +/- 0.06577367375366462
    kl_div: 0.04186142341932282 +/- 0.0786392556113325
    expected_dist: [0.15999994 0.15999994 0.15999994 0.15999994 0.1999999  0.15999994] +/- [7.4505806e-08 7.4505806e-08 7.4505806e-08 7.4505806e-08 1.1920929e-07
 7.4505806e-08]
    choice_probs: [0.1428359  0.1642359  0.1743744  0.16124938 0.20463575 0.15266869] +/- [0.04294786 0.03857417 0.04714545 0.04164123 0.04225212 0.07003641]
    all_seq_probs: [[0.1428359  0.1642359  0.1743744  0.16124938 0.20463575 0.15266869]] +/- [[0.04294786 0.03857417 0.04714545 0.04164123 0.04225212 0.07003641]]
