biased_point
  When you roll dice, they land on 2 40% of the time.
    tvd: 0.6851823223251178 +/- 0.19169756564482984
    choice_probs: [0.12486155 0.23126301 0.03902137 0.4965175  0.01607728 0.09225929] +/- [0.27174812 0.34242398 0.14435155 0.4317943  0.06163986 0.18192567]
    all_seq_probs: [[0.12486155 0.23126301 0.03902137 0.4965175  0.01607728 0.09225929]] +/- [[0.27174812 0.34242398 0.14435155 0.4317943  0.06163986 0.18192567]]
    expected_dist: [0.12000033 0.40000096 0.12000033 0.12000033 0.12000033 0.12000033] +/- [3.3527613e-07 9.2387199e-07 3.3527613e-07 3.3527613e-07 3.3527613e-07
 3.3527613e-07]
    kl_div: 4.0315004585069545 +/- 2.904925963289572
  tvd_auc: 0.0 +/- 0.0
unconditional_point
  tvd: 0.5367630946810219 +/- 0.1269144657827497
  choice_probs: [0.0283358  0.07167575 0.2126603  0.22760795 0.25584352 0.20387667] +/- [0.10665484 0.17644499 0.23571755 0.23111993 0.23949274 0.24661899]
  all_seq_probs: [[0.0283358  0.07167575 0.2126603  0.22760795 0.25584352 0.20387667]] +/- [[0.10665484 0.17644499 0.23571755 0.23111993 0.23949274 0.24661899]]
  expected_dist: [0.16666676 0.16666676 0.16666676 0.16666676 0.16666676 0.16666676] +/- [7.4505806e-08 7.4505806e-08 7.4505806e-08 7.4505806e-08 7.4505806e-08
 7.4505806e-08]
  kl_div: 2.376709569580038 +/- 1.1954100828423815
