biased_point
  When you roll dice, they land on 5 40% of the time.
    expected_dist: [0.12000033 0.12000033 0.12000033 0.12000033 0.40000096 0.12000033] +/- [3.3527613e-07 3.3527613e-07 3.3527613e-07 3.3527613e-07 9.2387199e-07
 3.3527613e-07]
    kl_div: 4.211315979489823 +/- 3.113387425324717
    choice_probs: [0.12328572 0.0614712  0.08578816 0.42737677 0.26044361 0.04163455] +/- [0.27051482 0.21329172 0.20303191 0.43633064 0.35788353 0.09327753]
    tvd: 0.676036025177455 +/- 0.19844906566087445
    all_seq_probs: [[0.12328572 0.0614712  0.08578816 0.42737677 0.26044361 0.04163455]] +/- [[0.27051482 0.21329172 0.20303191 0.43633064 0.35788353 0.09327753]]
  tvd_auc: 0.0 +/- 0.0
