biased_point
  When I roll dice, they land on 2 60% of the time.
    kl_div: 0.165704122526804 +/- 0.08996652210790602
    expected_dist: [0.07999998 0.60000026 0.07999998 0.07999998 0.07999998 0.07999998] +/- [4.4703484e-08 1.7881393e-07 4.4703484e-08 4.4703484e-08 4.4703484e-08
 4.4703484e-08]
    choice_probs: [0.15634179 0.40855849 0.12510947 0.10026958 0.09231909 0.11740158] +/- [0.06044493 0.14564099 0.04388716 0.04971008 0.04690404 0.0544368 ]
    all_seq_probs: [[0.15634179 0.40855849 0.12510947 0.10026958 0.09231909 0.11740158]] +/- [[0.06044493 0.14564099 0.04388716 0.04971008 0.04690404 0.0544368 ]]
    tvd: 0.24248167833313347 +/- 0.09166809399738841
  tvd_auc: 0.0 +/- 0.0
