biased_point
  When I roll dice, they land on 5 40% of the time.
    choice_probs: [0.1076696  0.14208878 0.11998338 0.15816401 0.30338662 0.16870762] +/- [0.05778679 0.0877015  0.05231097 0.05615646 0.12042724 0.0859765 ]
    kl_div: 0.145823377474444 +/- 0.12868289966955396
    expected_dist: [0.11999992 0.11999992 0.11999992 0.11999992 0.3999998  0.11999992] +/- [7.4505806e-08 7.4505806e-08 7.4505806e-08 7.4505806e-08 2.3841858e-07
 7.4505806e-08]
    all_seq_probs: [[0.1076696  0.14208878 0.11998338 0.15816401 0.30338662 0.16870762]] +/- [[0.05778679 0.0877015  0.05231097 0.05615646 0.12042724 0.0859765 ]]
    tvd: 0.2043949238397181 +/- 0.0889282158034147
  tvd_auc: 0.0 +/- 0.0
