biased_point
  tvd_auc: 0.0 +/- 0.0
  When you roll dice, they land on 4 80% of the time.
    choice_probs: [0.03786917 0.07491206 0.04172752 0.60851325 0.04284859 0.19412941] +/- [0.12966299 0.18517188 0.09445089 0.44397055 0.09116455 0.30873546]
    tvd: 0.424464416119332 +/- 0.32335914638016766
    expected_dist: [0.03999997 0.03999997 0.03999997 0.8000019  0.03999997 0.03999997] +/- [4.0978193e-08 4.0978193e-08 4.0978193e-08 1.9073486e-06 4.0978193e-08
 4.0978193e-08]
    all_seq_probs: [[0.03786917 0.07491206 0.04172752 0.60851325 0.04284859 0.19412941]] +/- [[0.12966299 0.18517188 0.09445089 0.44397055 0.09116455 0.30873546]]
    kl_div: 2.3891049443397203 +/- 3.01516664420181
