biased_point
  When I roll dice, they land on 6 0% of the time.
    choice_probs: [0.15925982 0.14519406 0.17326046 0.15007052 0.16198708 0.21022807] +/- [0.06432854 0.04589578 0.04919632 0.04980132 0.04664242 0.06903175]
    kl_div: 0.2873418451432036 +/- 0.11108416788749778
    tvd: 0.249311391703125 +/- 0.06710562027165123
    expected_dist: [1.9999990e-01 1.9999990e-01 1.9999990e-01 1.9999990e-01 1.9999990e-01
 1.0000003e-08] +/- [1.1920929e-07 1.1920929e-07 1.1920929e-07 1.1920929e-07 1.1920929e-07
 4.4408921e-15]
    all_seq_probs: [[0.15925982 0.14519406 0.17326046 0.15007052 0.16198708 0.21022807]] +/- [[0.06432854 0.04589578 0.04919632 0.04980132 0.04664242 0.06903175]]
  tvd_auc: 0.0 +/- 0.0
