biased_point
  tvd_auc: 0.0 +/- 0.0
  When I roll dice, they land on 5 60% of the time.
    choice_probs: [0.07806086 0.08052723 0.08898866 0.08980501 0.56963402 0.0929842 ] +/- [0.0248158  0.02008726 0.02368351 0.0189405  0.08571771 0.03158895]
    expected_dist: [0.07999997 0.07999997 0.07999997 0.07999997 0.60000026 0.07999997] +/- [2.9802322e-08 2.9802322e-08 2.9802322e-08 2.9802322e-08 2.3841858e-07
 2.9802322e-08]
    kl_div: 0.02734231082482438 +/- 0.023542975120354637
    tvd: 0.0871856002137065 +/- 0.04477909598614272
    all_seq_probs: [[0.07806086 0.08052723 0.08898866 0.08980501 0.56963402 0.0929842 ]] +/- [[0.0248158  0.02008726 0.02368351 0.0189405  0.08571771 0.03158895]]
