biased_point
  tvd_auc: 0.0 +/- 0.0
  When you roll dice, they land on 5 0% of the time.
    choice_probs: [0.09944429 0.22140733 0.15151859 0.08620379 0.20507823 0.23634777] +/- [0.0966946  0.16603823 0.10838674 0.07636755 0.08457373 0.17441654]
    all_seq_probs: [[0.09944429 0.22140733 0.15151859 0.08620379 0.20507823 0.23634777]] +/- [[0.0966946  0.16603823 0.10838674 0.07636755 0.08457373 0.17441654]]
    expected_dist: [2.0000048e-01 2.0000048e-01 2.0000048e-01 2.0000048e-01 9.9999795e-09
 2.0000048e-01] +/- [4.6193600e-07 4.6193600e-07 4.6193600e-07 4.6193600e-07 1.8651747e-14
 4.6193600e-07]
    tvd: 0.41315958822452636 +/- 0.10721197690400142
    kl_div: 0.7404328611032848 +/- 0.34216079756287654
