biased_point
  When you roll dice, they land on 5 40% of the time.
    kl_div: 0.46921515547965825 +/- 0.4064670032352688
    all_seq_probs: [[0.06002312 0.18542575 0.15598015 0.11046987 0.28438    0.20372112]] +/- [[0.10477279 0.14786617 0.12207317 0.08801768 0.20171022 0.19274931]]
    choice_probs: [0.06002312 0.18542575 0.15598015 0.11046987 0.28438    0.20372112] +/- [0.10477279 0.14786617 0.12207317 0.08801768 0.20171022 0.19274931]
    expected_dist: [0.12000033 0.12000033 0.12000033 0.12000033 0.40000096 0.12000033] +/- [3.3527613e-07 3.3527613e-07 3.3527613e-07 3.3527613e-07 9.2387199e-07
 3.3527613e-07]
    tvd: 0.3663070176875917 +/- 0.13969526082109615
  tvd_auc: 0.0 +/- 0.0
