biased_point
  When you roll dice, they land on 3 40% of the time.
    kl_div: 0.41979642151482405 +/- 0.4171255710420517
    all_seq_probs: [[0.07565762 0.20986414 0.3254845  0.17975199 0.11739611 0.09184565]] +/- [[0.04397299 0.22752682 0.20927575 0.12186423 0.11802709 0.07146079]]
    expected_dist: [0.12000033 0.12000033 0.40000096 0.12000033 0.12000033 0.12000033] +/- [3.3527613e-07 3.3527613e-07 9.2387199e-07 3.3527613e-07 3.3527613e-07
 3.3527613e-07]
    choice_probs: [0.07565762 0.20986414 0.3254845  0.17975199 0.11739611 0.09184565] +/- [0.04397299 0.22752682 0.20927575 0.12186423 0.11802709 0.07146079]
    tvd: 0.32466217151586896 +/- 0.15632025989933995
  tvd_auc: 0.0 +/- 0.0
unconditional_point
  kl_div: 0.8392679092286853 +/- 0.36652383178761017
  all_seq_probs: [[0.02626265 0.27202952 0.14789979 0.2032096  0.26765207 0.08294637]] +/- [[0.01585246 0.21462412 0.15304219 0.13493241 0.17070385 0.06348113]]
  expected_dist: [0.16666676 0.16666676 0.16666676 0.16666676 0.16666676 0.16666676] +/- [7.4505806e-08 7.4505806e-08 7.4505806e-08 7.4505806e-08 7.4505806e-08
 7.4505806e-08]
  choice_probs: [0.02626265 0.27202952 0.14789979 0.2032096  0.26765207 0.08294637] +/- [0.01585246 0.21462412 0.15304219 0.13493241 0.17070385 0.06348113]
  tvd: 0.40411093582297325 +/- 0.10252088036798605
