unconditional_point
  choice_probs: [0.24264848 0.17372184 0.16876204 0.14333465 0.12484415 0.14668883] +/- [0.21865132 0.05594097 0.07732029 0.12945796 0.06168822 0.09005362]
  tvd: 0.22926357232499867 +/- 0.177636805153427
  kl_div: 0.23075907051796093 +/- 0.3821104971966296
  expected_dist: [0.16666663 0.16666663 0.16666663 0.16666663 0.16666663 0.16666663] +/- [5.9604645e-08 5.9604645e-08 5.9604645e-08 5.9604645e-08 5.9604645e-08
 5.9604645e-08]
  all_seq_probs: [[0.24264848 0.17372184 0.16876204 0.14333465 0.12484415 0.14668883]] +/- [[0.21865132 0.05594097 0.07732029 0.12945796 0.06168822 0.09005362]]
biased_point
  When I roll dice, they land on 1 60% of the time.
    choice_probs: [0.35573301 0.15732049 0.14212883 0.11551344 0.10227427 0.12702996] +/- [0.24177024 0.06023261 0.07450123 0.1077759  0.0548513  0.07476455]
    tvd: 0.334152216874063 +/- 0.12284435057068804
    kl_div: 0.33837386483093723 +/- 0.23154306581318884
    expected_dist: [0.60000026 0.07999998 0.07999998 0.07999998 0.07999998 0.07999998] +/- [1.7881393e-07 4.4703484e-08 4.4703484e-08 4.4703484e-08 4.4703484e-08
 4.4703484e-08]
    all_seq_probs: [[0.35573301 0.15732049 0.14212883 0.11551344 0.10227427 0.12702996]] +/- [[0.24177024 0.06023261 0.07450123 0.1077759  0.0548513  0.07476455]]
  tvd_auc: 0.0 +/- 0.0
