biased_point
  tvd_auc: 0.0 +/- 0.0
  When I roll dice, they land on 5 20% of the time.
    expected_dist: [0.15999994 0.15999994 0.15999994 0.15999994 0.1999999  0.15999994] +/- [7.4505806e-08 7.4505806e-08 7.4505806e-08 7.4505806e-08 1.1920929e-07
 7.4505806e-08]
    choice_probs: [0.15907071 0.17922526 0.15075762 0.14676236 0.22643129 0.13775276] +/- [0.06523675 0.08063333 0.03929366 0.05057104 0.0880603  0.06179896]
    kl_div: 0.07469421572051943 +/- 0.09446640916378972
    all_seq_probs: [[0.15907071 0.17922526 0.15075762 0.14676236 0.22643129 0.13775276]] +/- [[0.06523675 0.08063333 0.03929366 0.05057104 0.0880603  0.06179896]]
    tvd: 0.14347753359004856 +/- 0.08167690461209166
