biased_point
  tvd_auc: 0.0 +/- 0.0
  When I roll dice, they land on 4 20% of the time.
    all_seq_probs: [[0.14078043 0.19543652 0.1605389  0.25870012 0.11700318 0.12754087]] +/- [[0.06146696 0.05171164 0.08221593 0.12690315 0.05903948 0.05554985]]
    expected_dist: [0.15999994 0.15999994 0.15999994 0.1999999  0.15999994 0.15999994] +/- [7.4505806e-08 7.4505806e-08 7.4505806e-08 1.1920929e-07 7.4505806e-08
 7.4505806e-08]
    kl_div: 0.1385819556741808 +/- 0.2259058181775144
    choice_probs: [0.14078043 0.19543652 0.1605389  0.25870012 0.11700318 0.12754087] +/- [0.06146696 0.05171164 0.08221593 0.12690315 0.05903948 0.05554985]
    tvd: 0.1784590037399903 +/- 0.12119873021304137
