unconditional_point
  expected_dist: [0.5 0.5] +/- [0. 0.]
  choice_probs: [0.31134754 0.68865246] +/- [0.14561516 0.14561515]
  kl_div: 0.15502648788690568 +/- 0.17434083735676317
  all_seq_probs: [[0.31134754 0.68865246]] +/- [[0.14561516 0.14561515]]
  tvd: 0.2004473112821579 +/- 0.12889686245406376
biased_point
  tvd_auc: 0.0 +/- 0.0
  When you flip coins, they land on heads 100% of the time.
    expected_dist: [1.0000000e+00 9.9999795e-09] +/- [0.0000000e+00 1.8651747e-14]
    choice_probs: [0.89325992 0.10674009] +/- [0.16396451 0.16396451]
    kl_div: 0.13497314296997484 +/- 0.2250579449098431
    all_seq_probs: [[0.89325992 0.10674009]] +/- [[0.16396451 0.16396451]]
    tvd: 0.10674008153871807 +/- 0.16396450840694582
