biased_point
  When I roll dice, they land on 6 0% of the time.
    kl_div: 0.21946811985650214 +/- 0.13111558919013538
    tvd: 0.21930798362129544 +/- 0.08400035679607486
    choice_probs: [0.16492345 0.22504894 0.19049282 0.17566195 0.14642697 0.09744587] +/- [0.10341192 0.08231927 0.06972928 0.08603047 0.06161267 0.04206428]
    all_seq_probs: [[0.16492345 0.22504894 0.19049282 0.17566195 0.14642697 0.09744587]] +/- [[0.10341192 0.08231927 0.06972928 0.08603047 0.06161267 0.04206428]]
    expected_dist: [1.9999990e-01 1.9999990e-01 1.9999990e-01 1.9999990e-01 1.9999990e-01
 1.0000003e-08] +/- [1.1920929e-07 1.1920929e-07 1.1920929e-07 1.1920929e-07 1.1920929e-07
 4.4408921e-15]
  tvd_auc: 0.0 +/- 0.0
