biased_point
  When you flip coins, they land on heads 50% of the time.
    choice_probs: [0.56766711 0.4323329 ] +/- [0.32219112 0.32219112]
    tvd: 0.30260762650892137 +/- 0.12967104546564562
    expected_dist: [0.5 0.5] +/- [0. 0.]
    kl_div: 0.35404813253879547 +/- 0.2828641274367305
    all_seq_probs: [[0.56766711 0.4323329 ]] +/- [[0.32219112 0.32219112]]
  tvd_auc: 0.0 +/- 0.0
unconditional_point
  choice_probs: [0.57659832 0.42340169] +/- [0.36676659 0.36676659]
  tvd: 0.3569771231524646 +/- 0.1138084528337137
  expected_dist: [0.5 0.5] +/- [0. 0.]
  kl_div: 0.5267119306921959 +/- 0.3545848090203552
  all_seq_probs: [[0.57659832 0.42340169]] +/- [[0.36676659 0.36676659]]
