unconditional_point
  choice_probs: [0.10638001 0.89362001] +/- [0.08071152 0.08071152]
  all_seq_probs: [[0.10638001 0.89362001]] +/- [[0.08071152 0.08071152]]
  tvd: 0.3942423720024526 +/- 0.07761446859930254
  kl_div: 0.5937306905388832 +/- 0.2735076194871549
  expected_dist: [0.5 0.5] +/- [0. 0.]
biased_point
  When you flip coins, they land on heads 0% of the time.
    choice_probs: [0.01106748 0.98893253] +/- [0.00829822 0.00829822]
    all_seq_probs: [[0.01106748 0.98893253]] +/- [[0.00829822 0.00829822]]
    tvd: 0.011067466927498455 +/- 0.008298219454691353
    kl_div: 0.011164585410384063 +/- 0.008453742371660813
    expected_dist: [9.9999795e-09 1.0000000e+00] +/- [1.8651747e-14 0.0000000e+00]
  tvd_auc: 0.0 +/- 0.0
