biased_point
  tvd_auc: 0.0 +/- 0.0
  When I roll dice, they land on 5 40% of the time.
    tvd: 0.13653057662770152 +/- 0.05295568529836626
    kl_div: 0.06027175953193364 +/- 0.04483287234185223
    all_seq_probs: [[0.11293573 0.12833103 0.14407397 0.15077815 0.33344822 0.13043289]] +/- [[0.0401065  0.04259504 0.04450604 0.04654192 0.09355602 0.03947551]]
    expected_dist: [0.11999992 0.11999992 0.11999992 0.11999992 0.3999998  0.11999992] +/- [7.4505806e-08 7.4505806e-08 7.4505806e-08 7.4505806e-08 2.3841858e-07
 7.4505806e-08]
    choice_probs: [0.11293573 0.12833103 0.14407397 0.15077815 0.33344822 0.13043289] +/- [0.0401065  0.04259504 0.04450604 0.04654192 0.09355602 0.03947551]
