unconditional_point
  expected_dist: [0.16666663 0.16666663 0.16666663 0.16666663 0.16666663 0.16666663] +/- [5.9604645e-08 5.9604645e-08 5.9604645e-08 5.9604645e-08 5.9604645e-08
 5.9604645e-08]
  kl_div: 0.3957619713083841 +/- 0.19252311036557837
  choice_probs: [0.0617472  0.2253626  0.27515205 0.1916587  0.13158935 0.11449012] +/- [0.03452565 0.14207172 0.14320776 0.11873515 0.08710303 0.07314702]
  all_seq_probs: [[0.0617472  0.2253626  0.27515205 0.1916587  0.13158935 0.11449012]] +/- [[0.03452565 0.14207172 0.14320776 0.11873515 0.08710303 0.07314702]]
  tvd: 0.3101732998667285 +/- 0.08734051556909361
biased_point
  tvd_auc: 0.0 +/- 0.0
  When I roll dice, they land on 4 20% of the time.
    expected_dist: [0.15999994 0.15999994 0.15999994 0.1999999  0.15999994 0.15999994] +/- [7.4505806e-08 7.4505806e-08 7.4505806e-08 1.1920929e-07 7.4505806e-08
 7.4505806e-08]
    kl_div: 0.19765887314017164 +/- 0.0985856878589036
    choice_probs: [0.09793573 0.25195174 0.2362403  0.13942522 0.13155827 0.14288875] +/- [0.04837243 0.09530322 0.10246729 0.0585895  0.05479874 0.0686803 ]
    all_seq_probs: [[0.09793573 0.25195174 0.2362403  0.13942522 0.13155827 0.14288875]] +/- [[0.04837243 0.09530322 0.10246729 0.0585895  0.05479874 0.0686803 ]]
    tvd: 0.23522765036672355 +/- 0.07173337489350874
