biased_point
  tvd_auc: 0.0 +/- 0.0
  When I roll dice, they land on 1 100% of the time.
    tvd: 0.014021965359910933 +/- 0.011276061243142848
    kl_div: 0.01418688159497151 +/- 0.011550003889600705
    all_seq_probs: [[0.98597801 0.00587753 0.00174482 0.00129815 0.00192983 0.00317167]] +/- [[0.01127606 0.00458864 0.0016727  0.00122535 0.00171302 0.00235824]]
    expected_dist: [1.0000000e+00 1.0000003e-08 1.0000003e-08 1.0000003e-08 1.0000003e-08
 1.0000003e-08] +/- [0.000000e+00 4.440892e-15 4.440892e-15 4.440892e-15 4.440892e-15
 4.440892e-15]
    choice_probs: [0.98597801 0.00587753 0.00174482 0.00129815 0.00192983 0.00317167] +/- [0.01127606 0.00458864 0.0016727  0.00122535 0.00171302 0.00235824]
