unconditional_point
  tvd: 0.12907009452581406 +/- 0.04566007659027995
  expected_dist: [0.16666663 0.16666663 0.16666663 0.16666663 0.16666663 0.16666663] +/- [5.9604645e-08 5.9604645e-08 5.9604645e-08 5.9604645e-08 5.9604645e-08
 5.9604645e-08]
  all_seq_probs: [[0.19108429 0.17860668 0.1868688  0.16844884 0.14930777 0.12568364]] +/- [[0.03042688 0.06027213 0.03854407 0.04605828 0.0634174  0.04883453]]
  choice_probs: [0.19108429 0.17860668 0.1868688  0.16844884 0.14930777 0.12568364] +/- [0.03042688 0.06027213 0.03854407 0.04605828 0.0634174  0.04883453]
  kl_div: 0.06239261537833954 +/- 0.03977716020832098
biased_point
  When I roll dice, they land on 5 40% of the time.
    tvd: 0.20447038352489472 +/- 0.08177792562219839
    expected_dist: [0.11999992 0.11999992 0.11999992 0.11999992 0.3999998  0.11999992] +/- [7.4505806e-08 7.4505806e-08 7.4505806e-08 7.4505806e-08 2.3841858e-07
 7.4505806e-08]
    all_seq_probs: [[0.12473955 0.11083976 0.13055249 0.20696469 0.3042273  0.12267622]] +/- [[0.05581619 0.08602614 0.05634759 0.0783693  0.11072558 0.04532819]]
    choice_probs: [0.12473955 0.11083976 0.13055249 0.20696469 0.3042273  0.12267622] +/- [0.05581619 0.08602614 0.05634759 0.0783693  0.11072558 0.04532819]
    kl_div: 0.13359655128829218 +/- 0.09069997143606978
  tvd_auc: 0.0 +/- 0.0
