biased_point
  tvd_auc: 0.0 +/- 0.0
  When you flip coins, they land on heads 0% of the time.
    choice_probs: [0.00455374 0.99544628] +/- [0.00157724 0.00157726]
    all_seq_probs: [[0.00455374 0.99544628]] +/- [[0.00157724 0.00157726]]
    kl_div: 0.004565248501016555 +/- 0.0015855768795270985
    tvd: 0.00455372541378426 +/- 0.0015772483524907485
    expected_dist: [9.9999795e-09 1.0000000e+00] +/- [1.8651747e-14 0.0000000e+00]
unconditional_point
  choice_probs: [0.02181917 0.97818081] +/- [0.00794442 0.00794441]
  all_seq_probs: [[0.02181917 0.97818081]] +/- [[0.00794442 0.00794441]]
  kl_div: 1.2629466813802719 +/- 0.17777231076844366
  tvd: 0.4781808216460049 +/- 0.007944417603775513
  expected_dist: [0.5 0.5] +/- [0. 0.]
