biased_point
  tvd_auc: 0.0 +/- 0.0
  When I roll dice, they land on 4 40% of the time.
    expected_dist: [0.11999992 0.11999992 0.11999992 0.3999998  0.11999992 0.11999992] +/- [7.4505806e-08 7.4505806e-08 7.4505806e-08 2.3841858e-07 7.4505806e-08
 7.4505806e-08]
    tvd: 0.11954374723136425 +/- 0.0471977931563446
    kl_div: 0.04369628038781229 +/- 0.031461543031246715
    choice_probs: [0.13535876 0.12798339 0.13418952 0.30074207 0.13778037 0.16394588] +/- [0.02422575 0.02251559 0.02247529 0.06311782 0.0241179  0.03309075]
    all_seq_probs: [[0.13535876 0.12798339 0.13418952 0.30074207 0.13778037 0.16394588]] +/- [[0.02422575 0.02251559 0.02247529 0.06311782 0.0241179  0.03309075]]
