biased_point
  tvd_auc: 0.0 +/- 0.0
  When I roll dice, they land on 3 20% of the time.
    choice_probs: [0.1433636  0.18395002 0.19491357 0.15966644 0.16244809 0.15565831] +/- [0.03500389 0.02440483 0.02587676 0.02327411 0.0184075  0.04009515]
    all_seq_probs: [[0.1433636  0.18395002 0.19491357 0.15966644 0.16244809 0.15565831]] +/- [[0.03500389 0.02440483 0.02587676 0.02327411 0.0184075  0.04009515]]
    kl_div: 0.030575693106839025 +/- 0.07093042875789944
    tvd: 0.06575049770530313 +/- 0.03738891694963172
    expected_dist: [0.15999995 0.15999995 0.1999999  0.15999995 0.15999995 0.15999995] +/- [8.9406967e-08 8.9406967e-08 1.3411045e-07 8.9406967e-08 8.9406967e-08
 8.9406967e-08]
