biased_point
  When I roll dice, they land on 4 80% of the time.
    all_seq_probs: [[0.05926207 0.06717726 0.09021609 0.65127881 0.0688752  0.06319057]] +/- [[0.04803766 0.04433074 0.05116272 0.15775283 0.04795542 0.04961391]]
    kl_div: 0.14908990155148785 +/- 0.135384615084195
    expected_dist: [0.03999999 0.03999999 0.03999999 0.7999996  0.03999999 0.03999999] +/- [2.2351742e-08 2.2351742e-08 2.2351742e-08 4.1723251e-07 2.2351742e-08
 2.2351742e-08]
    tvd: 0.19177803547354416 +/- 0.1240877110593165
    choice_probs: [0.05926207 0.06717726 0.09021609 0.65127881 0.0688752  0.06319057] +/- [0.04803766 0.04433074 0.05116272 0.15775283 0.04795542 0.04961391]
  tvd_auc: 0.0 +/- 0.0
