biased_point
  tvd_auc: 0.0 +/- 0.0
  When I roll dice, they land on 1 60% of the time.
    tvd: 0.5211795070208609 +/- 0.1675403267509144
    choice_probs: [0.1810483  0.18861443 0.09411822 0.05976125 0.06262169 0.41383611] +/- [0.1669469  0.10564069 0.09288005 0.05402425 0.05315313 0.21703272]
    all_seq_probs: [[0.1810483  0.18861443 0.09411822 0.05976125 0.06262169 0.41383611]] +/- [[0.1669469  0.10564069 0.09288005 0.05402425 0.05315313 0.21703272]]
    expected_dist: [0.60000026 0.07999998 0.07999998 0.07999998 0.07999998 0.07999998] +/- [1.7881393e-07 4.4703484e-08 4.4703484e-08 4.4703484e-08 4.4703484e-08
 4.4703484e-08]
    kl_div: 0.8155598107294645 +/- 0.4341016046932424
unconditional_point
  tvd: 0.22927157163619996 +/- 0.10451597623624355
  choice_probs: [0.08734545 0.32951434 0.18227719 0.14899816 0.13400993 0.11785494] +/- [0.0577211  0.15956992 0.03320566 0.04847837 0.06868811 0.03924925]
  all_seq_probs: [[0.08734545 0.32951434 0.18227719 0.14899816 0.13400993 0.11785494]] +/- [[0.0577211  0.15956992 0.03320566 0.04847837 0.06868811 0.03924925]]
  expected_dist: [0.16666663 0.16666663 0.16666663 0.16666663 0.16666663 0.16666663] +/- [5.9604645e-08 5.9604645e-08 5.9604645e-08 5.9604645e-08 5.9604645e-08
 5.9604645e-08]
  kl_div: 0.20200301780510926 +/- 0.1512929874312093
