biased_point
  When you flip coins, they land on heads 30% of the time.
    expected_dist: [0.3       0.6999983] +/- [0.00000e+00 1.66893e-06]
    tvd: 0.2750626084432006 +/- 0.20108463433624896
    all_seq_probs: [[0.5565857  0.44341431]] +/- [[0.22418353 0.22418353]]
    choice_probs: [0.5565857  0.44341431] +/- [0.22418353 0.22418353]
    kl_div: 0.2886328575760126 +/- 0.34270191716791887
  tvd_auc: 0.0 +/- 0.0
unconditional_point
  expected_dist: [0.5 0.5] +/- [0. 0.]
  tvd: 0.25206088421866296 +/- 0.1462101355295766
  all_seq_probs: [[0.60485164 0.39514837]] +/- [[0.27187907 0.27187907]]
  choice_probs: [0.60485164 0.39514837] +/- [0.27187907 0.27187907]
  kl_div: 0.27435838037729265 +/- 0.28492216586629493
