biased_point
  tvd_auc: 0.0 +/- 0.0
  When I flip coins they land on heads 30% of the time.
    expected_dist: [0.30000013 0.7000003 ] +/- [1.1920929e-07 2.9802322e-07]
    tvd: 0.06118313401937485 +/- 0.04427887387506488
    all_seq_probs: [[0.28287476 0.71712523]] +/- [[0.0735576 0.0735576]]
    kl_div: 0.01571470545604825 +/- 0.022945794233217277
    choice_probs: [0.28287476 0.71712523] +/- [0.0735576 0.0735576]
unconditional_point
  expected_dist: [0.5 0.5] +/- [0. 0.]
  tvd: 0.21698568940162657 +/- 0.07056281792010795
  all_seq_probs: [[0.2830143  0.71698568]] +/- [[0.07056282 0.07056282]]
  kl_div: 0.12439881950616836 +/- 0.09099225248513905
  choice_probs: [0.2830143  0.71698568] +/- [0.07056282 0.07056282]
