biased_point
  When I roll dice, they land on 5 20% of the time.
    kl_div: 0.019377529231751397 +/- 0.03604154395526408
    all_seq_probs: [[0.1415406  0.17357537 0.15549793 0.16164304 0.20828227 0.15946081]] +/- [[0.02953594 0.02256677 0.0203522  0.01931762 0.02757639 0.03491778]]
    expected_dist: [0.15999994 0.15999994 0.15999994 0.15999994 0.1999999  0.15999994] +/- [7.4505806e-08 7.4505806e-08 7.4505806e-08 7.4505806e-08 1.1920929e-07
 7.4505806e-08]
    choice_probs: [0.1415406  0.17357537 0.15549793 0.16164304 0.20828227 0.15946081] +/- [0.02953594 0.02256677 0.0203522  0.01931762 0.02757639 0.03491778]
    tvd: 0.05951889384537935 +/- 0.03248205854414591
  tvd_auc: 0.0 +/- 0.0
