biased_point
  When you flip coins, they land on heads 100% of the time.
    tvd: 0.36857686640628784 +/- 0.24318039462149343
    expected_dist: [1.0000000e+00 9.9999795e-09] +/- [0.0000000e+00 1.8651747e-14]
    kl_div: 0.5842345481766106 +/- 0.5798006267239256
    choice_probs: [0.63142313 0.36857687] +/- [0.24318039 0.2431804 ]
    all_seq_probs: [[0.63142313 0.36857687]] +/- [[0.24318039 0.2431804 ]]
  tvd_auc: 0.0 +/- 0.0
unconditional_point
  tvd: 0.42996375636092854 +/- 0.10065208693912678
  expected_dist: [0.5 0.5] +/- [0. 0.]
  kl_div: 1.1684285481572152 +/- 0.7021824826503985
  choice_probs: [0.0901026  0.90989739] +/- [0.16426746 0.16426747]
  all_seq_probs: [[0.0901026  0.90989739]] +/- [[0.16426746 0.16426747]]
