biased_point
  When I roll dice, they land on 2 80% of the time.
    tvd: 0.23946839987998828 +/- 0.11232060502701897
    all_seq_probs: [[0.10363261 0.62047705 0.0787491  0.06080952 0.05659762 0.0797341 ]] +/- [[0.07075112 0.18188736 0.05939769 0.04535401 0.05542506 0.05397702]]
    expected_dist: [0.03999999 0.7999996  0.03999999 0.03999999 0.03999999 0.03999999] +/- [2.2351742e-08 3.5762787e-07 2.2351742e-08 2.2351742e-08 2.2351742e-08
 2.2351742e-08]
    kl_div: 0.21158778365454053 +/- 0.12779284286169806
    choice_probs: [0.10363261 0.62047705 0.0787491  0.06080952 0.05659762 0.0797341 ] +/- [0.07075112 0.18188736 0.05939769 0.04535401 0.05542506 0.05397702]
  tvd_auc: 0.0 +/- 0.0
