biased_point
  tvd_auc: 0.0 +/- 0.0
  When you flip coins, they land on heads 90% of the time.
    expected_dist: [0.899998   0.10000024] +/- [1.9669533e-06 2.3841858e-07]
    all_seq_probs: [[0.95964002 0.04035998]] +/- [[0.06744186 0.06744186]]
    choice_probs: [0.95964002 0.04035998] +/- [0.06744186 0.06744186]
    kl_div: 0.14002296986524015 +/- 0.13823714305759793
    tvd: 0.07863259960151844 +/- 0.043843496872185146
unconditional_point
  expected_dist: [0.5 0.5] +/- [0. 0.]
  all_seq_probs: [[0.90622096 0.09377905]] +/- [[0.09010721 0.0901072 ]]
  choice_probs: [0.90622096 0.09377905] +/- [0.09010721 0.0901072 ]
  kl_div: 0.8202878037691116 +/- 0.5622410256215495
  tvd: 0.4062209558417089 +/- 0.09010720436303389
