biased_point
  tvd_auc: 0.0 +/- 0.0
  When I roll dice, they land on 2 60% of the time.
    kl_div: 0.34849971453484613 +/- 0.18744607802417496
    tvd: 0.3547051165951416 +/- 0.08133572244825903
    all_seq_probs: [[0.10130651 0.27998822 0.1366639  0.11761905 0.09750631 0.26691602]] +/- [[0.06256646 0.08960475 0.07018704 0.04363386 0.0509488  0.11992119]]
    expected_dist: [0.07999998 0.60000026 0.07999998 0.07999998 0.07999998 0.07999998] +/- [4.4703484e-08 1.7881393e-07 4.4703484e-08 4.4703484e-08 4.4703484e-08
 4.4703484e-08]
    choice_probs: [0.10130651 0.27998822 0.1366639  0.11761905 0.09750631 0.26691602] +/- [0.06256646 0.08960475 0.07018704 0.04363386 0.0509488  0.11992119]
