biased_point
  When you roll dice, they land on 4 20% of the time.
    all_seq_probs: [[0.11506477 0.1663866  0.14372906 0.13026143 0.17903458 0.26552354]] +/- [[0.05521902 0.08165778 0.05434916 0.04154789 0.06570266 0.09461323]]
    expected_dist: [0.15999988 0.15999988 0.15999988 0.20000048 0.15999988 0.15999988] +/- [1.3411045e-07 1.3411045e-07 1.3411045e-07 4.6193600e-07 1.3411045e-07
 1.3411045e-07]
    tvd: 0.2014769517444074 +/- 0.08606607489386772
    choice_probs: [0.11506477 0.1663866  0.14372906 0.13026143 0.17903458 0.26552354] +/- [0.05521902 0.08165778 0.05434916 0.04154789 0.06570266 0.09461323]
    kl_div: 0.13622802638851864 +/- 0.11449285625351989
  tvd_auc: 0.0 +/- 0.0
