biased_point
  tvd_auc: 0.0 +/- 0.0
  When I roll dice, they land on 3 40% of the time.
    tvd: 0.1796234741806984 +/- 0.0564318075471868
    kl_div: 0.10130406327632954 +/- 0.05590168041257684
    expected_dist: [0.11999992 0.11999992 0.3999998  0.11999992 0.11999992 0.11999992] +/- [7.4505806e-08 7.4505806e-08 2.3841858e-07 7.4505806e-08 7.4505806e-08
 7.4505806e-08]
    choice_probs: [0.13451971 0.1641444  0.27254026 0.15051985 0.15310822 0.12516757] +/- [0.0441763  0.03386092 0.12221579 0.03215459 0.0455523  0.03987684]
    all_seq_probs: [[0.13451971 0.1641444  0.27254026 0.15051985 0.15310822 0.12516757]] +/- [[0.0441763  0.03386092 0.12221579 0.03215459 0.0455523  0.03987684]]
