biased_point
  tvd_auc: 0.0 +/- 0.0
  When I roll dice, they land on 4 0% of the time.
    choice_probs: [0.18250663 0.16670514 0.12857452 0.22311296 0.13385643 0.16524432] +/- [0.11074749 0.08949274 0.04753248 0.07936726 0.07177832 0.10194845]
    kl_div: 0.4066383146160982 +/- 0.2432239329676577
    all_seq_probs: [[0.18250663 0.16670514 0.12857452 0.22311296 0.13385643 0.16524432]] +/- [[0.11074749 0.08949274 0.04753248 0.07936726 0.07177832 0.10194845]]
    expected_dist: [1.9999990e-01 1.9999990e-01 1.9999990e-01 1.0000003e-08 1.9999990e-01
 1.9999990e-01] +/- [1.1920929e-07 1.1920929e-07 1.1920929e-07 4.4408921e-15 1.1920929e-07
 1.1920929e-07]
    tvd: 0.31136201765508564 +/- 0.11694435213100633
