biased_point
  When you flip coins, they land on heads 10% of the time.
    all_seq_probs: [[0.64051569 0.35948431]] +/- [[0.07755352 0.07755353]]
    expected_dist: [0.10000024 0.899998  ] +/- [2.3841858e-07 1.9669533e-06]
    choice_probs: [0.64051569 0.35948431] +/- [0.07755352 0.07755353]
    tvd: 0.5405156769454479 +/- 0.07755352261676748
    kl_div: 0.6622346389591693 +/- 0.18594425049934177
  tvd_auc: 0.0 +/- 0.0
unconditional_point
  all_seq_probs: [[0.91170776 0.08829223]] +/- [[0.06660301 0.06660302]]
  expected_dist: [0.5 0.5] +/- [0. 0.]
  choice_probs: [0.91170776 0.08829223] +/- [0.06660301 0.06660302]
  tvd: 0.4122071151249111 +/- 0.06343926070908917
  kl_div: 0.6496420845389366 +/- 0.23383449503764264
