biased_point
  When I flip coins they land on heads 80% of the time.
    choice_probs: [0.91125    0.09109985] +/- [0.06726485 0.06521696]
    kl_div: 0.09349996611475944 +/- 0.08004416091705754
    tvd: 0.12147741973400115 +/- 0.04166604683625731
    all_seq_probs: [[0.91125    0.09109985]] +/- [[0.06726485 0.06521696]]
    expected_dist: [0.7999996 0.1999999] +/- [4.1723251e-07 1.1920929e-07]
  tvd_auc: 0.0 +/- 0.0
