biased_point
  When you flip coins, they land on heads 40% of the time.
    choice_probs: [0.72050584 0.27949416] +/- [0.28831966 0.28831966]
    tvd: 0.39392384204990233 +/- 0.1751462789340821
    kl_div: 0.8402733597829938 +/- 0.8996344604436352
    all_seq_probs: [[0.72050584 0.27949416]] +/- [[0.28831966 0.28831966]]
    expected_dist: [0.40000096 0.6       ] +/- [9.23872e-07 0.00000e+00]
  tvd_auc: 0.0 +/- 0.0
unconditional_point
  choice_probs: [0.67696005 0.32303996] +/- [0.29866277 0.29866277]
  tvd: 0.31127440551412294 +/- 0.153696304509934
  kl_div: 0.6014298722147942 +/- 0.6999064797797788
  all_seq_probs: [[0.67696005 0.32303996]] +/- [[0.29866277 0.29866277]]
  expected_dist: [0.5 0.5] +/- [0. 0.]
