unconditional_point
  kl_div: 4.751224847197532 +/- 1.5165506792737546
  expected_dist: [0.5 0.5] +/- [0. 0.]
  tvd: 0.4941189126444134 +/- 0.0409058332753546
  choice_probs: [0.99411892 0.00588109] +/- [0.04090583 0.04090583]
  all_seq_probs: [[0.99411892 0.00588109]] +/- [[0.04090583 0.04090583]]
biased_point
  tvd_auc: 0.0 +/- 0.0
  When you flip coins, they land on heads 10% of the time.
    kl_div: 4.306597992509603 +/- 3.131289881150365
    expected_dist: [0.10000024 0.899998  ] +/- [2.3841858e-07 1.9669533e-06]
    tvd: 0.8225736399846317 +/- 0.14715541960637218
    choice_probs: [0.92257366 0.07742635] +/- [0.14715542 0.14715542]
    all_seq_probs: [[0.92257366 0.07742635]] +/- [[0.14715542 0.14715542]]
