biased_point
  When you flip coins, they land on heads 80% of the time.
    tvd: 0.07450472539663315 +/- 0.04811745741878394
    kl_div: 0.019704052976798267 +/- 0.020616476306878115
    expected_dist: [0.8000019  0.20000048] +/- [1.9073486e-06 4.6193600e-07]
    all_seq_probs: [[0.72690041 0.27309958]] +/- [[0.05022645 0.05022643]]
    choice_probs: [0.72690041 0.27309958] +/- [0.05022645 0.05022643]
  tvd_auc: 0.0 +/- 0.0
unconditional_point
  tvd: 0.22386134481430053 +/- 0.05173822991587494
  kl_div: 0.12235043424367904 +/- 0.06267257712041235
  expected_dist: [0.5 0.5] +/- [0. 0.]
  all_seq_probs: [[0.72386134 0.27613865]] +/- [[0.05173824 0.05173822]]
  choice_probs: [0.72386134 0.27613865] +/- [0.05173824 0.05173822]
