biased_point
  When you roll dice, they land on 1 40% of the time.
    tvd: 0.3886933347475715 +/- 0.17045925492620317
    expected_dist: [0.40000096 0.12000033 0.12000033 0.12000033 0.12000033 0.12000033] +/- [9.2387199e-07 3.3527613e-07 3.3527613e-07 3.3527613e-07 3.3527613e-07
 3.3527613e-07]
    kl_div: 0.594922424719145 +/- 0.5041452995303958
    choice_probs: [0.20615538 0.3071926  0.11934167 0.1758447  0.10157325 0.0898924 ] +/- [0.17076567 0.25084044 0.13374614 0.08658723 0.11217158 0.05988461]
    all_seq_probs: [[0.20615538 0.3071926  0.11934167 0.1758447  0.10157325 0.0898924 ]] +/- [[0.17076567 0.25084044 0.13374614 0.08658723 0.11217158 0.05988461]]
  tvd_auc: 0.0 +/- 0.0
unconditional_point
  tvd: 0.4792758678690516 +/- 0.15918788223420763
  expected_dist: [0.16666676 0.16666676 0.16666676 0.16666676 0.16666676 0.16666676] +/- [7.4505806e-08 7.4505806e-08 7.4505806e-08 7.4505806e-08 7.4505806e-08
 7.4505806e-08]
  kl_div: 1.1738595814822474 +/- 0.8823969113807092
  choice_probs: [0.01702758 0.40548892 0.17923739 0.16575703 0.17125431 0.06123478] +/- [0.01491753 0.32832289 0.15423057 0.11543415 0.19385764 0.05856413]
  all_seq_probs: [[0.01702758 0.40548892 0.17923739 0.16575703 0.17125431 0.06123478]] +/- [[0.01491753 0.32832289 0.15423057 0.11543415 0.19385764 0.05856413]]
