biased_point
  tvd_auc: 0.0 +/- 0.0
  When I roll dice, they land on 4 0% of the time.
    all_seq_probs: [[0.15243182 0.14755643 0.18204502 0.2190408  0.13924162 0.15968432]] +/- [[0.06891189 0.06924865 0.07525755 0.09029608 0.05235221 0.05710491]]
    expected_dist: [1.9999990e-01 1.9999990e-01 1.9999990e-01 1.0000003e-08 1.9999990e-01
 1.9999990e-01] +/- [1.1920929e-07 1.1920929e-07 1.1920929e-07 4.4408921e-15 1.1920929e-07
 1.1920929e-07]
    tvd: 0.2748198178701958 +/- 0.10197822512929475
    kl_div: 0.3505536340590501 +/- 0.2292989460499843
    choice_probs: [0.15243182 0.14755643 0.18204502 0.2190408  0.13924162 0.15968432] +/- [0.06891189 0.06924865 0.07525755 0.09029608 0.05235221 0.05710491]
