biased_point
  tvd_auc: 0.0 +/- 0.0
  When you roll dice, they land on 6 40% of the time.
    kl_div: 0.7353817962007597 +/- 0.6793430959979776
    tvd: 0.4214851345560746 +/- 0.146700547131657
    expected_dist: [0.12000033 0.12000033 0.12000033 0.12000033 0.12000033 0.40000096] +/- [3.3527613e-07 3.3527613e-07 3.3527613e-07 3.3527613e-07 3.3527613e-07
 9.2387199e-07]
    all_seq_probs: [[0.07926258 0.21073256 0.0954687  0.27372839 0.13569415 0.20511362]] +/- [[0.05476694 0.23499224 0.10513705 0.17937239 0.12356831 0.19172458]]
    choice_probs: [0.07926258 0.21073256 0.0954687  0.27372839 0.13569415 0.20511362] +/- [0.05476694 0.23499224 0.10513705 0.17937239 0.12356831 0.19172458]
