biased_point
  tvd_auc: 0.0 +/- 0.0
  When I flip coins they land on heads 60% of the time.
    all_seq_probs: [[0.55688781 0.44311217]] +/- [[0.16778367 0.16778369]]
    kl_div: 0.06577156975865364 +/- 0.06083419369493321
    expected_dist: [0.60000026 0.3999998 ] +/- [2.3841858e-07 2.3841858e-07]
    tvd: 0.1517028982937336 +/- 0.08364360708073877
    choice_probs: [0.55688781 0.44311217] +/- [0.16778367 0.16778369]
unconditional_point
  all_seq_probs: [[0.55110093 0.44889908]] +/- [[0.21327959 0.21327958]]
  kl_div: 0.1171176066994667 +/- 0.10598249991460276
  expected_dist: [0.5 0.5] +/- [0. 0.]
  tvd: 0.1953718126565218 +/- 0.09964607973003235
  choice_probs: [0.55110093 0.44889908] +/- [0.21327959 0.21327958]
