biased_point
  When I roll dice, they land on 5 0% of the time.
    expected_dist: [1.9999990e-01 1.9999990e-01 1.9999990e-01 1.9999990e-01 1.0000003e-08
 1.9999990e-01] +/- [1.1920929e-07 1.1920929e-07 1.1920929e-07 1.1920929e-07 4.4408921e-15
 1.1920929e-07]
    choice_probs: [0.20444476 0.18265063 0.17001378 0.17893392 0.04653443 0.21742247] +/- [0.02439317 0.01680441 0.01671932 0.02005671 0.01684634 0.03960538]
    kl_div: 0.059609575530149644 +/- 0.018314822329783948
    all_seq_probs: [[0.20444476 0.18265063 0.17001378 0.17893392 0.04653443 0.21742247]] +/- [[0.02439317 0.01680441 0.01671932 0.02005671 0.01684634 0.03960538]]
    tvd: 0.08515809105829511 +/- 0.029377410365469984
  tvd_auc: 0.0 +/- 0.0
