biased_point
  When you roll dice, they land on 6 60% of the time.
    choice_probs: [0.09775428 0.15957343 0.09421052 0.19513686 0.14673848 0.30658643] +/- [0.08219528 0.2236345  0.07099393 0.12413974 0.1243651  0.27322907]
    expected_dist: [0.07999994 0.07999994 0.07999994 0.07999994 0.07999994 0.6       ] +/- [5.9604645e-08 5.9604645e-08 5.9604645e-08 5.9604645e-08 5.9604645e-08
 0.0000000e+00]
    all_seq_probs: [[0.09775428 0.15957343 0.09421052 0.19513686 0.14673848 0.30658643]] +/- [[0.08219528 0.2236345  0.07099393 0.12413974 0.1243651  0.27322907]]
    tvd: 0.41214317336390377 +/- 0.19924166371174806
    kl_div: 0.8415870899425132 +/- 1.0096641199915997
  tvd_auc: 0.0 +/- 0.0
