biased_point
  tvd_auc: 0.0 +/- 0.0
  When I flip coins they land on heads 40% of the time.
    kl_div: 0.4929785374272615 +/- 0.31381022041783624
    tvd: 0.3532110950909555 +/- 0.14621605905363433
    choice_probs: [0.5261898  0.47381019] +/- [0.36085087 0.36085086]
    all_seq_probs: [[0.5261898  0.47381019]] +/- [[0.36085087 0.36085086]]
    expected_dist: [0.3999998  0.60000026] +/- [2.3841858e-07 2.3841858e-07]
unconditional_point
  kl_div: 0.6502319207787514 +/- 0.24669455298694198
  tvd: 0.41334249602630735 +/- 0.04875705184816012
  choice_probs: [0.63129205 0.36870796] +/- [0.39495781 0.3949578 ]
  all_seq_probs: [[0.63129205 0.36870796]] +/- [[0.39495781 0.3949578 ]]
  expected_dist: [0.5 0.5] +/- [0. 0.]
