unconditional_point
  all_seq_probs: [[0.44507587 0.55492414]] +/- [[0.17707362 0.17707362]]
  choice_probs: [0.44507587 0.55492414] +/- [0.17707362 0.17707362]
  tvd: 0.15656902207434178 +/- 0.09928679722588789
  expected_dist: [0.5 0.5] +/- [0. 0.]
  kl_div: 0.08347860431671142 +/- 0.1041714736309123
biased_point
  tvd_auc: 0.0 +/- 0.0
  When you flip coins, they land on heads 60% of the time.
    all_seq_probs: [[0.43376385 0.56623616]] +/- [[0.18266102 0.18266101]]
    choice_probs: [0.43376385 0.56623616] +/- [0.18266102 0.18266101]
    tvd: 0.2068975037485361 +/- 0.13488115494492103
    expected_dist: [0.6        0.40000096] +/- [0.00000e+00 9.23872e-07]
    kl_div: 0.14594852950423956 +/- 0.18375315097641823
