biased_point
  When you flip coins, they land on heads 20% of the time.
    all_seq_probs: [[0.23889643 0.76110357]] +/- [[0.08939655 0.08939655]]
    choice_probs: [0.23889643 0.76110357] +/- [0.08939655 0.08939655]
    expected_dist: [0.20000048 0.8000019 ] +/- [4.6193600e-07 1.9073486e-06]
    tvd: 0.07874865276366472 +/- 0.057474553295759685
    kl_div: 0.02695471023855498 +/- 0.031218254353113123
  tvd_auc: 0.0 +/- 0.0
unconditional_point
  all_seq_probs: [[0.24456084 0.75543916]] +/- [[0.09289347 0.09289347]]
  choice_probs: [0.24456084 0.75543916] +/- [0.09289347 0.09289347]
  expected_dist: [0.5 0.5] +/- [0. 0.]
  tvd: 0.25543915873765943 +/- 0.09289347024385512
  kl_div: 0.1996326491832733 +/- 0.16915175957262657
