unconditional_point
  tvd: 0.2925482565164566 +/- 0.08068235106770302
  choice_probs: [0.06356095 0.1945795  0.32063997 0.10036641 0.16035002 0.16050314] +/- [0.03678024 0.09979096 0.11365529 0.11013901 0.07685277 0.07968131]
  expected_dist: [0.16666663 0.16666663 0.16666663 0.16666663 0.16666663 0.16666663] +/- [5.9604645e-08 5.9604645e-08 5.9604645e-08 5.9604645e-08 5.9604645e-08
 5.9604645e-08]
  kl_div: 0.3754301623161882 +/- 0.17562170251931586
  all_seq_probs: [[0.06356095 0.1945795  0.32063997 0.10036641 0.16035002 0.16050314]] +/- [[0.03678024 0.09979096 0.11365529 0.11013901 0.07685277 0.07968131]]
biased_point
  tvd_auc: 0.0 +/- 0.0
  When I roll dice, they land on 4 60% of the time.
    tvd: 0.5201127934735268 +/- 0.057601651316705534
    choice_probs: [0.08351609 0.19846783 0.26654286 0.10184533 0.13367576 0.21595215] +/- [0.03244487 0.08944665 0.07879385 0.0604338  0.03904472 0.07885612]
    expected_dist: [0.07999997 0.07999997 0.07999997 0.60000026 0.07999997 0.07999997] +/- [2.9802322e-08 2.9802322e-08 2.9802322e-08 2.3841858e-07 2.9802322e-08
 2.9802322e-08]
    kl_div: 0.9101204872987 +/- 0.3205903456414062
    all_seq_probs: [[0.08351609 0.19846783 0.26654286 0.10184533 0.13367576 0.21595215]] +/- [[0.03244487 0.08944665 0.07879385 0.0604338  0.03904472 0.07885612]]
