unconditional_point
  choice_probs: [0.30974988 0.69025012] +/- [0.12153225 0.12153224]
  kl_div: 0.12712753027677537 +/- 0.12270298229325816
  expected_dist: [0.5 0.5] +/- [0. 0.]
  tvd: 0.20356401726603507 +/- 0.09760577326355567
  all_seq_probs: [[0.30974988 0.69025012]] +/- [[0.12153225 0.12153224]]
biased_point
  When I flip coins they land on heads 20% of the time.
    choice_probs: [0.32456613 0.67543386] +/- [0.111247   0.11124698]
    kl_div: 0.06268772847950459 +/- 0.08097779404757337
    expected_dist: [0.1999999 0.7999996] +/- [1.1920929e-07 4.1723251e-07]
    tvd: 0.13410738617181778 +/- 0.09953804562482171
    all_seq_probs: [[0.32456613 0.67543386]] +/- [[0.111247   0.11124698]]
  tvd_auc: 0.0 +/- 0.0
