biased_point
  When you flip coins, they land on heads 10% of the time.
    all_seq_probs: [[0.62230219 0.37769781]] +/- [[0.29936548 0.29936547]]
    expected_dist: [0.10000024 0.899998  ] +/- [2.3841858e-07 1.9669533e-06]
    tvd: 0.5257295516590893 +/- 0.29330477168522484
    choice_probs: [0.62230219 0.37769781] +/- [0.29936548 0.29936547]
    kl_div: 1.521503274930641 +/- 2.2125481413975
  tvd_auc: 0.0 +/- 0.0
unconditional_point
  all_seq_probs: [[0.91373049 0.08626951]] +/- [[0.13816888 0.13816888]]
  expected_dist: [0.5 0.5] +/- [0. 0.]
  tvd: 0.42234621391580945 +/- 0.10902859181406195
  choice_probs: [0.91373049 0.08626951] +/- [0.13816888 0.13816888]
  kl_div: 1.5819106456637382 +/- 1.4259621022056461
