biased_point
  When I roll dice, they land on 6 0% of the time.
    expected_dist: [1.9999990e-01 1.9999990e-01 1.9999990e-01 1.9999990e-01 1.9999990e-01
 1.0000003e-08] +/- [1.1920929e-07 1.1920929e-07 1.1920929e-07 1.1920929e-07 1.1920929e-07
 4.4408921e-15]
    choice_probs: [0.16201532 0.15739967 0.16126316 0.17232763 0.13875352 0.20824069] +/- [0.08933534 0.07026171 0.0803379  0.08615644 0.0834083  0.08047364]
    kl_div: 0.3725376267033957 +/- 0.1676151298735007
    tvd: 0.2961156885989866 +/- 0.07859993665252328
    all_seq_probs: [[0.16201532 0.15739967 0.16126316 0.17232763 0.13875352 0.20824069]] +/- [[0.08933534 0.07026171 0.0803379  0.08615644 0.0834083  0.08047364]]
  tvd_auc: 0.0 +/- 0.0
