biased_point
  tvd_auc: 0.0 +/- 0.0
  When you roll dice, they land on 4 80% of the time.
    kl_div: 0.274399790481315 +/- 0.23461638795545822
    expected_dist: [0.03999997 0.03999997 0.03999997 0.8000019  0.03999997 0.03999997] +/- [4.0978193e-08 4.0978193e-08 4.0978193e-08 1.9073486e-06 4.0978193e-08
 4.0978193e-08]
    all_seq_probs: [[0.02194561 0.08568129 0.09692614 0.61274838 0.11260345 0.07009514]] +/- [[0.02208539 0.08850077 0.07128416 0.20601257 0.08731954 0.07034441]]
    tvd: 0.25695769334465146 +/- 0.15840806898192597
    choice_probs: [0.02194561 0.08568129 0.09692614 0.61274838 0.11260345 0.07009514] +/- [0.02208539 0.08850077 0.07128416 0.20601257 0.08731954 0.07034441]
