biased_point
  tvd_auc: 0.0 +/- 0.0
  When I roll dice, they land on 5 100% of the time.
    all_seq_probs: [[0.00722535 0.0017804  0.00215023 0.0024107  0.95409665 0.03233668]] +/- [[0.00212244 0.00068566 0.00084482 0.0010001  0.02112921 0.01823259]]
    choice_probs: [0.00722535 0.0017804  0.00215023 0.0024107  0.95409665 0.03233668] +/- [0.00212244 0.00068566 0.00084482 0.0010001  0.02112921 0.01823259]
    kl_div: 0.047236432453596676 +/- 0.022251788006322333
    tvd: 0.04590332801298642 +/- 0.02112920848206435
    expected_dist: [1.0000003e-08 1.0000003e-08 1.0000003e-08 1.0000003e-08 1.0000000e+00
 1.0000003e-08] +/- [4.440892e-15 4.440892e-15 4.440892e-15 4.440892e-15 0.000000e+00
 4.440892e-15]
