biased_point
  When I roll dice, they land on 3 60% of the time.
    all_seq_probs: [[0.10395373 0.15489811 0.40477956 0.12452017 0.09040706 0.12144138]] +/- [[0.08334364 0.07668459 0.17694189 0.07343277 0.05772776 0.07656001]]
    tvd: 0.2747721605794504 +/- 0.11720079951678959
    expected_dist: [0.07999998 0.07999998 0.60000026 0.07999998 0.07999998 0.07999998] +/- [4.4703484e-08 4.4703484e-08 1.7881393e-07 4.4703484e-08 4.4703484e-08
 4.4703484e-08]
    kl_div: 0.24413073731062468 +/- 0.1856565712127938
    choice_probs: [0.10395373 0.15489811 0.40477956 0.12452017 0.09040706 0.12144138] +/- [0.08334364 0.07668459 0.17694189 0.07343277 0.05772776 0.07656001]
  tvd_auc: 0.0 +/- 0.0
