biased_point
  tvd_auc: 0.0 +/- 0.0
  When you flip coins, they land on heads 70% of the time.
    choice_probs: [0.70506905 0.29493095] +/- [0.13571205 0.13571205]
    all_seq_probs: [[0.70506905 0.29493095]] +/- [[0.13571205 0.13571205]]
    kl_div: 0.06500273711048067 +/- 0.13108197541556144
    tvd: 0.1153995469622314 +/- 0.07159888251531196
    expected_dist: [0.6999983 0.3      ] +/- [1.66893e-06 0.00000e+00]
unconditional_point
  choice_probs: [0.68400365 0.31599636] +/- [0.14415744 0.14415744]
  all_seq_probs: [[0.68400365 0.31599636]] +/- [[0.14415744 0.14415744]]
  kl_div: 0.17364807975292207 +/- 0.2963702584990222
  tvd: 0.19525402854103596 +/- 0.12850903528522206
  expected_dist: [0.5 0.5] +/- [0. 0.]
