biased_point
  tvd_auc: 0.0 +/- 0.0
  When you roll dice, they land on 3 0% of the time.
    choice_probs: [0.12224634 0.08552372 0.41446494 0.08175064 0.03405655 0.26195781] +/- [0.1538067  0.12254138 0.19095331 0.14486613 0.05379418 0.21867158]
    all_seq_probs: [[0.12224634 0.08552372 0.41446494 0.08175064 0.03405655 0.26195781]] +/- [[0.1538067  0.12254138 0.19095331 0.14486613 0.05379418 0.21867158]]
    expected_dist: [2.0000048e-01 2.0000048e-01 9.9999795e-09 2.0000048e-01 2.0000048e-01
 2.0000048e-01] +/- [4.6193600e-07 4.6193600e-07 1.8651747e-14 4.6193600e-07 4.6193600e-07
 4.6193600e-07]
    kl_div: 2.26158531246456 +/- 1.1241455514477445
    tvd: 0.6260041981959423 +/- 0.12626121570513948
