unconditional_point
  choice_probs: [0.04313766 0.35415225 0.30322623 0.13963328 0.07479712 0.08505346] +/- [0.03752727 0.17123669 0.09062262 0.07652521 0.06016213 0.07124428]
  expected_dist: [0.16666663 0.16666663 0.16666663 0.16666663 0.16666663 0.16666663] +/- [5.9604645e-08 5.9604645e-08 5.9604645e-08 5.9604645e-08 5.9604645e-08
 5.9604645e-08]
  kl_div: 0.5202198430785211 +/- 0.22045554392877356
  all_seq_probs: [[0.04313766 0.35415225 0.30322623 0.13963328 0.07479712 0.08505346]] +/- [[0.03752727 0.17123669 0.09062262 0.07652521 0.06016213 0.07124428]]
  tvd: 0.3795206332253292 +/- 0.0913884434243064
biased_point
  tvd_auc: 0.0 +/- 0.0
  When I roll dice, they land on 1 60% of the time.
    choice_probs: [0.12905244 0.32366364 0.21909373 0.09967545 0.08101634 0.14749839] +/- [0.07031401 0.12735823 0.10062797 0.04147862 0.03799717 0.07305077]
    expected_dist: [0.60000026 0.07999998 0.07999998 0.07999998 0.07999998 0.07999998] +/- [1.7881393e-07 4.4703484e-08 4.4703484e-08 4.4703484e-08 4.4703484e-08
 4.4703484e-08]
    kl_div: 0.8061139012686909 +/- 0.3384255065741299
    all_seq_probs: [[0.12905244 0.32366364 0.21909373 0.09967545 0.08101634 0.14749839]] +/- [[0.07031401 0.12735823 0.10062797 0.04147862 0.03799717 0.07305077]]
    tvd: 0.5017024407302961 +/- 0.07324125823873613
