unconditional_point
  kl_div: 3.683855662345886 +/- 2.152551181543269
  expected_dist: [0.5 0.5] +/- [0. 0.]
  choice_probs: [0.82806107 0.17193893] +/- [0.34772362 0.34772362]
  tvd: 0.4722136410369866 +/- 0.07449872996489808
  all_seq_probs: [[0.82806107 0.17193893]] +/- [[0.34772362 0.34772362]]
biased_point
  When you flip coins, they land on heads 30% of the time.
    kl_div: 3.912293609291315 +/- 3.119411958815305
    expected_dist: [0.3       0.6999983] +/- [0.00000e+00 1.66893e-06]
    choice_probs: [0.83380268 0.16619732] +/- [0.33086989 0.33086989]
    tvd: 0.6027068135147149 +/- 0.17653519406344864
    all_seq_probs: [[0.83380268 0.16619732]] +/- [[0.33086989 0.33086989]]
  tvd_auc: 0.0 +/- 0.0
