biased_point
  When I flip coins they land on heads 80% of the time.
    expected_dist: [0.7999996 0.1999999] +/- [4.1723251e-07 1.1920929e-07]
    tvd: 0.2349330586194992 +/- 0.12194830910781605
    choice_probs: [0.56506694 0.43493306] +/- [0.12194831 0.12194831]
    all_seq_probs: [[0.56506694 0.43493306]] +/- [[0.12194831 0.12194831]]
    kl_div: 0.15392593942582608 +/- 0.15937326739977456
  tvd_auc: 0.0 +/- 0.0
unconditional_point
  expected_dist: [0.5 0.5] +/- [0. 0.]
  tvd: 0.12919305458664895 +/- 0.08573922442569656
  choice_probs: [0.48636148 0.51363854] +/- [0.15445404 0.15445404]
  all_seq_probs: [[0.48636148 0.51363854]] +/- [[0.15445404 0.15445404]]
  kl_div: 0.05768586665391922 +/- 0.09457620725949589
