biased_point
  tvd_auc: 0.0 +/- 0.0
  When you roll dice, they land on 3 0% of the time.
    tvd: 0.7393319026115343 +/- 0.1366987316006255
    kl_div: 3.3792976615220485 +/- 1.6239649627780797
    expected_dist: [2.0000048e-01 2.0000048e-01 9.9999795e-09 2.0000048e-01 2.0000048e-01
 2.0000048e-01] +/- [4.6193600e-07 4.6193600e-07 1.8651747e-14 4.6193600e-07 4.6193600e-07
 4.6193600e-07]
    choice_probs: [0.0826596  0.04416015 0.56406257 0.06104941 0.0689904  0.17907788] +/- [0.14249047 0.11797354 0.27361934 0.15063909 0.14424874 0.2559732 ]
    all_seq_probs: [[0.0826596  0.04416015 0.56406257 0.06104941 0.0689904  0.17907788]] +/- [[0.14249047 0.11797354 0.27361934 0.15063909 0.14424874 0.2559732 ]]
