biased_point
  When I flip coins they land on heads 50% of the time.
    expected_dist: [0.5 0.5] +/- [0. 0.]
    choice_probs: [0.85671875 0.14532959] +/- [0.13808567 0.13654801]
    tvd: 0.364444580078125 +/- 0.11202070860136439
    all_seq_probs: [[0.85671875 0.14532959]] +/- [[0.13808567 0.13654801]]
    kl_div: 0.6309922218322754 +/- 0.533448474070841
  tvd_auc: 0.0 +/- 0.0
