biased_point
  tvd_auc: 0.0 +/- 0.0
  When I roll dice, they land on 6 0% of the time.
    all_seq_probs: [[0.18538875 0.17695192 0.18622891 0.15809446 0.17332696 0.120009  ]] +/- [[0.03357362 0.02642729 0.03333107 0.01744107 0.02512194 0.02759185]]
    tvd: 0.13851280781560754 +/- 0.02638123855861975
    kl_div: 0.14205673887977638 +/- 0.026220987003828168
    choice_probs: [0.18538875 0.17695192 0.18622891 0.15809446 0.17332696 0.120009  ] +/- [0.03357362 0.02642729 0.03333107 0.01744107 0.02512194 0.02759185]
    expected_dist: [1.9999990e-01 1.9999990e-01 1.9999990e-01 1.9999990e-01 1.9999990e-01
 1.0000003e-08] +/- [1.1920929e-07 1.1920929e-07 1.1920929e-07 1.1920929e-07 1.1920929e-07
 4.4408921e-15]
