biased_point
  tvd_auc: 0.0 +/- 0.0
  When I roll dice, they land on 3 0% of the time.
    choice_probs: [0.18174164 0.15689262 0.18390256 0.14865529 0.17158292 0.15722499] +/- [0.04338296 0.03718766 0.02558124 0.03966582 0.0472208  0.0434551 ]
    all_seq_probs: [[0.18174164 0.15689262 0.18390256 0.14865529 0.17158292 0.15722499]] +/- [[0.04338296 0.03718766 0.02558124 0.03966582 0.0472208  0.0434551 ]]
    expected_dist: [1.9999990e-01 1.9999990e-01 1.0000003e-08 1.9999990e-01 1.9999990e-01
 1.9999990e-01] +/- [1.1920929e-07 1.1920929e-07 4.4408921e-15 1.1920929e-07 1.1920929e-07
 1.1920929e-07]
    kl_div: 0.24026826976077473 +/- 0.04230050603058421
    tvd: 0.21308952621304605 +/- 0.03150745430122784
