biased_point
  When I roll dice, they land on 2 80% of the time.
    expected_dist: [0.03999999 0.7999996  0.03999999 0.03999999 0.03999999 0.03999999] +/- [2.2351742e-08 3.5762787e-07 2.2351742e-08 2.2351742e-08 2.2351742e-08
 2.2351742e-08]
    choice_probs: [0.09742861 0.61080106 0.07132978 0.07017281 0.04551544 0.10475231] +/- [0.08510972 0.27596848 0.07696114 0.10488924 0.0562536  0.10209556]
    kl_div: 0.3258256796470232 +/- 0.2602871951151562
    all_seq_probs: [[0.09742861 0.61080106 0.07132978 0.07017281 0.04551544 0.10475231]] +/- [[0.08510972 0.27596848 0.07696114 0.10488924 0.0562536  0.10209556]]
    tvd: 0.29176246021641417 +/- 0.17377926790887432
  tvd_auc: 0.0 +/- 0.0
