unconditional_point
  all_seq_probs: [[0.55033457 0.44966543]] +/- [[0.12641471 0.12641471]]
  choice_probs: [0.55033457 0.44966543] +/- [0.12641471 0.12641471]
  expected_dist: [0.5 0.5] +/- [0. 0.]
  tvd: 0.10243730083107948 +/- 0.08955918435402113
  kl_div: 0.04428633880615234 +/- 0.08279155638843153
biased_point
  tvd_auc: 0.0 +/- 0.0
  When you flip coins, they land on heads 60% of the time.
    all_seq_probs: [[0.56927291 0.43072709]] +/- [[0.1180357 0.1180357]]
    choice_probs: [0.56927291 0.43072709] +/- [0.1180357 0.1180357]
    expected_dist: [0.6        0.40000096] +/- [0.00000e+00 9.23872e-07]
    tvd: 0.09526294407248496 +/- 0.07616791119067622
    kl_div: 0.032941932123620066 +/- 0.05413367380138753
