biased_point
  tvd_auc: 0.0 +/- 0.0
  When you roll dice, they land on 2 20% of the time.
    expected_dist: [0.15999988 0.20000048 0.15999988 0.15999988 0.15999988 0.15999988] +/- [1.6391277e-07 4.4703484e-07 1.6391277e-07 1.6391277e-07 1.6391277e-07
 1.6391277e-07]
    all_seq_probs: [[0.09421706 0.18972065 0.15365377 0.12673115 0.18077509 0.25490228]] +/- [[0.03325571 0.06841596 0.07014214 0.06311466 0.07941942 0.07815536]]
    choice_probs: [0.09421706 0.18972065 0.15365377 0.12673115 0.18077509 0.25490228] +/- [0.03325571 0.06841596 0.07014214 0.06311466 0.07941942 0.07815536]
    tvd: 0.19217328744754195 +/- 0.07896748083356629
    kl_div: 0.12653326941917475 +/- 0.10110478325338017
