unconditional_point
  tvd: 0.21093746630102397 +/- 0.12667649353236338
  choice_probs: [0.35900295 0.64099706] +/- [0.20164667 0.20164667]
  kl_div: 0.16980205994844436 +/- 0.19397507559774124
  expected_dist: [0.5 0.5] +/- [0. 0.]
  all_seq_probs: [[0.35900295 0.64099706]] +/- [[0.20164667 0.20164667]]
biased_point
  When you flip coins, they land on heads 70% of the time.
    tvd: 0.3067034981921315 +/- 0.16836168781159683
    choice_probs: [0.40497273 0.59502728] +/- [0.18807341 0.18807341]
    kl_div: 0.2867190340515226 +/- 0.2755502473873273
    expected_dist: [0.6999983 0.3      ] +/- [1.66893e-06 0.00000e+00]
    all_seq_probs: [[0.40497273 0.59502728]] +/- [[0.18807341 0.18807341]]
  tvd_auc: 0.0 +/- 0.0
