biased_point
  When you roll dice, they land on 5 60% of the time.
    kl_div: 0.7917252673994517 +/- 0.389464399421396
    tvd: 0.48894029468134975 +/- 0.13614145763594437
    choice_probs: [0.04348006 0.14146956 0.17523266 0.09931518 0.29011917 0.25038336] +/- [0.04080231 0.13622881 0.13177283 0.08285631 0.30113305 0.21559692]
    expected_dist: [0.07999994 0.07999994 0.07999994 0.07999994 0.6        0.07999994] +/- [5.9604645e-08 5.9604645e-08 5.9604645e-08 5.9604645e-08 0.0000000e+00
 5.9604645e-08]
    all_seq_probs: [[0.04348006 0.14146956 0.17523266 0.09931518 0.29011917 0.25038336]] +/- [[0.04080231 0.13622881 0.13177283 0.08285631 0.30113305 0.21559692]]
  tvd_auc: 0.0 +/- 0.0
