biased_point
  When I roll dice, they land on 3 40% of the time.
    choice_probs: [0.13013319 0.14545852 0.26779334 0.19058361 0.14749503 0.11853631] +/- [0.03900885 0.03557858 0.09050327 0.02872702 0.03104432 0.04202509]
    expected_dist: [0.11999992 0.11999992 0.3999998  0.11999992 0.11999992 0.11999992] +/- [7.4505806e-08 7.4505806e-08 2.3841858e-07 7.4505806e-08 7.4505806e-08
 7.4505806e-08]
    all_seq_probs: [[0.13013319 0.14545852 0.26779334 0.19058361 0.14749503 0.11853631]] +/- [[0.03900885 0.03557858 0.09050327 0.02872702 0.03104432 0.04202509]]
    kl_div: 0.09974544628552394 +/- 0.05711095639373929
    tvd: 0.1804346293862909 +/- 0.029725451373272864
  tvd_auc: 0.0 +/- 0.0
