biased_point
  tvd_auc: 0.0 +/- 0.0
  When you roll dice, they land on 4 60% of the time.
    tvd: 0.3320406687748618 +/- 0.12345480021378441
    expected_dist: [0.07999994 0.07999994 0.07999994 0.6        0.07999994 0.07999994] +/- [5.9604645e-08 5.9604645e-08 5.9604645e-08 0.0000000e+00 5.9604645e-08
 5.9604645e-08]
    all_seq_probs: [[0.05947912 0.11436658 0.15681289 0.34444939 0.17964142 0.14525061]] +/- [[0.04648138 0.07903422 0.08702838 0.17254465 0.11699343 0.08548074]]
    kl_div: 0.335919701493709 +/- 0.19840684005125264
    choice_probs: [0.05947912 0.11436658 0.15681289 0.34444939 0.17964142 0.14525061] +/- [0.04648138 0.07903422 0.08702838 0.17254465 0.11699343 0.08548074]
