unconditional_point
  tvd: 0.164676720649004 +/- 0.033843602361301246
  expected_dist: [0.16666663 0.16666663 0.16666663 0.16666663 0.16666663 0.16666663] +/- [5.9604645e-08 5.9604645e-08 5.9604645e-08 5.9604645e-08 5.9604645e-08
 5.9604645e-08]
  choice_probs: [0.1991571  0.14735082 0.21476341 0.19639837 0.15660299 0.08572733] +/- [0.03358376 0.07920437 0.05608979 0.03582914 0.03443835 0.03819251]
  all_seq_probs: [[0.1991571  0.14735082 0.21476341 0.19639837 0.15660299 0.08572733]] +/- [[0.03358376 0.07920437 0.05608979 0.03582914 0.03443835 0.03819251]]
  kl_div: 0.09081268749680022 +/- 0.036384339504046084
biased_point
  When I roll dice, they land on 2 60% of the time.
    tvd: 0.3479753002338111 +/- 0.06535360937126437
    expected_dist: [0.07999998 0.60000026 0.07999998 0.07999998 0.07999998 0.07999998] +/- [4.4703484e-08 1.7881393e-07 4.4703484e-08 4.4703484e-08 4.4703484e-08
 4.4703484e-08]
    choice_probs: [0.14168134 0.27929349 0.11564496 0.11114757 0.09197514 0.26025751] +/- [0.03621527 0.08589643 0.03709411 0.06865479 0.0568309  0.11256957]
    all_seq_probs: [[0.14168134 0.27929349 0.11564496 0.11114757 0.09197514 0.26025751]] +/- [[0.03621527 0.08589643 0.03709411 0.06865479 0.0568309  0.11256957]]
    kl_div: 0.3279031431399926 +/- 0.12859912700664922
  tvd_auc: 0.0 +/- 0.0
