biased_point
  When I flip coins they land on heads 30% of the time.
    choice_probs: [0.63289063 0.3777002 ] +/- [0.21760371 0.21291661]
    tvd: 0.32759520292282107 +/- 0.21526013832495786
    kl_div: 0.6212450444698334 +/- 0.9254005890109955
    all_seq_probs: [[0.63289063 0.3777002 ]] +/- [[0.21760371 0.21291661]]
    expected_dist: [0.30000013 0.7000003 ] +/- [1.1920929e-07 2.9802322e-07]
  tvd_auc: 0.0 +/- 0.0
