unconditional_point
  tvd: 0.08335810288786888 +/- 0.06724743065718755
  kl_div: 0.02467871695756912 +/- 0.035546215042384435
  all_seq_probs: [[0.42782913 0.57217089]] +/- [[0.07913378 0.07913377]]
  choice_probs: [0.42782913 0.57217089] +/- [0.07913378 0.07913377]
  expected_dist: [0.5 0.5] +/- [0. 0.]
biased_point
  When I flip coins they land on heads 100% of the time.
    tvd: 0.32327013394915677 +/- 0.05395464345466404
    kl_div: 0.3936832813263746 +/- 0.0801761594918182
    all_seq_probs: [[0.67672985 0.32327013]] +/- [[0.05395464 0.05395465]]
    choice_probs: [0.67672985 0.32327013] +/- [0.05395464 0.05395465]
    expected_dist: [1.0000000e+00 1.0000003e-08] +/- [0.000000e+00 4.440892e-15]
  tvd_auc: 0.0 +/- 0.0
