biased_point
  When I roll dice, they land on 1 100% of the time.
    all_seq_probs: [[0.9706605  0.01572717 0.00416148 0.00206305 0.00203758 0.00535022]] +/- [[0.00871564 0.00489536 0.0011412  0.00053047 0.00056609 0.00249154]]
    tvd: 0.02933947625356664 +/- 0.008715645393709325
    expected_dist: [1.0000000e+00 1.0000003e-08 1.0000003e-08 1.0000003e-08 1.0000003e-08
 1.0000003e-08] +/- [0.000000e+00 4.440892e-15 4.440892e-15 4.440892e-15 4.440892e-15
 4.440892e-15]
    choice_probs: [0.9706605  0.01572717 0.00416148 0.00206305 0.00203758 0.00535022] +/- [0.00871564 0.00489536 0.0011412  0.00053047 0.00056609 0.00249154]
    kl_div: 0.029818198686952825 +/- 0.008982772295608517
  tvd_auc: 0.0 +/- 0.0
unconditional_point
  all_seq_probs: [[0.33652734 0.25598755 0.13101256 0.07900217 0.07362734 0.12384303]] +/- [[0.08429534 0.02046694 0.02885961 0.02446351 0.0222783  0.02787068]]
  tvd: 0.26110398333519697 +/- 0.08424597235401818
  expected_dist: [0.16666663 0.16666663 0.16666663 0.16666663 0.16666663 0.16666663] +/- [5.9604645e-08 5.9604645e-08 5.9604645e-08 5.9604645e-08 5.9604645e-08
 5.9604645e-08]
  choice_probs: [0.33652734 0.25598755 0.13101256 0.07900217 0.07362734 0.12384303] +/- [0.08429534 0.02046694 0.02885961 0.02446351 0.0222783  0.02787068]
  kl_div: 0.19518271020962857 +/- 0.13904304964410774
