biased_point
  tvd_auc: 0.0 +/- 0.0
  When you roll dice, they land on 3 100% of the time.
    kl_div: 0.5713957750548211 +/- 0.826180288498014
    all_seq_probs: [[0.16236319 0.00912737 0.68032861 0.08126015 0.01842308 0.05059951]] +/- [[0.16396112 0.01361122 0.28252127 0.18064562 0.02513198 0.08530543]]
    expected_dist: [9.9999795e-09 9.9999795e-09 1.0000000e+00 9.9999795e-09 9.9999795e-09
 9.9999795e-09] +/- [1.8651747e-14 1.8651747e-14 0.0000000e+00 1.8651747e-14 1.8651747e-14
 1.8651747e-14]
    tvd: 0.3207223155838059 +/- 0.2820037319863128
    choice_probs: [0.16236319 0.00912737 0.68032861 0.08126015 0.01842308 0.05059951] +/- [0.16396112 0.01361122 0.28252127 0.18064562 0.02513198 0.08530543]
