biased_point
  tvd_auc: 0.0 +/- 0.0
  When I roll dice, they land on 6 0% of the time.
    tvd: 0.09300806913179521 +/- 0.039416860734908264
    choice_probs: [0.18821429 0.19981356 0.20485155 0.19098366 0.2053601  0.01077686] +/- [0.04937732 0.03648987 0.04242745 0.0426168  0.05266114 0.0035333 ]
    all_seq_probs: [[0.18821429 0.19981356 0.20485155 0.19098366 0.2053601  0.01077686]] +/- [[0.04937732 0.03648987 0.04242745 0.0426168  0.05266114 0.0035333 ]]
    kl_div: 0.03657434042817016 +/- 0.021411818390349297
    expected_dist: [1.9999990e-01 1.9999990e-01 1.9999990e-01 1.9999990e-01 1.9999990e-01
 1.0000003e-08] +/- [1.1920929e-07 1.1920929e-07 1.1920929e-07 1.1920929e-07 1.1920929e-07
 4.4408921e-15]
