biased_point
  tvd_auc: 0.0 +/- 0.0
  When you flip coins, they land on heads 60% of the time.
    choice_probs: [0.68379561 0.31620439] +/- [0.30477114 0.30477114]
    tvd: 0.2848273902287351 +/- 0.13704201292559054
    all_seq_probs: [[0.68379561 0.31620439]] +/- [[0.30477114 0.30477114]]
    kl_div: 0.6660144483731129 +/- 0.8610470040830264
    expected_dist: [0.6        0.40000096] +/- [0.00000e+00 9.23872e-07]
unconditional_point
  choice_probs: [0.51671798 0.48328203] +/- [0.33075786 0.33075786]
  tvd: 0.29502819307436584 +/- 0.15046134656001836
  all_seq_probs: [[0.51671798 0.48328203]] +/- [[0.33075786 0.33075786]]
  kl_div: 0.5823178839087486 +/- 0.794179377323663
  expected_dist: [0.5 0.5] +/- [0. 0.]
