biased_point
  tvd_auc: 0.0 +/- 0.0
  When I flip coins they land on heads 100% of the time.
    expected_dist: [1.0000000e+00 1.0000003e-08] +/- [0.000000e+00 4.440892e-15]
    choice_probs: [0.881875   0.11956177] +/- [0.14350259 0.14278141]
    all_seq_probs: [[0.881875   0.11956177]] +/- [[0.14350259 0.14278141]]
    tvd: 0.11884337878906344 +/- 0.14311927141699263
    kl_div: 0.1462107793029844 +/- 0.22899264496552532
