unconditional_point
  all_seq_probs: [[0.59693179 0.40306822]] +/- [[0.11359091 0.11359093]]
  expected_dist: [0.5 0.5] +/- [0. 0.]
  kl_div: 0.0542735105752945 +/- 0.09541925334627598
  choice_probs: [0.59693179 0.40306822] +/- [0.11359091 0.11359093]
  tvd: 0.11301738537847995 +/- 0.09759989224828002
biased_point
  tvd_auc: 0.0 +/- 0.0
  When I flip coins they land on heads 70% of the time.
    all_seq_probs: [[0.57796393 0.42203608]] +/- [[0.09708531 0.09708534]]
    expected_dist: [0.7000003  0.30000013] +/- [2.9802322e-07 1.1920929e-07]
    kl_div: 0.0513605968747288 +/- 0.04344217385836345
    choice_probs: [0.57796393 0.42203608] +/- [0.09708531 0.09708534]
    tvd: 0.1355388294160366 +/- 0.0771206020791532
