biased_point
  When I roll dice, they land on 6 80% of the time.
    expected_dist: [0.03999999 0.03999999 0.03999999 0.03999999 0.03999999 0.7999996 ] +/- [2.2351742e-08 2.2351742e-08 2.2351742e-08 2.2351742e-08 2.2351742e-08
 4.1723251e-07]
    tvd: 0.261010951208882 +/- 0.21637629483297116
    kl_div: 0.2633171218754796 +/- 0.27922762901615533
    choice_probs: [0.07030633 0.06791289 0.07871268 0.0919231  0.10100218 0.59014281] +/- [0.05340237 0.0524099  0.05440586 0.05958155 0.0618202  0.26592284]
    all_seq_probs: [[0.07030633 0.06791289 0.07871268 0.0919231  0.10100218 0.59014281]] +/- [[0.05340237 0.0524099  0.05440586 0.05958155 0.0618202  0.26592284]]
  tvd_auc: 0.0 +/- 0.0
