biased_point
  When you roll dice, they land on 5 80% of the time.
    tvd: 0.47257652333284844 +/- 0.29656981109735486
    all_seq_probs: [[0.04491643 0.11026719 0.06897393 0.14927943 0.45267733 0.17388568]] +/- [[0.12034987 0.19354057 0.12125554 0.19652752 0.37702392 0.20471424]]
    kl_div: 1.597922191755817 +/- 2.1912467925821755
    expected_dist: [0.03999997 0.03999997 0.03999997 0.03999997 0.8000019  0.03999997] +/- [4.0978193e-08 4.0978193e-08 4.0978193e-08 4.0978193e-08 1.9073486e-06
 4.0978193e-08]
    choice_probs: [0.04491643 0.11026719 0.06897393 0.14927943 0.45267733 0.17388568] +/- [0.12034987 0.19354057 0.12125554 0.19652752 0.37702392 0.20471424]
  tvd_auc: 0.0 +/- 0.0
