biased_point
  When I roll dice, they land on 2 20% of the time.
    kl_div: 0.05398572008765768 +/- 0.09139156980549076
    expected_dist: [0.15999995 0.1999999  0.15999995 0.15999995 0.15999995 0.15999995] +/- [8.9406967e-08 1.3411045e-07 8.9406967e-08 8.9406967e-08 8.9406967e-08
 8.9406967e-08]
    all_seq_probs: [[0.15300168 0.21132846 0.15583807 0.1625141  0.17158828 0.1457294 ]] +/- [[0.04029278 0.07306588 0.04738804 0.05232565 0.04583749 0.05258067]]
    tvd: 0.11376769982278347 +/- 0.07079193247058257
    choice_probs: [0.15300168 0.21132846 0.15583807 0.1625141  0.17158828 0.1457294 ] +/- [0.04029278 0.07306588 0.04738804 0.05232565 0.04583749 0.05258067]
  tvd_auc: 0.0 +/- 0.0
