biased_point
  tvd_auc: 0.0 +/- 0.0
  When you roll dice, they land on 4 60% of the time.
    expected_dist: [0.07999994 0.07999994 0.07999994 0.6        0.07999994 0.07999994] +/- [5.9604645e-08 5.9604645e-08 5.9604645e-08 0.0000000e+00 5.9604645e-08
 5.9604645e-08]
    tvd: 0.5110997175797592 +/- 0.18085700768631185
    kl_div: 1.4252649604757317 +/- 0.7285992552893087
    all_seq_probs: [[0.05050957 0.05571563 0.07235597 0.38085528 0.07422189 0.36634166]] +/- [[0.10066402 0.12760991 0.14631423 0.3224867  0.11359004 0.28822972]]
    choice_probs: [0.05050957 0.05571563 0.07235597 0.38085528 0.07422189 0.36634166] +/- [0.10066402 0.12760991 0.14631423 0.3224867  0.11359004 0.28822972]
