biased_point
  When you roll dice, they land on 6 60% of the time.
    all_seq_probs: [[0.03338782 0.07277875 0.12005581 0.18249787 0.1590497  0.43223006]] +/- [[0.09023066 0.11976398 0.15953482 0.19102282 0.17947186 0.40086615]]
    tvd: 0.49311856091324807 +/- 0.17996517234607393
    expected_dist: [0.07999994 0.07999994 0.07999994 0.07999994 0.07999994 0.6       ] +/- [5.9604645e-08 5.9604645e-08 5.9604645e-08 5.9604645e-08 5.9604645e-08
 0.0000000e+00]
    choice_probs: [0.03338782 0.07277875 0.12005581 0.18249787 0.1590497  0.43223006] +/- [0.09023066 0.11976398 0.15953482 0.19102282 0.17947186 0.40086615]
    kl_div: 1.6222289733271318 +/- 1.0536752651451498
  tvd_auc: 0.0 +/- 0.0
