biased_point
  When you roll dice, they land on 5 80% of the time.
    expected_dist: [0.03999997 0.03999997 0.03999997 0.03999997 0.8000019  0.03999997] +/- [4.0978193e-08 4.0978193e-08 4.0978193e-08 4.0978193e-08 1.9073486e-06
 4.0978193e-08]
    kl_div: 1.9316683224541775 +/- 2.138738041122489
    tvd: 0.5507937701803839 +/- 0.27312757288333395
    choice_probs: [0.11292141 0.04820979 0.05257269 0.07136521 0.37320837 0.34172254] +/- [0.24412162 0.18648221 0.16168681 0.13271871 0.311776   0.26195442]
    all_seq_probs: [[0.11292141 0.04820979 0.05257269 0.07136521 0.37320837 0.34172254]] +/- [[0.24412162 0.18648221 0.16168681 0.13271871 0.311776   0.26195442]]
  tvd_auc: 0.0 +/- 0.0
