biased_point
  tvd_auc: 0.0 +/- 0.0
  When I roll dice, they land on 2 0% of the time.
    kl_div: 0.0743679488083069 +/- 0.014452331872440405
    choice_probs: [0.19112276 0.05972136 0.16652431 0.17149922 0.18044838 0.23068398] +/- [0.02678412 0.01352579 0.01522712 0.01481242 0.01722309 0.02785607]
    all_seq_probs: [[0.19112276 0.05972136 0.16652431 0.17149922 0.18044838 0.23068398]] +/- [[0.02678412 0.01352579 0.01522712 0.01481242 0.01722309 0.02785607]]
    tvd: 0.10259937408500526 +/- 0.020310794415400044
    expected_dist: [1.9999990e-01 1.0000003e-08 1.9999990e-01 1.9999990e-01 1.9999990e-01
 1.9999990e-01] +/- [1.1920929e-07 4.4408921e-15 1.1920929e-07 1.1920929e-07 1.1920929e-07
 1.1920929e-07]
