biased_point
  tvd_auc: 0.0 +/- 0.0
  When I flip coins they land on heads 30% of the time.
    expected_dist: [0.30000013 0.7000003 ] +/- [1.1920929e-07 2.9802322e-07]
    tvd: 0.6223126101493835 +/- 0.07360393747505162
    all_seq_probs: [[0.92273437 0.07810913]] +/- [[0.07375799 0.07368881]]
    choice_probs: [0.92273437 0.07810913] +/- [0.07375799 0.07368881]
    kl_div: 1.3605607241392135 +/- 0.41276080266238807
