biased_point
  When I flip coins they land on heads 20% of the time.
    kl_div: 1.8595973539352417 +/- 0.5355202695368297
    choice_probs: [0.93296875 0.06789429] +/- [0.05453864 0.05408259]
    expected_dist: [0.1999999 0.7999996] +/- [1.1920929e-07 4.1723251e-07]
    all_seq_probs: [[0.93296875 0.06789429]] +/- [[0.05453864 0.05408259]]
    tvd: 0.7325372284650803 +/- 0.054255843573095944
  tvd_auc: 0.0 +/- 0.0
