biased_point
  tvd_auc: 0.0 +/- 0.0
  When I roll dice, they land on 5 80% of the time.
    expected_dist: [0.03999999 0.03999999 0.03999999 0.03999999 0.7999996  0.03999999] +/- [2.2351742e-08 2.2351742e-08 2.2351742e-08 2.2351742e-08 4.1723251e-07
 2.2351742e-08]
    all_seq_probs: [[0.0481824  0.05590449 0.07264331 0.06983725 0.71436258 0.03906996]] +/- [[0.03151015 0.03004756 0.07611513 0.03563576 0.15846978 0.03224656]]
    tvd: 0.14128576675488147 +/- 0.11920745292970757
    kl_div: 0.10792299257271225 +/- 0.16262293616509013
    choice_probs: [0.0481824  0.05590449 0.07264331 0.06983725 0.71436258 0.03906996] +/- [0.03151015 0.03004756 0.07611513 0.03563576 0.15846978 0.03224656]
