biased_point
  tvd_auc: 0.0 +/- 0.0
  When I roll dice, they land on 5 0% of the time.
    tvd: 0.1722688674845657 +/- 0.019454031670098387
    expected_dist: [1.9999990e-01 1.9999990e-01 1.9999990e-01 1.9999990e-01 1.0000003e-08
 1.9999990e-01] +/- [1.1920929e-07 1.1920929e-07 1.1920929e-07 1.1920929e-07 4.4408921e-15
 1.1920929e-07]
    all_seq_probs: [[0.17089808 0.17415525 0.17728339 0.15439918 0.16420477 0.15905937]] +/- [[0.02621546 0.01988868 0.02145811 0.0217675  0.02008382 0.03090136]]
    kl_div: 0.19222114486339195 +/- 0.027063275735082968
    choice_probs: [0.17089808 0.17415525 0.17728339 0.15439918 0.16420477 0.15905937] +/- [0.02621546 0.01988868 0.02145811 0.0217675  0.02008382 0.03090136]
