biased_point
  When I roll dice, they land on 5 60% of the time.
    choice_probs: [0.06185973 0.09317692 0.08412167 0.07946347 0.24151075 0.43986748] +/- [0.02970498 0.16991727 0.09630996 0.0612728  0.16464573 0.27851175]
    kl_div: 0.692204812199634 +/- 0.4020528515129912
    all_seq_probs: [[0.06185973 0.09317692 0.08412167 0.07946347 0.24151075 0.43986748]] +/- [[0.02970498 0.16991727 0.09630996 0.0612728  0.16464573 0.27851175]]
    tvd: 0.4888985589100048 +/- 0.17805570251760316
    expected_dist: [0.07999997 0.07999997 0.07999997 0.07999997 0.60000026 0.07999997] +/- [2.9802322e-08 2.9802322e-08 2.9802322e-08 2.9802322e-08 2.3841858e-07
 2.9802322e-08]
  tvd_auc: 0.0 +/- 0.0
