unconditional_point
  tvd: 0.30465396678075196 +/- 0.05157054864673156
  expected_dist: [0.16666663 0.16666663 0.16666663 0.16666663 0.16666663 0.16666663] +/- [5.9604645e-08 5.9604645e-08 5.9604645e-08 5.9604645e-08 5.9604645e-08
 5.9604645e-08]
  choice_probs: [0.11432051 0.33407726 0.30137739 0.10296578 0.0581868  0.08907226] +/- [0.03633769 0.08613691 0.05985789 0.02198131 0.01675204 0.02130323]
  all_seq_probs: [[0.11432051 0.33407726 0.30137739 0.10296578 0.0581868  0.08907226]] +/- [[0.03633769 0.08613691 0.05985789 0.02198131 0.01675204 0.02130323]]
  kl_div: 0.2429826666554436 +/- 0.09328731694166166
biased_point
  tvd_auc: 0.0 +/- 0.0
  When I roll dice, they land on 2 100% of the time.
    tvd: 0.10664792850051015 +/- 0.05168320495212147
    expected_dist: [1.0000003e-08 1.0000000e+00 1.0000003e-08 1.0000003e-08 1.0000003e-08
 1.0000003e-08] +/- [4.440892e-15 0.000000e+00 4.440892e-15 4.440892e-15 4.440892e-15
 4.440892e-15]
    choice_probs: [0.02268909 0.89335205 0.03281769 0.01971007 0.0090016  0.0224295 ] +/- [0.01263163 0.05168321 0.01819903 0.00963201 0.00492206 0.01145845]
    all_seq_probs: [[0.02268909 0.89335205 0.03281769 0.01971007 0.0090016  0.0224295 ]] +/- [[0.01263163 0.05168321 0.01819903 0.00963201 0.00492206 0.01145845]]
    kl_div: 0.11453308468544605 +/- 0.06009311883266024
