biased_point
  tvd_auc: 0.0 +/- 0.0
  When I roll dice, they land on 1 0% of the time.
    kl_div: 0.2944413720265055 +/- 0.14514236679058165
    tvd: 0.24964122950219725 +/- 0.0827047907335617
    choice_probs: [0.21458502 0.15111157 0.17169494 0.15313798 0.14450702 0.16496348] +/- [0.07729391 0.05118952 0.05086163 0.0561513  0.03867982 0.05281846]
    expected_dist: [1.0000003e-08 1.9999990e-01 1.9999990e-01 1.9999990e-01 1.9999990e-01
 1.9999990e-01] +/- [4.4408921e-15 1.1920929e-07 1.1920929e-07 1.1920929e-07 1.1920929e-07
 1.1920929e-07]
    all_seq_probs: [[0.21458502 0.15111157 0.17169494 0.15313798 0.14450702 0.16496348]] +/- [[0.07729391 0.05118952 0.05086163 0.0561513  0.03867982 0.05281846]]
