biased_point
  When you flip coins, they land on heads 60% of the time.
    expected_dist: [0.6        0.40000096] +/- [0.00000e+00 9.23872e-07]
    kl_div: 0.5500611963290721 +/- 0.562130727606687
    tvd: 0.3185336304660887 +/- 0.15272595149897358
    choice_probs: [0.57656707 0.42343293] +/- [0.35247664 0.35247665]
    all_seq_probs: [[0.57656707 0.42343293]] +/- [[0.35247664 0.35247665]]
  tvd_auc: 0.0 +/- 0.0
unconditional_point
  expected_dist: [0.5 0.5] +/- [0. 0.]
  kl_div: 1.2497448484897613 +/- 0.6668872211743488
  tvd: 0.44639343423739775 +/- 0.08215179047011091
  choice_probs: [0.56521649 0.43478352] +/- [0.44918017 0.44918017]
  all_seq_probs: [[0.56521649 0.43478352]] +/- [[0.44918017 0.44918017]]
