biased_point
  tvd_auc: 0.0 +/- 0.0
  When you flip coins, they land on heads 0% of the time.
    kl_div: 0.0020300618013849602 +/- 0.0023720668242288357
    expected_dist: [9.9999795e-09 1.0000000e+00] +/- [1.8651747e-14 0.0000000e+00]
    all_seq_probs: [[0.00202532 0.99797469]] +/- [[0.00236118 0.00236119]]
    tvd: 0.0020253147371830627 +/- 0.0023611873061852996
    choice_probs: [0.00202532 0.99797469] +/- [0.00236118 0.00236119]
unconditional_point
  kl_div: 0.7592839635014534 +/- 0.3398133982590644
  expected_dist: [0.5 0.5] +/- [0. 0.]
  all_seq_probs: [[0.0746427 0.9253573]] +/- [[0.04967382 0.04967382]]
  tvd: 0.42535729650687426 +/- 0.04967382410376968
  choice_probs: [0.0746427 0.9253573] +/- [0.04967382 0.04967382]
