biased_point
  When you roll dice, they land on 2 40% of the time.
    expected_dist: [0.12000033 0.40000096 0.12000033 0.12000033 0.12000033 0.12000033] +/- [3.3527613e-07 9.2387199e-07 3.3527613e-07 3.3527613e-07 3.3527613e-07
 3.3527613e-07]
    tvd: 0.6695768183439139 +/- 0.13915332042965062
    kl_div: 4.921126823113067 +/- 2.625481502111942
    choice_probs: [0.167311   0.17934881 0.08926893 0.28734994 0.05998441 0.21673692] +/- [0.29789268 0.32770238 0.19847404 0.35242528 0.11389349 0.30791736]
    all_seq_probs: [[0.167311   0.17934881 0.08926893 0.28734994 0.05998441 0.21673692]] +/- [[0.29789268 0.32770238 0.19847404 0.35242528 0.11389349 0.30791736]]
  tvd_auc: 0.0 +/- 0.0
