biased_point
  tvd_auc: 0.0 +/- 0.0
  When I roll dice, they land on 2 60% of the time.
    kl_div: 0.7753993435448501 +/- 0.301286902423231
    expected_dist: [0.07999998 0.60000026 0.07999998 0.07999998 0.07999998 0.07999998] +/- [4.4703484e-08 1.7881393e-07 4.4703484e-08 4.4703484e-08 4.4703484e-08
 4.4703484e-08]
    all_seq_probs: [[0.14404442 0.13205226 0.307948   0.17895069 0.10031412 0.13669049]] +/- [[0.04911561 0.07891713 0.11004079 0.07203506 0.03396802 0.05173045]]
    choice_probs: [0.14404442 0.13205226 0.307948   0.17895069 0.10031412 0.13669049] +/- [0.04911561 0.07891713 0.11004079 0.07203506 0.03396802 0.05173045]
    tvd: 0.48600331688765436 +/- 0.06866562617503613
unconditional_point
  kl_div: 0.5140441416046815 +/- 0.1748346059398981
  expected_dist: [0.16666663 0.16666663 0.16666663 0.16666663 0.16666663 0.16666663] +/- [5.9604645e-08 5.9604645e-08 5.9604645e-08 5.9604645e-08 5.9604645e-08
 5.9604645e-08]
  all_seq_probs: [[0.0719503  0.10074549 0.3763966  0.24628393 0.11407591 0.09054777]] +/- [[0.03812011 0.13724179 0.16610547 0.09209024 0.06452562 0.06029237]]
  choice_probs: [0.0719503  0.10074549 0.3763966  0.24628393 0.11407591 0.09054777] +/- [0.03812011 0.13724179 0.16610547 0.09209024 0.06452562 0.06029237]
  tvd: 0.3674569023982622 +/- 0.07330467027311682
