unconditional_point
  tvd: 0.5838724560625851 +/- 0.16589868178667913
  choice_probs: [0.03732164 0.56765649 0.20558286 0.07730397 0.07806076 0.03507161] +/- [0.08574694 0.34118546 0.17525415 0.1070697  0.16258558 0.09522256]
  kl_div: 2.1864457861667033 +/- 1.3242199148009517
  expected_dist: [0.16666676 0.16666676 0.16666676 0.16666676 0.16666676 0.16666676] +/- [7.4505806e-08 7.4505806e-08 7.4505806e-08 7.4505806e-08 7.4505806e-08
 7.4505806e-08]
  all_seq_probs: [[0.03732164 0.56765649 0.20558286 0.07730397 0.07806076 0.03507161]] +/- [[0.08574694 0.34118546 0.17525415 0.1070697  0.16258558 0.09522256]]
biased_point
  tvd_auc: 0.0 +/- 0.0
  When you roll dice, they land on 1 80% of the time.
    tvd: 0.35832190999388697 +/- 0.2953715499386423
    choice_probs: [0.55302257 0.21848248 0.05840366 0.06699189 0.04861957 0.05473578] +/- [0.34190762 0.28820357 0.0941178  0.11307074 0.09685008 0.11737848]
    kl_div: 1.2381907896754019 +/- 2.1876681731450027
    expected_dist: [0.8000019  0.03999997 0.03999997 0.03999997 0.03999997 0.03999997] +/- [1.9669533e-06 4.0978193e-08 4.0978193e-08 4.0978193e-08 4.0978193e-08
 4.0978193e-08]
    all_seq_probs: [[0.55302257 0.21848248 0.05840366 0.06699189 0.04861957 0.05473578]] +/- [[0.34190762 0.28820357 0.0941178  0.11307074 0.09685008 0.11737848]]
