biased_point
  tvd_auc: 0.0 +/- 0.0
  When I roll dice, they land on 4 80% of the time.
    tvd: 0.24966295016929507 +/- 0.11712259937312154
    kl_div: 0.19964410000364297 +/- 0.13614884478764666
    choice_probs: [0.05553978 0.07036179 0.06639892 0.58609781 0.08144053 0.14016116] +/- [0.05141823 0.06359307 0.04451799 0.15412301 0.05203344 0.09962381]
    all_seq_probs: [[0.05553978 0.07036179 0.06639892 0.58609781 0.08144053 0.14016116]] +/- [[0.05141823 0.06359307 0.04451799 0.15412301 0.05203344 0.09962381]]
    expected_dist: [0.03999999 0.03999999 0.03999999 0.7999996  0.03999999 0.03999999] +/- [2.2351742e-08 2.2351742e-08 2.2351742e-08 4.1723251e-07 2.2351742e-08
 2.2351742e-08]
