unconditional_point
  tvd: 0.29451776716858147 +/- 0.05592041082781197
  kl_div: 0.23561295330524445 +/- 0.12014213558086442
  choice_probs: [0.79451777 0.20548223] +/- [0.05592042 0.05592041]
  expected_dist: [0.5 0.5] +/- [0. 0.]
  all_seq_probs: [[0.79451777 0.20548223]] +/- [[0.05592042 0.05592041]]
biased_point
  When I flip coins they land on heads 80% of the time.
    tvd: 0.04587959691882133 +/- 0.03393634166745826
    kl_div: 0.010410239247139543 +/- 0.013992867100821881
    choice_probs: [0.79235879 0.2076412 ] +/- [0.05655286 0.05655284]
    expected_dist: [0.7999996 0.1999999] +/- [4.1723251e-07 1.1920929e-07]
    all_seq_probs: [[0.79235879 0.2076412 ]] +/- [[0.05655286 0.05655284]]
  tvd_auc: 0.0 +/- 0.0
