biased_point
  tvd_auc: 0.0 +/- 0.0
  When I flip coins they land on heads 70% of the time.
    all_seq_probs: [[0.8440625  0.15678223]] +/- [[0.11245073 0.11238116]]
    expected_dist: [0.7000003  0.30000013] +/- [2.9802322e-07 1.1920929e-07]
    kl_div: 0.14907392350956797 +/- 0.14632238001485456
    choice_probs: [0.8440625  0.15678223] +/- [0.11245073 0.11238116]
    tvd: 0.16294483423233033 +/- 0.0819210253354754
