biased_point
  When I roll dice, they land on 1 80% of the time.
    choice_probs: [0.7689033  0.06131866 0.04524973 0.04065941 0.03764683 0.04622208] +/- [0.08935443 0.03043103 0.0191845  0.01784518 0.01573066 0.03117804]
    tvd: 0.08442888236604632 +/- 0.05051260637379886
    all_seq_probs: [[0.7689033  0.06131866 0.04524973 0.04065941 0.03764683 0.04622208]] +/- [[0.08935443 0.03043103 0.0191845  0.01784518 0.01573066 0.03117804]]
    expected_dist: [0.7999996  0.03999999 0.03999999 0.03999999 0.03999999 0.03999999] +/- [3.5762787e-07 2.2351742e-08 2.2351742e-08 2.2351742e-08 2.2351742e-08
 2.2351742e-08]
    kl_div: 0.0349634590614005 +/- 0.03417849031464942
  tvd_auc: 0.0 +/- 0.0
