biased_point
  tvd_auc: 0.0 +/- 0.0
  When I flip coins they land on heads 0% of the time.
    tvd: 0.9164318797656261 +/- 0.06602489213398433
    expected_dist: [1.0000003e-08 1.0000000e+00] +/- [4.440892e-15 0.000000e+00]
    all_seq_probs: [[0.9171875  0.08432373]] +/- [[0.06833593 0.06387875]]
    kl_div: 2.667812316691831 +/- 0.6055050183477778
    choice_probs: [0.9171875  0.08432373] +/- [0.06833593 0.06387875]
