biased_point
  tvd_auc: 0.0 +/- 0.0
  When you roll dice, they land on 2 60% of the time.
    all_seq_probs: [[0.01881541 0.16010599 0.1093874  0.07059111 0.04754652 0.59355358]] +/- [[0.04943927 0.27974448 0.1489368  0.08130266 0.08885618 0.32203773]]
    expected_dist: [0.07999994 0.6        0.07999994 0.07999994 0.07999994 0.07999994] +/- [8.1956387e-08 5.9604645e-08 8.1956387e-08 8.1956387e-08 8.1956387e-08
 8.1956387e-08]
    kl_div: 2.4599839453417807 +/- 1.3886033849079005
    tvd: 0.6685914768893263 +/- 0.19209005257825917
    choice_probs: [0.01881541 0.16010599 0.1093874  0.07059111 0.04754652 0.59355358] +/- [0.04943927 0.27974448 0.1489368  0.08130266 0.08885618 0.32203773]
