biased_point
  tvd_auc: 0.0 +/- 0.0
  When you roll dice, they land on 1 40% of the time.
    expected_dist: [0.40000096 0.12000033 0.12000033 0.12000033 0.12000033 0.12000033] +/- [9.2387199e-07 3.3527613e-07 3.3527613e-07 3.3527613e-07 3.3527613e-07
 3.3527613e-07]
    tvd: 0.4417777692981181 +/- 0.14704081743593295
    all_seq_probs: [[0.17715109 0.10934504 0.14101224 0.19656694 0.14167985 0.23424484]] +/- [[0.18164868 0.10511593 0.13529878 0.18398396 0.17404316 0.19439672]]
    kl_div: 0.8822498654338997 +/- 0.6953627537172363
    choice_probs: [0.17715109 0.10934504 0.14101224 0.19656694 0.14167985 0.23424484] +/- [0.18164868 0.10511593 0.13529878 0.18398396 0.17404316 0.19439672]
