unconditional_point
  choice_probs: [0.85582191 0.14417809] +/- [0.21534489 0.21534489]
  all_seq_probs: [[0.85582191 0.14417809]] +/- [[0.21534489 0.21534489]]
  tvd: 0.4129017197713256 +/- 0.04994820514056397
  expected_dist: [0.5 0.5] +/- [0. 0.]
  kl_div: 0.6474407542943954 +/- 0.24573638938730963
biased_point
  tvd_auc: 0.0 +/- 0.0
  When you flip coins, they land on heads 20% of the time.
    choice_probs: [0.67311305 0.32688693] +/- [0.12665134 0.12665135]
    all_seq_probs: [[0.67311305 0.32688693]] +/- [[0.12665134 0.12665135]]
    tvd: 0.4749280623942614 +/- 0.11966563605722685
    expected_dist: [0.20000048 0.8000019 ] +/- [4.6193600e-07 1.9073486e-06]
    kl_div: 0.5243070999970659 +/- 0.20514868187526702
