unconditional_point
  kl_div: 0.10428289040166419 +/- 0.06712667544872894
  expected_dist: [0.16666663 0.16666663 0.16666663 0.16666663 0.16666663 0.16666663] +/- [5.9604645e-08 5.9604645e-08 5.9604645e-08 5.9604645e-08 5.9604645e-08
 5.9604645e-08]
  tvd: 0.15621514804661274 +/- 0.05023249091773831
  choice_probs: [0.15552443 0.12165167 0.2104243  0.20533546 0.1740786  0.13298554] +/- [0.03469492 0.10320512 0.06109667 0.04390952 0.04742813 0.03074687]
  all_seq_probs: [[0.15552443 0.12165167 0.2104243  0.20533546 0.1740786  0.13298554]] +/- [[0.03469492 0.10320512 0.06109667 0.04390952 0.04742813 0.03074687]]
biased_point
  When I roll dice, they land on 2 60% of the time.
    kl_div: 0.6777321564953308 +/- 0.3071331996810241
    expected_dist: [0.07999998 0.60000026 0.07999998 0.07999998 0.07999998 0.07999998] +/- [4.4703484e-08 1.7881393e-07 4.4703484e-08 4.4703484e-08 4.4703484e-08
 4.4703484e-08]
    tvd: 0.48123533379286526 +/- 0.1362679439087316
    choice_probs: [0.08932631 0.18343559 0.09723545 0.10343477 0.07120966 0.45535823] +/- [0.05278862 0.11168047 0.04618057 0.07886565 0.05350843 0.23206976]
    all_seq_probs: [[0.08932631 0.18343559 0.09723545 0.10343477 0.07120966 0.45535823]] +/- [[0.05278862 0.11168047 0.04618057 0.07886565 0.05350843 0.23206976]]
  tvd_auc: 0.0 +/- 0.0
