biased_point
  When I roll dice, they land on 2 20% of the time.
    choice_probs: [0.16632134 0.18116462 0.17028985 0.15171583 0.16874267 0.16176571] +/- [0.02782376 0.02996432 0.0166207  0.01358742 0.02075021 0.02449607]
    tvd: 0.056392083764076235 +/- 0.025986038131307742
    expected_dist: [0.15999995 0.1999999  0.15999995 0.15999995 0.15999995 0.15999995] +/- [8.9406967e-08 1.3411045e-07 8.9406967e-08 8.9406967e-08 8.9406967e-08
 8.9406967e-08]
    kl_div: 0.011058542595710605 +/- 0.012083399178010528
    all_seq_probs: [[0.16632134 0.18116462 0.17028985 0.15171583 0.16874267 0.16176571]] +/- [[0.02782376 0.02996432 0.0166207  0.01358742 0.02075021 0.02449607]]
  tvd_auc: 0.0 +/- 0.0
