biased_point
  tvd_auc: 0.0 +/- 0.0
  When I roll dice, they land on 4 40% of the time.
    all_seq_probs: [[0.13020988 0.13206398 0.13345891 0.32201974 0.13753772 0.14470977]] +/- [[0.02354244 0.02480167 0.0280274  0.06279886 0.02146741 0.02556916]]
    kl_div: 0.031883703735657035 +/- 0.019696727160592932
    expected_dist: [0.11999992 0.11999992 0.11999992 0.3999998  0.11999992 0.11999992] +/- [7.4505806e-08 7.4505806e-08 7.4505806e-08 2.3841858e-07 7.4505806e-08
 7.4505806e-08]
    tvd: 0.10386049900203943 +/- 0.03917560300507956
    choice_probs: [0.13020988 0.13206398 0.13345891 0.32201974 0.13753772 0.14470977] +/- [0.02354244 0.02480167 0.0280274  0.06279886 0.02146741 0.02556916]
