biased_point
  When you roll dice, they land on 1 40% of the time.
    kl_div: 4.228182912070595 +/- 2.7340461645589147
    tvd: 0.6676444461801265 +/- 0.14911028429297596
    all_seq_probs: [[0.10783758 0.16120169 0.09217033 0.20950796 0.04060813 0.38867432]] +/- [[0.21017374 0.28025838 0.17232335 0.28468034 0.12975756 0.36349235]]
    choice_probs: [0.10783758 0.16120169 0.09217033 0.20950796 0.04060813 0.38867432] +/- [0.21017374 0.28025838 0.17232335 0.28468034 0.12975756 0.36349235]
    expected_dist: [0.40000096 0.12000033 0.12000033 0.12000033 0.12000033 0.12000033] +/- [9.2387199e-07 3.3527613e-07 3.3527613e-07 3.3527613e-07 3.3527613e-07
 3.3527613e-07]
  tvd_auc: 0.0 +/- 0.0
