biased_point
  When I roll dice, they land on 3 40% of the time.
    expected_dist: [0.11999992 0.11999992 0.3999998  0.11999992 0.11999992 0.11999992] +/- [7.4505806e-08 7.4505806e-08 2.3841858e-07 7.4505806e-08 7.4505806e-08
 7.4505806e-08]
    kl_div: 0.14363640186813428 +/- 0.10503098319778897
    all_seq_probs: [[0.12576121 0.17017091 0.25511198 0.16505941 0.17263391 0.11126257]] +/- [[0.05141507 0.05812651 0.08720649 0.0552347  0.0721799  0.05655588]]
    tvd: 0.2109192721825093 +/- 0.06594137934125593
    choice_probs: [0.12576121 0.17017091 0.25511198 0.16505941 0.17263391 0.11126257] +/- [0.05141507 0.05812651 0.08720649 0.0552347  0.0721799  0.05655588]
  tvd_auc: 0.0 +/- 0.0
