biased_point
  tvd_auc: 0.0 +/- 0.0
  When I flip coins they land on heads 20% of the time.
    tvd: 0.7044226044416427 +/- 0.08121951834486575
    kl_div: 1.5953592932224274 +/- 0.5469292062797333
    choice_probs: [0.90507812 0.09623291] +/- [0.08119458 0.08144444]
    expected_dist: [0.1999999 0.7999996] +/- [1.1920929e-07 4.1723251e-07]
    all_seq_probs: [[0.90507812 0.09623291]] +/- [[0.08119458 0.08144444]]
