biased_point
  tvd_auc: 0.0 +/- 0.0
  When you flip coins, they land on heads 40% of the time.
    expected_dist: [0.40000096 0.6       ] +/- [9.23872e-07 0.00000e+00]
    choice_probs: [0.2444375  0.75556251] +/- [0.13425429 0.13425429]
    kl_div: 0.13366765400022268 +/- 0.1372511047509284
    all_seq_probs: [[0.2444375  0.75556251]] +/- [[0.13425429 0.13425429]]
    tvd: 0.18102379402518273 +/- 0.09723319541052704
unconditional_point
  expected_dist: [0.5 0.5] +/- [0. 0.]
  choice_probs: [0.26986889 0.73013112] +/- [0.14211288 0.14211288]
  kl_div: 0.20631983584165572 +/- 0.1975458424420706
  all_seq_probs: [[0.26986889 0.73013112]] +/- [[0.14211288 0.14211288]]
  tvd: 0.24317545963078738 +/- 0.1184149291020478
