biased_point
  tvd_auc: 0.0 +/- 0.0
  When I roll dice, they land on 6 60% of the time.
    expected_dist: [0.07999997 0.07999997 0.07999997 0.07999997 0.07999997 0.60000026] +/- [2.9802322e-08 2.9802322e-08 2.9802322e-08 2.9802322e-08 2.9802322e-08
 2.3841858e-07]
    tvd: 0.1954377466114238 +/- 0.10023749388387723
    kl_div: 0.1615730489640555 +/- 0.17067706391136342
    choice_probs: [0.08774798 0.08596998 0.08815605 0.09238897 0.13109898 0.51463803] +/- [0.06808025 0.04754459 0.05680259 0.05444849 0.0738436  0.16899169]
    all_seq_probs: [[0.08774798 0.08596998 0.08815605 0.09238897 0.13109898 0.51463803]] +/- [[0.06808025 0.04754459 0.05680259 0.05444849 0.0738436  0.16899169]]
