biased_point
  When I roll dice, they land on 1 0% of the time.
    choice_probs: [0.19606562 0.16342488 0.1684143  0.16357156 0.14574611 0.16277755] +/- [0.04952335 0.03042171 0.03723612 0.03141956 0.03449721 0.0357105 ]
    tvd: 0.20883795953476045 +/- 0.05007331057358349
    all_seq_probs: [[0.19606562 0.16342488 0.1684143  0.16357156 0.14574611 0.16277755]] +/- [[0.04952335 0.03042171 0.03723612 0.03141956 0.03449721 0.0357105 ]]
    kl_div: 0.24268318591119112 +/- 0.07348839328920585
    expected_dist: [1.0000003e-08 1.9999990e-01 1.9999990e-01 1.9999990e-01 1.9999990e-01
 1.9999990e-01] +/- [4.4408921e-15 1.1920929e-07 1.1920929e-07 1.1920929e-07 1.1920929e-07
 1.1920929e-07]
  tvd_auc: 0.0 +/- 0.0
