biased_point
  tvd_auc: 0.0 +/- 0.0
  When I flip coins they land on heads 70% of the time.
    kl_div: 0.2330656284559518 +/- 0.15277069882380462
    tvd: 0.20401856660842896 +/- 0.07138125080088269
    expected_dist: [0.7000003  0.30000013] +/- [2.9802322e-07 1.1920929e-07]
    choice_probs: [0.90476563 0.09672852] +/- [0.07208652 0.07080629]
    all_seq_probs: [[0.90476563 0.09672852]] +/- [[0.07208652 0.07080629]]
