biased_point
  When I flip coins they land on heads 70% of the time.
    all_seq_probs: [[0.83527344 0.16593262]] +/- [[0.13874591 0.13919663]]
    tvd: 0.17173291683197023 +/- 0.08917851131304999
    kl_div: 0.2362594721093774 +/- 0.28782796917106707
    choice_probs: [0.83527344 0.16593262] +/- [0.13874591 0.13919663]
    expected_dist: [0.7000003  0.30000013] +/- [2.9802322e-07 1.1920929e-07]
  tvd_auc: 0.0 +/- 0.0
