biased_point
  When I roll dice, they land on 5 80% of the time.
    expected_dist: [0.03999999 0.03999999 0.03999999 0.03999999 0.7999996  0.03999999] +/- [2.2351742e-08 2.2351742e-08 2.2351742e-08 2.2351742e-08 4.1723251e-07
 2.2351742e-08]
    choice_probs: [0.04840645 0.05552157 0.06519923 0.07213111 0.67912302 0.07961863] +/- [0.03926398 0.04472995 0.07987736 0.0468963  0.15948728 0.05337894]
    all_seq_probs: [[0.04840645 0.05552157 0.06519923 0.07213111 0.67912302 0.07961863]] +/- [[0.03926398 0.04472995 0.07987736 0.0468963  0.15948728 0.05337894]]
    kl_div: 0.13005748669907916 +/- 0.13995294622506593
    tvd: 0.17328624092857353 +/- 0.11840173380498378
  tvd_auc: 0.0 +/- 0.0
