unconditional_point
  all_seq_probs: [[0.63217689 0.36782311]] +/- [[0.21354667 0.21354667]]
  tvd: 0.2095292234197259 +/- 0.1384572635408351
  kl_div: 0.18106379038095474 +/- 0.20494908010717286
  expected_dist: [0.5 0.5] +/- [0. 0.]
  choice_probs: [0.63217689 0.36782311] +/- [0.21354667 0.21354667]
biased_point
  When you flip coins, they land on heads 60% of the time.
    all_seq_probs: [[0.67751452 0.32248549]] +/- [[0.21612042 0.21612042]]
    tvd: 0.19794417841359974 +/- 0.11633847074327992
    kl_div: 0.17335295407800003 +/- 0.18903288156678688
    expected_dist: [0.6        0.40000096] +/- [0.00000e+00 9.23872e-07]
    choice_probs: [0.67751452 0.32248549] +/- [0.21612042 0.21612042]
  tvd_auc: 0.0 +/- 0.0
