biased_point
  When I roll dice, they land on 4 20% of the time.
    expected_dist: [0.15999994 0.15999994 0.15999994 0.1999999  0.15999994 0.15999994] +/- [7.4505806e-08 7.4505806e-08 7.4505806e-08 1.1920929e-07 7.4505806e-08
 7.4505806e-08]
    all_seq_probs: [[0.14092292 0.33418926 0.11701369 0.21866703 0.09061117 0.09859594]] +/- [[0.06409237 0.19736959 0.05543108 0.08356914 0.04791865 0.05871648]]
    kl_div: 0.23932301421067678 +/- 0.2352583956147881
    tvd: 0.2567663685977459 +/- 0.15439876075620002
    choice_probs: [0.14092292 0.33418926 0.11701369 0.21866703 0.09061117 0.09859594] +/- [0.06409237 0.19736959 0.05543108 0.08356914 0.04791865 0.05871648]
  tvd_auc: 0.0 +/- 0.0
