biased_point
  tvd_auc: 0.0 +/- 0.0
  When I roll dice, they land on 6 60% of the time.
    kl_div: 0.16560622400604189 +/- 0.10956059231482015
    all_seq_probs: [[0.08876148 0.088981   0.11130373 0.13510584 0.1483144  0.42753353]] +/- [[0.04344658 0.04723019 0.05105371 0.0461307  0.0569782  0.16310475]]
    choice_probs: [0.08876148 0.088981   0.11130373 0.13510584 0.1483144  0.42753353] +/- [0.04344658 0.04723019 0.05105371 0.0461307  0.0569782  0.16310475]
    expected_dist: [0.07999997 0.07999997 0.07999997 0.07999997 0.07999997 0.60000026] +/- [2.9802322e-08 2.9802322e-08 2.9802322e-08 2.9802322e-08 2.9802322e-08
 2.3841858e-07]
    tvd: 0.2359110717335716 +/- 0.08417309632133892
