biased_point
  When I roll dice, they land on 2 0% of the time.
    choice_probs: [0.15856361 0.16221408 0.16520206 0.15226999 0.17425928 0.18749099] +/- [0.02334873 0.01790191 0.02288647 0.02166097 0.02971551 0.04541857]
    expected_dist: [1.9999990e-01 1.0000003e-08 1.9999990e-01 1.9999990e-01 1.9999990e-01
 1.9999990e-01] +/- [1.1920929e-07 4.4408921e-15 1.1920929e-07 1.1920929e-07 1.1920929e-07
 1.1920929e-07]
    all_seq_probs: [[0.15856361 0.16221408 0.16520206 0.15226999 0.17425928 0.18749099]] +/- [[0.02334873 0.01790191 0.02288647 0.02166097 0.02971551 0.04541857]]
    kl_div: 0.1939570824488814 +/- 0.02255192238282747
    tvd: 0.1790751569637022 +/- 0.027265477139204113
  tvd_auc: 0.0 +/- 0.0
