biased_point
  When you roll dice, they land on 4 40% of the time.
    all_seq_probs: [[0.06259934 0.16280431 0.18495865 0.18738239 0.14421859 0.25803672]] +/- [[0.04285187 0.10164396 0.14176557 0.21609165 0.09038954 0.15187752]]
    kl_div: 0.5359045490391909 +/- 0.41300107048402646
    tvd: 0.3971286376961507 +/- 0.120865617621589
    expected_dist: [0.12000033 0.12000033 0.12000033 0.40000096 0.12000033 0.12000033] +/- [3.3527613e-07 3.3527613e-07 3.3527613e-07 9.2387199e-07 3.3527613e-07
 3.3527613e-07]
    choice_probs: [0.06259934 0.16280431 0.18495865 0.18738239 0.14421859 0.25803672] +/- [0.04285187 0.10164396 0.14176557 0.21609165 0.09038954 0.15187752]
  tvd_auc: 0.0 +/- 0.0
