biased_point
  tvd_auc: 0.0 +/- 0.0
  When I roll dice, they land on 1 0% of the time.
    choice_probs: [0.08700927 0.14562327 0.1789044  0.2075212  0.21310352 0.16783834] +/- [0.03445791 0.05170767 0.06845696 0.05239912 0.08989225 0.07143815]
    all_seq_probs: [[0.08700927 0.14562327 0.1789044  0.2075212  0.21310352 0.16783834]] +/- [[0.03445791 0.05170767 0.06845696 0.05239912 0.08989225 0.07143815]]
    kl_div: 0.18170411020536023 +/- 0.11426927381036685
    tvd: 0.1911412472196779 +/- 0.06441226355769722
    expected_dist: [1.0000003e-08 1.9999990e-01 1.9999990e-01 1.9999990e-01 1.9999990e-01
 1.9999990e-01] +/- [4.4408921e-15 1.1920929e-07 1.1920929e-07 1.1920929e-07 1.1920929e-07
 1.1920929e-07]
