biased_point
  When I roll dice, they land on 3 40% of the time.
    expected_dist: [0.11999992 0.11999992 0.3999998  0.11999992 0.11999992 0.11999992] +/- [7.4505806e-08 7.4505806e-08 2.3841858e-07 7.4505806e-08 7.4505806e-08
 7.4505806e-08]
    kl_div: 0.33528791785240175 +/- 0.18982941605788886
    tvd: 0.317410140838474 +/- 0.07680637740142711
    choice_probs: [0.10791733 0.28110812 0.16093076 0.20381591 0.12672762 0.11950026] +/- [0.04518529 0.11412592 0.0752509  0.09714842 0.05874085 0.04493857]
    all_seq_probs: [[0.10791733 0.28110812 0.16093076 0.20381591 0.12672762 0.11950026]] +/- [[0.04518529 0.11412592 0.0752509  0.09714842 0.05874085 0.04493857]]
  tvd_auc: 0.0 +/- 0.0
unconditional_point
  expected_dist: [0.16666663 0.16666663 0.16666663 0.16666663 0.16666663 0.16666663] +/- [5.9604645e-08 5.9604645e-08 5.9604645e-08 5.9604645e-08 5.9604645e-08
 5.9604645e-08]
  kl_div: 0.3641458942571626 +/- 0.14564009353917168
  tvd: 0.3027228693244979 +/- 0.07267433356223213
  choice_probs: [0.06625857 0.21312951 0.20204923 0.24931466 0.14588487 0.12336315] +/- [0.03364162 0.11594935 0.15742747 0.15325743 0.07314602 0.07135637]
  all_seq_probs: [[0.06625857 0.21312951 0.20204923 0.24931466 0.14588487 0.12336315]] +/- [[0.03364162 0.11594935 0.15742747 0.15325743 0.07314602 0.07135637]]
