biased_point
  tvd_auc: 0.0 +/- 0.0
  When you roll dice, they land on 6 80% of the time.
    tvd: 0.3689978948926878 +/- 0.30622087953250804
    all_seq_probs: [[0.07620652 0.10462681 0.0224491  0.07367359 0.04659244 0.67645154]] +/- [[0.2129339  0.25711492 0.07977102 0.16229929 0.12049924 0.4200312 ]]
    expected_dist: [0.03999997 0.03999997 0.03999997 0.03999997 0.03999997 0.8000019 ] +/- [4.0978193e-08 4.0978193e-08 4.0978193e-08 4.0978193e-08 4.0978193e-08
 1.9073486e-06]
    choice_probs: [0.07620652 0.10462681 0.0224491  0.07367359 0.04659244 0.67645154] +/- [0.2129339  0.25711492 0.07977102 0.16229929 0.12049924 0.4200312 ]
    kl_div: 1.629408471175906 +/- 2.3645040767830867
