biased_point
  When I roll dice, they land on 6 80% of the time.
    kl_div: 0.30854853372555224 +/- 0.27689233117467527
    all_seq_probs: [[0.07070963 0.06209061 0.06803234 0.07576983 0.08769514 0.63570245]] +/- [[0.07147563 0.06011175 0.06285905 0.0690235  0.07463988 0.30943574]]
    tvd: 0.29451632604002953 +/- 0.18976914638531073
    expected_dist: [0.03999999 0.03999999 0.03999999 0.03999999 0.03999999 0.7999996 ] +/- [2.2351742e-08 2.2351742e-08 2.2351742e-08 2.2351742e-08 2.2351742e-08
 4.1723251e-07]
    choice_probs: [0.07070963 0.06209061 0.06803234 0.07576983 0.08769514 0.63570245] +/- [0.07147563 0.06011175 0.06285905 0.0690235  0.07463988 0.30943574]
  tvd_auc: 0.0 +/- 0.0
