biased_point
  tvd_auc: 0.0 +/- 0.0
  When I roll dice, they land on 1 60% of the time.
    expected_dist: [0.60000026 0.07999998 0.07999998 0.07999998 0.07999998 0.07999998] +/- [1.7881393e-07 4.4703484e-08 4.4703484e-08 4.4703484e-08 4.4703484e-08
 4.4703484e-08]
    tvd: 0.232481826642761 +/- 0.11647776800663572
    choice_probs: [0.39686149 0.13990961 0.130025   0.10170179 0.1126645  0.11883761] +/- [0.15973154 0.03953347 0.04350223 0.03515966 0.03510903 0.04338792]
    all_seq_probs: [[0.39686149 0.13990961 0.130025   0.10170179 0.1126645  0.11883761]] +/- [[0.15973154 0.03953347 0.04350223 0.03515966 0.03510903 0.04338792]]
    kl_div: 0.17335294771037296 +/- 0.18467982259070945
