biased_point
  tvd_auc: 0.0 +/- 0.0
  When you roll dice, they land on 3 40% of the time.
    tvd: 0.2850645581977442 +/- 0.09132134657737823
    all_seq_probs: [[0.08347434 0.17459038 0.21777794 0.10545631 0.16454471 0.25415633]] +/- [[0.04937297 0.08566323 0.09938059 0.05539207 0.09040188 0.10967054]]
    expected_dist: [0.12000033 0.12000033 0.40000096 0.12000033 0.12000033 0.12000033] +/- [3.3527613e-07 3.3527613e-07 9.2387199e-07 3.3527613e-07 3.3527613e-07
 3.3527613e-07]
    choice_probs: [0.08347434 0.17459038 0.21777794 0.10545631 0.16454471 0.25415633] +/- [0.04937297 0.08566323 0.09938059 0.05539207 0.09040188 0.10967054]
    kl_div: 0.253912392107668 +/- 0.1652502055337439
