biased_point
  tvd_auc: 0.0 +/- 0.0
  When I roll dice, they land on 1 60% of the time.
    kl_div: 0.261764123882167 +/- 0.19111716264155776
    all_seq_probs: [[0.30826459 0.18011988 0.14510196 0.11012228 0.12323419 0.1331571 ]] +/- [[0.1199652  0.08400742 0.03691952 0.03412202 0.05773052 0.05031491]]
    tvd: 0.3071738906390965 +/- 0.1039614522118021
    choice_probs: [0.30826459 0.18011988 0.14510196 0.11012228 0.12323419 0.1331571 ] +/- [0.1199652  0.08400742 0.03691952 0.03412202 0.05773052 0.05031491]
    expected_dist: [0.60000026 0.07999998 0.07999998 0.07999998 0.07999998 0.07999998] +/- [1.7881393e-07 4.4703484e-08 4.4703484e-08 4.4703484e-08 4.4703484e-08
 4.4703484e-08]
