biased_point
  When I roll dice, they land on 3 80% of the time.
    all_seq_probs: [[0.06935678 0.10172023 0.54863509 0.11006528 0.09010521 0.08011741]] +/- [[0.05475846 0.07171043 0.26921147 0.07943065 0.09087358 0.05842615]]
    choice_probs: [0.06935678 0.10172023 0.54863509 0.11006528 0.09010521 0.08011741] +/- [0.05475846 0.07171043 0.26921147 0.07943065 0.09087358 0.05842615]
    tvd: 0.2895189344417304 +/- 0.228769406560722
    expected_dist: [0.03999999 0.03999999 0.7999996  0.03999999 0.03999999 0.03999999] +/- [2.2351742e-08 2.2351742e-08 4.1723251e-07 2.2351742e-08 2.2351742e-08
 2.2351742e-08]
    kl_div: 0.3297567218384938 +/- 0.36672290637468774
  tvd_auc: 0.0 +/- 0.0
