biased_point
  When I roll dice, they land on 3 20% of the time.
    all_seq_probs: [[0.13186454 0.20232181 0.27901879 0.14037303 0.13417014 0.11225169]] +/- [[0.03900933 0.05335316 0.09901048 0.03635511 0.0541266  0.04032597]]
    tvd: 0.15760099137201905 +/- 0.08602977197235233
    choice_probs: [0.13186454 0.20232181 0.27901879 0.14037303 0.13417014 0.11225169] +/- [0.03900933 0.05335316 0.09901048 0.03635511 0.0541266  0.04032597]
    expected_dist: [0.15999995 0.15999995 0.1999999  0.15999995 0.15999995 0.15999995] +/- [8.9406967e-08 8.9406967e-08 1.3411045e-07 8.9406967e-08 8.9406967e-08
 8.9406967e-08]
    kl_div: 0.08842164705973118 +/- 0.10420990355125541
  tvd_auc: 0.0 +/- 0.0
