biased_point
  tvd_auc: 0.0 +/- 0.0
  When I flip coins they land on heads 20% of the time.
    choice_probs: [0.55004446 0.44995556] +/- [0.10279879 0.1027988 ]
    tvd: 0.3500444488227367 +/- 0.10279879382942378
    expected_dist: [0.1999999 0.7999996] +/- [1.1920929e-07 4.1723251e-07]
    all_seq_probs: [[0.55004446 0.44995556]] +/- [[0.10279879 0.1027988 ]]
    kl_div: 0.2829708009469323 +/- 0.1426904098069551
unconditional_point
  choice_probs: [0.44953025 0.55046975] +/- [0.15278903 0.15278904]
  tvd: 0.13169362932443618 +/- 0.09245794746494036
  expected_dist: [0.5 0.5] +/- [0. 0.]
  all_seq_probs: [[0.44953025 0.55046975]] +/- [[0.15278903 0.15278904]]
  kl_div: 0.061538109183311464 +/- 0.09046915867641976
