biased_point
  When you roll dice, they land on 1 0% of the time.
    kl_div: 7.710952489198541 +/- 3.2032962021853866
    expected_dist: [9.9999795e-09 2.0000048e-01 2.0000048e-01 2.0000048e-01 2.0000048e-01
 2.0000048e-01] +/- [1.8651747e-14 4.6193600e-07 4.6193600e-07 4.6193600e-07 4.6193600e-07
 4.6193600e-07]
    tvd: 0.7684604676406537 +/- 0.11899741258683794
    choice_probs: [0.51839805 0.1395939  0.06193859 0.0451047  0.02454909 0.21041566] +/- [0.30892687 0.27344312 0.12749482 0.10095972 0.06756051 0.29769947]
    all_seq_probs: [[0.51839805 0.1395939  0.06193859 0.0451047  0.02454909 0.21041566]] +/- [[0.30892687 0.27344312 0.12749482 0.10095972 0.06756051 0.29769947]]
  tvd_auc: 0.0 +/- 0.0
