unconditional_point
  choice_probs: [0.05875624 0.21855629 0.32777083 0.14167588 0.10922926 0.14401148] +/- [0.03325957 0.16555271 0.09572279 0.10043877 0.08433314 0.0944675 ]
  tvd: 0.32741389981936664 +/- 0.0844775808129012
  expected_dist: [0.16666663 0.16666663 0.16666663 0.16666663 0.16666663 0.16666663] +/- [5.9604645e-08 5.9604645e-08 5.9604645e-08 5.9604645e-08 5.9604645e-08
 5.9604645e-08]
  all_seq_probs: [[0.05875624 0.21855629 0.32777083 0.14167588 0.10922926 0.14401148]] +/- [[0.03325957 0.16555271 0.09572279 0.10043877 0.08433314 0.0944675 ]]
  kl_div: 0.4374542905110866 +/- 0.18010396514879776
biased_point
  When I roll dice, they land on 3 0% of the time.
    choice_probs: [0.13194123 0.24487641 0.21803095 0.14460927 0.14435912 0.11618302] +/- [0.05903881 0.12852069 0.05441837 0.07500103 0.08618918 0.03915002]
    tvd: 0.32248971326396975 +/- 0.06904713083330473
    expected_dist: [1.9999990e-01 1.9999990e-01 1.0000003e-08 1.9999990e-01 1.9999990e-01
 1.9999990e-01] +/- [1.1920929e-07 1.1920929e-07 4.4408921e-15 1.1920929e-07 1.1920929e-07
 1.1920929e-07]
    all_seq_probs: [[0.13194123 0.24487641 0.21803095 0.14460927 0.14435912 0.11618302]] +/- [[0.05903881 0.12852069 0.05441837 0.07500103 0.08618918 0.03915002]]
    kl_div: 0.4377400907996332 +/- 0.11989110574959126
  tvd_auc: 0.0 +/- 0.0
