biased_point
  tvd_auc: 0.0 +/- 0.0
  When you roll dice, they land on 4 0% of the time.
    all_seq_probs: [[0.20093949 0.1592169  0.23469871 0.05528891 0.11783197 0.23202403]] +/- [[0.29449436 0.29472786 0.3182685  0.14395066 0.21966259 0.3493291 ]]
    kl_div: 7.589692611889814 +/- 3.046851001548594
    tvd: 0.6394137092338417 +/- 0.11028275122654611
    expected_dist: [2.0000048e-01 2.0000048e-01 2.0000048e-01 9.9999795e-09 2.0000048e-01
 2.0000048e-01] +/- [4.6193600e-07 4.6193600e-07 4.6193600e-07 1.8651747e-14 4.6193600e-07
 4.6193600e-07]
    choice_probs: [0.20093949 0.1592169  0.23469871 0.05528891 0.11783197 0.23202403] +/- [0.29449436 0.29472786 0.3182685  0.14395066 0.21966259 0.3493291 ]
