biased_point
  tvd_auc: 0.0 +/- 0.0
  When I roll dice, they land on 6 40% of the time.
    all_seq_probs: [[0.11270945 0.15953244 0.14882145 0.13928984 0.17191916 0.26772765]] +/- [[0.07767907 0.08221717 0.08005319 0.06575124 0.07863172 0.11654359]]
    tvd: 0.229797653388232 +/- 0.10560533607246625
    kl_div: 0.1850080701697152 +/- 0.19504068798206922
    expected_dist: [0.11999992 0.11999992 0.11999992 0.11999992 0.11999992 0.3999998 ] +/- [7.4505806e-08 7.4505806e-08 7.4505806e-08 7.4505806e-08 7.4505806e-08
 2.3841858e-07]
    choice_probs: [0.11270945 0.15953244 0.14882145 0.13928984 0.17191916 0.26772765] +/- [0.07767907 0.08221717 0.08005319 0.06575124 0.07863172 0.11654359]
