biased_point
  When I roll dice, they land on 5 40% of the time.
    choice_probs: [0.13096234 0.13004071 0.15022932 0.17123608 0.26735383 0.15017772] +/- [0.05094431 0.03712496 0.02986304 0.03880228 0.07041622 0.04963723]
    tvd: 0.16888764580711724 +/- 0.052465136355898535
    expected_dist: [0.11999992 0.11999992 0.11999992 0.11999992 0.3999998  0.11999992] +/- [7.4505806e-08 7.4505806e-08 7.4505806e-08 7.4505806e-08 2.3841858e-07
 7.4505806e-08]
    all_seq_probs: [[0.13096234 0.13004071 0.15022932 0.17123608 0.26735383 0.15017772]] +/- [[0.05094431 0.03712496 0.02986304 0.03880228 0.07041622 0.04963723]]
    kl_div: 0.09531051761616255 +/- 0.06565617416557883
  tvd_auc: 0.0 +/- 0.0
