unconditional_point
  expected_dist: [0.5 0.5] +/- [0. 0.]
  all_seq_probs: [[0.64818244 0.35181757]] +/- [[0.45903306 0.45903306]]
  choice_probs: [0.64818244 0.35181757] +/- [0.45903306 0.45903306]
  kl_div: 1.6700318366885185 +/- 0.5618568797363175
  tvd: 0.4806168561584782 +/- 0.040949040310314676
biased_point
  When you flip coins, they land on heads 30% of the time.
    expected_dist: [0.3       0.6999983] +/- [0.00000e+00 1.66893e-06]
    all_seq_probs: [[0.64324414 0.35675585]] +/- [[0.37027162 0.37027162]]
    choice_probs: [0.64324414 0.35675585] +/- [0.37027162 0.37027162]
    kl_div: 0.9305672687403858 +/- 0.7254040279982497
    tvd: 0.4511343639995903 +/- 0.22670551496434968
  tvd_auc: 0.0 +/- 0.0
