biased_point
  When you roll dice, they land on 3 0% of the time.
    kl_div: 0.33808763597917246 +/- 0.07916505522868243
    expected_dist: [2.0000048e-01 2.0000048e-01 9.9999795e-09 2.0000048e-01 2.0000048e-01
 2.0000048e-01] +/- [4.6193600e-07 4.6193600e-07 1.8651747e-14 4.6193600e-07 4.6193600e-07
 4.6193600e-07]
    choice_probs: [0.11354902 0.13705939 0.24047712 0.13187976 0.16245522 0.21457949] +/- [0.03185167 0.04399839 0.0321267  0.03708223 0.03566118 0.05738952]
    tvd: 0.27745860014789914 +/- 0.05399738793684728
    all_seq_probs: [[0.11354902 0.13705939 0.24047712 0.13187976 0.16245522 0.21457949]] +/- [[0.03185167 0.04399839 0.0321267  0.03708223 0.03566118 0.05738952]]
  tvd_auc: 0.0 +/- 0.0
