biased_point
  tvd_auc: 0.0 +/- 0.0
  When you flip coins, they land on heads 10% of the time.
    choice_probs: [0.92993214 0.07006787] +/- [0.22007606 0.22007606]
    tvd: 0.8355719316961581 +/- 0.19758631969708892
    kl_div: 5.74341529148817 +/- 2.7593521573013486
    all_seq_probs: [[0.92993214 0.07006787]] +/- [[0.22007606 0.22007606]]
    expected_dist: [0.10000024 0.899998  ] +/- [2.3841858e-07 1.9669533e-06]
unconditional_point
  choice_probs: [0.91859819 0.08140182] +/- [0.27074316 0.27074316]
  tvd: 0.49825406962423674 +/- 0.0164067258966886
  kl_div: 4.632065167784691 +/- 1.4937559657147768
  all_seq_probs: [[0.91859819 0.08140182]] +/- [[0.27074316 0.27074316]]
  expected_dist: [0.5 0.5] +/- [0. 0.]
