unconditional_point
  all_seq_probs: [[0.18621756 0.19382376 0.18303622 0.17461221 0.17137449 0.09093578]] +/- [[0.03877453 0.0993315  0.05267514 0.05358356 0.05226241 0.03911824]]
  kl_div: 0.09141775794836576 +/- 0.08146860047183951
  expected_dist: [0.16666663 0.16666663 0.16666663 0.16666663 0.16666663 0.16666663] +/- [5.9604645e-08 5.9604645e-08 5.9604645e-08 5.9604645e-08 5.9604645e-08
 5.9604645e-08]
  tvd: 0.15417881891131402 +/- 0.06694183422569853
  choice_probs: [0.18621756 0.19382376 0.18303622 0.17461221 0.17137449 0.09093578] +/- [0.03877453 0.0993315  0.05267514 0.05358356 0.05226241 0.03911824]
biased_point
  When I roll dice, they land on 2 20% of the time.
    all_seq_probs: [[0.18258842 0.284967   0.13501394 0.14770618 0.1397176  0.11000687]] +/- [[0.03623355 0.17504206 0.03716971 0.08241846 0.06035358 0.04920137]]
    kl_div: 0.13353089622778497 +/- 0.17220988035928572
    expected_dist: [0.15999995 0.1999999  0.15999995 0.15999995 0.15999995 0.15999995] +/- [8.9406967e-08 1.3411045e-07 8.9406967e-08 8.9406967e-08 8.9406967e-08
 8.9406967e-08]
    tvd: 0.18577813368290663 +/- 0.12821307301605275
    choice_probs: [0.18258842 0.284967   0.13501394 0.14770618 0.1397176  0.11000687] +/- [0.03623355 0.17504206 0.03716971 0.08241846 0.06035358 0.04920137]
  tvd_auc: 0.0 +/- 0.0
