biased_point
  tvd_auc: 0.0 +/- 0.0
  When I flip coins they land on heads 50% of the time.
    choice_probs: [0.53300301 0.46699699] +/- [0.2061228 0.2061228]
    all_seq_probs: [[0.53300301 0.46699699]] +/- [[0.2061228 0.2061228]]
    expected_dist: [0.5 0.5] +/- [0. 0.]
    tvd: 0.1853135549277067 +/- 0.09609731854346278
    kl_div: 0.10936905056238175 +/- 0.12575341166014373
unconditional_point
  choice_probs: [0.43979152 0.56020849] +/- [0.26374864 0.26374863]
  all_seq_probs: [[0.43979152 0.56020849]] +/- [[0.26374864 0.26374863]]
  expected_dist: [0.5 0.5] +/- [0. 0.]
  tvd: 0.24065350547432898 +/- 0.12358922178547842
  kl_div: 0.19835591018199922 +/- 0.16208157868657877
