biased_point
  tvd_auc: 0.0 +/- 0.0
  When I roll dice, they land on 1 20% of the time.
    all_seq_probs: [[0.21337853 0.17966872 0.14685416 0.13790252 0.15193598 0.17026009]] +/- [[0.07016464 0.05544747 0.04245653 0.03614651 0.06693273 0.09379023]]
    expected_dist: [0.1999999  0.15999995 0.15999995 0.15999995 0.15999995 0.15999995] +/- [1.3411045e-07 8.9406967e-08 8.9406967e-08 8.9406967e-08 8.9406967e-08
 8.9406967e-08]
    tvd: 0.11183514714241027 +/- 0.10440858098187603
    choice_probs: [0.21337853 0.17966872 0.14685416 0.13790252 0.15193598 0.17026009] +/- [0.07016464 0.05544747 0.04245653 0.03614651 0.06693273 0.09379023]
    kl_div: 0.0651801744569093 +/- 0.15138024352217708
