biased_point
  tvd_auc: 0.0 +/- 0.0
  When you flip coins, they land on heads 60% of the time.
    all_seq_probs: [[0.52643715 0.47356287]] +/- [[0.05558275 0.05558276]]
    expected_dist: [0.6        0.40000096] +/- [0.00000e+00 9.23872e-07]
    tvd: 0.07689140450954438 +/- 0.050878757375299836
    choice_probs: [0.52643715 0.47356287] +/- [0.05558275 0.05558276]
    kl_div: 0.017153139673173428 +/- 0.01937783131744021
unconditional_point
  all_seq_probs: [[0.54811183 0.4518882 ]] +/- [[0.05898849 0.0589885 ]]
  expected_dist: [0.5 0.5] +/- [0. 0.]
  tvd: 0.06451895904541016 +/- 0.04039421942212754
  choice_probs: [0.54811183 0.4518882 ] +/- [0.05898849 0.0589885 ]
  kl_div: 0.011900603413581849 +/- 0.013352992692445534
