biased_point
  tvd_auc: 0.0 +/- 0.0
  When I roll dice, they land on 6 0% of the time.
    kl_div: 0.35183253197178116 +/- 0.143194891305539
    all_seq_probs: [[0.14911497 0.16217147 0.16764687 0.150688   0.1509461  0.21943259]] +/- [[0.0533669  0.10514281 0.06962677 0.06480851 0.06124544 0.05036601]]
    choice_probs: [0.14911497 0.16217147 0.16764687 0.150688   0.1509461  0.21943259] +/- [0.0533669  0.10514281 0.06962677 0.06480851 0.06124544 0.05036601]
    tvd: 0.28021732281082484 +/- 0.09210153152546742
    expected_dist: [1.9999990e-01 1.9999990e-01 1.9999990e-01 1.9999990e-01 1.9999990e-01
 1.0000003e-08] +/- [1.1920929e-07 1.1920929e-07 1.1920929e-07 1.1920929e-07 1.1920929e-07
 4.4408921e-15]
