biased_point
  When I roll dice, they land on 3 40% of the time.
    all_seq_probs: [[0.14001559 0.16511249 0.26978987 0.14733764 0.1437762  0.13396821]] +/- [[0.08031638 0.05574012 0.11879094 0.04321668 0.04799922 0.06155113]]
    choice_probs: [0.14001559 0.16511249 0.26978987 0.14733764 0.1437762  0.13396821] +/- [0.08031638 0.05574012 0.11879094 0.04321668 0.04799922 0.06155113]
    expected_dist: [0.11999992 0.11999992 0.3999998  0.11999992 0.11999992 0.11999992] +/- [7.4505806e-08 7.4505806e-08 2.3841858e-07 7.4505806e-08 7.4505806e-08
 7.4505806e-08]
    tvd: 0.1940758409537375 +/- 0.07069776282567239
    kl_div: 0.11990880224024295 +/- 0.07741116719326621
  tvd_auc: 0.0 +/- 0.0
