biased_point
  tvd_auc: 0.0 +/- 0.0
  When I roll dice, they land on 1 40% of the time.
    tvd: 0.14298038087785245 +/- 0.04578649063598712
    all_seq_probs: [[0.31048886 0.17227431 0.13194696 0.11691457 0.14137417 0.12700114]] +/- [[0.07790959 0.0400927  0.03409164 0.03617897 0.05115124 0.04105724]]
    kl_div: 0.06290754754561931 +/- 0.03677386702729633
    expected_dist: [0.3999998  0.11999992 0.11999992 0.11999992 0.11999992 0.11999992] +/- [2.3841858e-07 7.4505806e-08 7.4505806e-08 7.4505806e-08 7.4505806e-08
 7.4505806e-08]
    choice_probs: [0.31048886 0.17227431 0.13194696 0.11691457 0.14137417 0.12700114] +/- [0.07790959 0.0400927  0.03409164 0.03617897 0.05115124 0.04105724]
