biased_point
  When I roll dice, they land on 5 60% of the time.
    choice_probs: [0.08017888 0.08741735 0.09463024 0.12588306 0.38171774 0.23017274] +/- [0.04966001 0.04533316 0.03956748 0.04612804 0.13721639 0.05352571]
    expected_dist: [0.07999997 0.07999997 0.07999997 0.07999997 0.60000026 0.07999997] +/- [2.9802322e-08 2.9802322e-08 2.9802322e-08 2.9802322e-08 2.3841858e-07
 2.9802322e-08]
    kl_div: 0.25490156083367765 +/- 0.22110061657076177
    tvd: 0.27937118484900564 +/- 0.07745440667917991
    all_seq_probs: [[0.08017888 0.08741735 0.09463024 0.12588306 0.38171774 0.23017274]] +/- [[0.04966001 0.04533316 0.03956748 0.04612804 0.13721639 0.05352571]]
  tvd_auc: 0.0 +/- 0.0
