biased_point
  tvd_auc: 0.0 +/- 0.0
  When you flip coins, they land on heads 30% of the time.
    choice_probs: [0.3193995 0.6806005] +/- [0.08653602 0.08653602]
    expected_dist: [0.3       0.6999983] +/- [0.00000e+00 1.66893e-06]
    tvd: 0.07486165887117385 +/- 0.04754528645259892
    kl_div: 0.01892637017928064 +/- 0.02059158474300299
    all_seq_probs: [[0.3193995 0.6806005]] +/- [[0.08653602 0.08653602]]
unconditional_point
  choice_probs: [0.3054299  0.69457011] +/- [0.08827509 0.08827509]
  expected_dist: [0.5 0.5] +/- [0. 0.]
  tvd: 0.1945725062638521 +/- 0.08826979905975756
  kl_div: 0.10947247344255448 +/- 0.09680464554093932
  all_seq_probs: [[0.3054299  0.69457011]] +/- [[0.08827509 0.08827509]]
