biased_point
  tvd_auc: 0.0 +/- 0.0
  When you roll dice, they land on 3 20% of the time.
    tvd: 0.6654678562708009 +/- 0.11777881562643372
    kl_div: 5.155287479106803 +/- 2.9325789716308868
    choice_probs: [0.16183548 0.1392409  0.12612667 0.11720355 0.07265808 0.38293532] +/- [0.27732584 0.26595983 0.26220392 0.21614621 0.20131723 0.37372652]
    all_seq_probs: [[0.16183548 0.1392409  0.12612667 0.11720355 0.07265808 0.38293532]] +/- [[0.27732584 0.26595983 0.26220392 0.21614621 0.20131723 0.37372652]]
    expected_dist: [0.15999988 0.15999988 0.20000048 0.15999988 0.15999988 0.15999988] +/- [1.6391277e-07 1.6391277e-07 4.4703484e-07 1.6391277e-07 1.6391277e-07
 1.6391277e-07]
