biased_point
  When you flip coins, they land on heads 100% of the time.
    all_seq_probs: [[9.99999831e-01 1.76275346e-07]] +/- [[3.45945358e-07 3.36621264e-07]]
    kl_div: 1.4992530795465697e-07 +/- 3.3560428402944804e-07
    choice_probs: [9.99999831e-01 1.76275346e-07] +/- [3.45945358e-07 3.36621264e-07]
    expected_dist: [1.0000000e+00 9.9999795e-09] +/- [0.0000000e+00 1.8651747e-14]
    tvd: 1.6758515582493416e-07 +/- 3.4082155541692024e-07
  tvd_auc: 0.0 +/- 0.0
unconditional_point
  all_seq_probs: [[9.99848479e-01 1.51542494e-04]] +/- [[0.00019943 0.00019943]]
  kl_div: 4.01449659371376 +/- 0.575932556093716
  choice_probs: [9.99848479e-01 1.51542494e-04] +/- [0.00019943 0.00019943]
  expected_dist: [0.5 0.5] +/- [0. 0.]
  tvd: 0.4998484682694498 +/- 0.00019943118911388034
