biased_point
  When you flip coins, they land on heads 0% of the time.
    kl_div: 2.519491837788158 +/- 2.0943789032793205
    all_seq_probs: [[0.73422499 0.26577501]] +/- [[0.29531747 0.29531747]]
    tvd: 0.7342249841129407 +/- 0.2953174736197546
    choice_probs: [0.73422499 0.26577501] +/- [0.29531747 0.29531747]
    expected_dist: [9.9999795e-09 1.0000000e+00] +/- [1.8651747e-14 0.0000000e+00]
  tvd_auc: 0.0 +/- 0.0
unconditional_point
  kl_div: 4.788226591229439 +/- 1.1586289246951134
  all_seq_probs: [[9.99753188e-01 2.46824156e-04]] +/- [[0.00141996 0.00141996]]
  tvd: 0.49975318198850677 +/- 0.0014199640024267284
  choice_probs: [9.99753188e-01 2.46824156e-04] +/- [0.00141996 0.00141996]
  expected_dist: [0.5 0.5] +/- [0. 0.]
