unconditional_point
  choice_probs: [0.51709596 0.48290404] +/- [0.2884708  0.28847081]
  tvd: 0.2506012023796793 +/- 0.14389828148443837
  expected_dist: [0.5 0.5] +/- [0. 0.]
  kl_div: 0.30019625973701475 +/- 0.39372091956194194
  all_seq_probs: [[0.51709596 0.48290404]] +/- [[0.2884708  0.28847081]]
biased_point
  tvd_auc: 0.0 +/- 0.0
  When you flip coins, they land on heads 80% of the time.
    choice_probs: [0.78671202 0.21328799] +/- [0.24618528 0.24618527]
    tvd: 0.2015450847534812 +/- 0.14199767538176894
    expected_dist: [0.8000019  0.20000048] +/- [1.9073486e-06 4.6193600e-07]
    kl_div: 0.3235485973805189 +/- 0.3303652346338263
    all_seq_probs: [[0.78671202 0.21328799]] +/- [[0.24618528 0.24618527]]
