biased_point
  tvd_auc: 0.0 +/- 0.0
  When you roll dice, they land on 3 80% of the time.
    expected_dist: [0.03999997 0.03999997 0.8000019  0.03999997 0.03999997 0.03999997] +/- [4.0978193e-08 4.0978193e-08 1.9073486e-06 4.0978193e-08 4.0978193e-08
 4.0978193e-08]
    all_seq_probs: [[0.11430534 0.0347835  0.69111659 0.09024937 0.03095601 0.03857875]] +/- [[0.17091952 0.09611785 0.34573792 0.16370657 0.0485078  0.06747964]]
    kl_div: 0.6647427542849654 +/- 0.9935756275583846
    tvd: 0.29232807670533656 +/- 0.2439216574816937
    choice_probs: [0.11430534 0.0347835  0.69111659 0.09024937 0.03095601 0.03857875] +/- [0.17091952 0.09611785 0.34573792 0.16370657 0.0485078  0.06747964]
