unconditional_point
  kl_div: 0.0876352071762085 +/- 0.13818723816399342
  all_seq_probs: [[0.38781207 0.61218794]] +/- [[0.14555492 0.14555492]]
  tvd: 0.1500880904495716 +/- 0.10604684173653495
  choice_probs: [0.38781207 0.61218794] +/- [0.14555492 0.14555492]
  expected_dist: [0.5 0.5] +/- [0. 0.]
biased_point
  tvd_auc: 0.0 +/- 0.0
  When I flip coins they land on heads 40% of the time.
    kl_div: 0.04581096846610308 +/- 0.07348560948516915
    all_seq_probs: [[0.38857163 0.61142838]] +/- [[0.13373062 0.13373061]]
    tvd: 0.11255903460085392 +/- 0.07310915203120398
    choice_probs: [0.38857163 0.61142838] +/- [0.13373062 0.13373061]
    expected_dist: [0.3999998  0.60000026] +/- [2.3841858e-07 2.3841858e-07]
