unconditional_point
  all_seq_probs: [[0.49559464 0.50440536]] +/- [[0.40560376 0.40560376]]
  expected_dist: [0.5 0.5] +/- [0. 0.]
  tvd: 0.38172301394116337 +/- 0.13719094861869635
  choice_probs: [0.49559464 0.50440536] +/- [0.40560376 0.40560376]
  kl_div: 1.1376188634037971 +/- 1.2498897999199825
biased_point
  tvd_auc: 0.0 +/- 0.0
  When you flip coins, they land on heads 60% of the time.
    all_seq_probs: [[0.64469123 0.35530877]] +/- [[0.36623966 0.36623965]]
    expected_dist: [0.6        0.40000096] +/- [0.00000e+00 9.23872e-07]
    tvd: 0.33715377425392445 +/- 0.14985368141353775
    choice_probs: [0.64469123 0.35530877] +/- [0.36623966 0.36623965]
    kl_div: 1.1460407161922195 +/- 1.2049379674066676
