biased_point
  When you roll dice, they land on 6 80% of the time.
    kl_div: 1.8654646399337944 +/- 2.5002083839042855
    all_seq_probs: [[0.06463869 0.10731031 0.083636   0.16616314 0.02719584 0.55105602]] +/- [[0.15256163 0.22116098 0.12658345 0.22867344 0.06208225 0.4029127 ]]
    expected_dist: [0.03999997 0.03999997 0.03999997 0.03999997 0.03999997 0.8000019 ] +/- [4.0978193e-08 4.0978193e-08 4.0978193e-08 4.0978193e-08 4.0978193e-08
 1.9073486e-06]
    choice_probs: [0.06463869 0.10731031 0.083636   0.16616314 0.02719584 0.55105602] +/- [0.15256163 0.22116098 0.12658345 0.22867344 0.06208225 0.4029127 ]
    tvd: 0.42143041108249474 +/- 0.30247024486428686
  tvd_auc: 0.0 +/- 0.0
