unconditional_point
  kl_div: 0.10302916905187885 +/- 0.05654637655523829
  expected_dist: [0.16666663 0.16666663 0.16666663 0.16666663 0.16666663 0.16666663] +/- [5.9604645e-08 5.9604645e-08 5.9604645e-08 5.9604645e-08 5.9604645e-08
 5.9604645e-08]
  choice_probs: [0.19602313 0.14478104 0.23802039 0.19360645 0.15139427 0.07617473] +/- [0.03707472 0.10483861 0.03464105 0.03076165 0.02957511 0.02651904]
  tvd: 0.17414884209632875 +/- 0.05168133751826218
  all_seq_probs: [[0.19602313 0.14478104 0.23802039 0.19360645 0.15139427 0.07617473]] +/- [[0.03707472 0.10483861 0.03464105 0.03076165 0.02957511 0.02651904]]
biased_point
  When I roll dice, they land on 2 80% of the time.
    kl_div: 0.26733567813156695 +/- 0.2752198586707509
    expected_dist: [0.03999999 0.7999996  0.03999999 0.03999999 0.03999999 0.03999999] +/- [2.2351742e-08 3.5762787e-07 2.2351742e-08 2.2351742e-08 2.2351742e-08
 2.2351742e-08]
    choice_probs: [0.13201443 0.5170866  0.08621337 0.06908749 0.05700814 0.13858998] +/- [0.04053969 0.16958897 0.04343729 0.0367935  0.04131148 0.03846284]
    tvd: 0.2904054303187877 +/- 0.16148528221100278
    all_seq_probs: [[0.13201443 0.5170866  0.08621337 0.06908749 0.05700814 0.13858998]] +/- [[0.04053969 0.16958897 0.04343729 0.0367935  0.04131148 0.03846284]]
  tvd_auc: 0.0 +/- 0.0
