biased_point
  When I roll dice, they land on 3 100% of the time.
    tvd: 0.019002269286624466 +/- 0.005041296300001878
    kl_div: 0.01919777939569485 +/- 0.005159271012071054
    all_seq_probs: [[0.00368099 0.00286644 0.98099772 0.00567614 0.00258401 0.00419473]] +/- [[0.00116967 0.00091322 0.0050413  0.00163492 0.0006883  0.00133354]]
    choice_probs: [0.00368099 0.00286644 0.98099772 0.00567614 0.00258401 0.00419473] +/- [0.00116967 0.00091322 0.0050413  0.00163492 0.0006883  0.00133354]
    expected_dist: [1.0000003e-08 1.0000003e-08 1.0000000e+00 1.0000003e-08 1.0000003e-08
 1.0000003e-08] +/- [4.440892e-15 4.440892e-15 0.000000e+00 4.440892e-15 4.440892e-15
 4.440892e-15]
  tvd_auc: 0.0 +/- 0.0
