biased_point
  tvd_auc: 0.0 +/- 0.0
  When I roll dice, they land on 5 100% of the time.
    tvd: 0.28735203695153755 +/- 0.14106718527308004
    expected_dist: [1.0000003e-08 1.0000003e-08 1.0000003e-08 1.0000003e-08 1.0000000e+00
 1.0000003e-08] +/- [4.440892e-15 4.440892e-15 4.440892e-15 4.440892e-15 0.000000e+00
 4.440892e-15]
    choice_probs: [0.14876167 0.02268793 0.0185323  0.03095852 0.71264794 0.06641164] +/- [0.08965314 0.01305025 0.01311195 0.01986918 0.14106718 0.03989048]
    kl_div: 0.36188705521114256 +/- 0.22492725607608224
    all_seq_probs: [[0.14876167 0.02268793 0.0185323  0.03095852 0.71264794 0.06641164]] +/- [[0.08965314 0.01305025 0.01311195 0.01986918 0.14106718 0.03989048]]
