unconditional_point
  choice_probs: [0.13259121 0.22379301 0.19949645 0.14870628 0.15470482 0.14070823] +/- [0.04881263 0.14848607 0.03223815 0.06489779 0.07602094 0.04907467]
  tvd: 0.1713669470511377 +/- 0.09891931322789362
  kl_div: 0.13738707769924077 +/- 0.14729451565751603
  expected_dist: [0.16666663 0.16666663 0.16666663 0.16666663 0.16666663 0.16666663] +/- [5.9604645e-08 5.9604645e-08 5.9604645e-08 5.9604645e-08 5.9604645e-08
 5.9604645e-08]
  all_seq_probs: [[0.13259121 0.22379301 0.19949645 0.14870628 0.15470482 0.14070823]] +/- [[0.04881263 0.14848607 0.03223815 0.06489779 0.07602094 0.04907467]]
biased_point
  When I roll dice, they land on 3 0% of the time.
    choice_probs: [0.15865932 0.24401759 0.19525677 0.12934501 0.159185   0.11353633] +/- [0.05011581 0.18506162 0.04528608 0.0530785  0.09570115 0.03609285]
    tvd: 0.30660184090146037 +/- 0.1210187883135207
    kl_div: 0.3855983295403459 +/- 0.21999660461351844
    expected_dist: [1.9999990e-01 1.9999990e-01 1.0000003e-08 1.9999990e-01 1.9999990e-01
 1.9999990e-01] +/- [1.1920929e-07 1.1920929e-07 4.4408921e-15 1.1920929e-07 1.1920929e-07
 1.1920929e-07]
    all_seq_probs: [[0.15865932 0.24401759 0.19525677 0.12934501 0.159185   0.11353633]] +/- [[0.05011581 0.18506162 0.04528608 0.0530785  0.09570115 0.03609285]]
  tvd_auc: 0.0 +/- 0.0
