biased_point
  tvd_auc: 0.0 +/- 0.0
  When I roll dice, they land on 5 80% of the time.
    expected_dist: [0.03999999 0.03999999 0.03999999 0.03999999 0.7999996  0.03999999] +/- [2.2351742e-08 2.2351742e-08 2.2351742e-08 2.2351742e-08 4.1723251e-07
 2.2351742e-08]
    choice_probs: [0.04827856 0.04012026 0.05202081 0.05955557 0.71360723 0.08641756] +/- [0.05717641 0.03247857 0.03894511 0.03970263 0.16150715 0.06494759]
    kl_div: 0.15172278327678212 +/- 0.12889237761481956
    all_seq_probs: [[0.04827856 0.04012026 0.05202081 0.05955557 0.71360723 0.08641756]] +/- [[0.05717641 0.03247857 0.03894511 0.03970263 0.16150715 0.06494759]]
    tvd: 0.16706552815099712 +/- 0.09810901874472425
