biased_point
  When you roll dice, they land on 6 80% of the time.
    kl_div: 2.331576808397134 +/- 2.197407573821016
    all_seq_probs: [[0.08228589 0.09889644 0.16355586 0.18525901 0.01755527 0.45244752]] +/- [[0.16918413 0.16841048 0.24009705 0.26258409 0.04051152 0.42266093]]
    tvd: 0.5180792591454884 +/- 0.31627150964273476
    expected_dist: [0.03999997 0.03999997 0.03999997 0.03999997 0.03999997 0.8000019 ] +/- [4.0978193e-08 4.0978193e-08 4.0978193e-08 4.0978193e-08 4.0978193e-08
 1.9073486e-06]
    choice_probs: [0.08228589 0.09889644 0.16355586 0.18525901 0.01755527 0.45244752] +/- [0.16918413 0.16841048 0.24009705 0.26258409 0.04051152 0.42266093]
  tvd_auc: 0.0 +/- 0.0
