biased_point
  tvd_auc: 0.0 +/- 0.0
  When you roll dice, they land on 6 100% of the time.
    kl_div: 0.7369780023918862 +/- 1.3156345836988776
    choice_probs: [0.2509548  0.00653845 0.00641082 0.00620475 0.01006856 0.71982262] +/- [0.339016   0.03448663 0.02560846 0.02407943 0.03256952 0.36257954]
    expected_dist: [9.9999795e-09 9.9999795e-09 9.9999795e-09 9.9999795e-09 9.9999795e-09
 1.0000000e+00] +/- [1.8651747e-14 1.8651747e-14 1.8651747e-14 1.8651747e-14 1.8651747e-14
 0.0000000e+00]
    tvd: 0.2801773569172738 +/- 0.362579538526229
    all_seq_probs: [[0.2509548  0.00653845 0.00641082 0.00620475 0.01006856 0.71982262]] +/- [[0.339016   0.03448663 0.02560846 0.02407943 0.03256952 0.36257954]]
