biased_point
  tvd_auc: 0.0 +/- 0.0
  When I roll dice, they land on 4 80% of the time.
    choice_probs: [0.07702691 0.06816192 0.08631832 0.60799991 0.08584028 0.07465267] +/- [0.0636932  0.0560334  0.06197969 0.25301491 0.06330717 0.05077399]
    tvd: 0.23311284446157515 +/- 0.21584480658653296
    all_seq_probs: [[0.07702691 0.06816192 0.08631832 0.60799991 0.08584028 0.07465267]] +/- [[0.0636932  0.0560334  0.06197969 0.25301491 0.06330717 0.05077399]]
    expected_dist: [0.03999999 0.03999999 0.03999999 0.7999996  0.03999999 0.03999999] +/- [2.2351742e-08 2.2351742e-08 2.2351742e-08 4.1723251e-07 2.2351742e-08
 2.2351742e-08]
    kl_div: 0.23788730801898056 +/- 0.3203203696853022
