biased_point
  When I roll dice, they land on 6 60% of the time.
    tvd: 0.3090613644383848 +/- 0.1246801195802085
    kl_div: 0.2876502276913266 +/- 0.18038869080146966
    choice_probs: [0.11377523 0.10582987 0.12896441 0.13981639 0.14479189 0.36682222] +/- [0.05566804 0.0513419  0.07519917 0.058588   0.05775853 0.23405639]
    expected_dist: [0.07999997 0.07999997 0.07999997 0.07999997 0.07999997 0.60000026] +/- [2.9802322e-08 2.9802322e-08 2.9802322e-08 2.9802322e-08 2.9802322e-08
 2.3841858e-07]
    all_seq_probs: [[0.11377523 0.10582987 0.12896441 0.13981639 0.14479189 0.36682222]] +/- [[0.05566804 0.0513419  0.07519917 0.058588   0.05775853 0.23405639]]
  tvd_auc: 0.0 +/- 0.0
