biased_point
  When you roll dice, they land on 5 80% of the time.
    tvd: 0.38350175854825647 +/- 0.2450423500806826
    expected_dist: [0.03999997 0.03999997 0.03999997 0.03999997 0.8000019  0.03999997] +/- [4.0978193e-08 4.0978193e-08 4.0978193e-08 4.0978193e-08 1.9073486e-06
 4.0978193e-08]
    all_seq_probs: [[0.0310783  0.11399522 0.08054986 0.08091399 0.54013877 0.15332386]] +/- [[0.03458282 0.12652895 0.08093418 0.06957845 0.36145816 0.16805497]]
    kl_div: 0.6361642769566388 +/- 0.49780236209899886
    choice_probs: [0.0310783  0.11399522 0.08054986 0.08091399 0.54013877 0.15332386] +/- [0.03458282 0.12652895 0.08093418 0.06957845 0.36145816 0.16805497]
  tvd_auc: 0.0 +/- 0.0
