biased_point
  When I roll dice, they land on 6 40% of the time.
    tvd: 0.3736589154694229 +/- 0.163697110529133
    all_seq_probs: [[0.08052644 0.11542895 0.09165024 0.38426741 0.09178286 0.2363441 ]] +/- [[0.04100479 0.13306509 0.06806887 0.23789522 0.06950541 0.13962009]]
    kl_div: 0.4173745758237783 +/- 0.31342831459230885
    choice_probs: [0.08052644 0.11542895 0.09165024 0.38426741 0.09178286 0.2363441 ] +/- [0.04100479 0.13306509 0.06806887 0.23789522 0.06950541 0.13962009]
    expected_dist: [0.11999992 0.11999992 0.11999992 0.11999992 0.11999992 0.3999998 ] +/- [7.4505806e-08 7.4505806e-08 7.4505806e-08 7.4505806e-08 7.4505806e-08
 2.3841858e-07]
  tvd_auc: 0.0 +/- 0.0
