biased_point
  When I flip coins they land on heads 80% of the time.
    tvd: 0.12133618414402009 +/- 0.04158677837629459
    choice_probs: [0.90820312 0.09317139] +/- [0.070396   0.06959147]
    expected_dist: [0.7999996 0.1999999] +/- [4.1723251e-07 1.1920929e-07]
    kl_div: 0.09845113974064588 +/- 0.07722761465491863
    all_seq_probs: [[0.90820312 0.09317139]] +/- [[0.070396   0.06959147]]
  tvd_auc: 0.0 +/- 0.0
