unconditional_point
  kl_div: 1.613674998014234 +/- 0.9281125642587852
  tvd: 0.6163125618568956 +/- 0.15579802618899544
  all_seq_probs: [[0.00340761 0.76987456 0.08941671 0.07728021 0.03075702 0.02926389]] +/- [[0.00225484 0.17819628 0.07691008 0.0633334  0.02753334 0.02006918]]
  expected_dist: [0.16666676 0.16666676 0.16666676 0.16666676 0.16666676 0.16666676] +/- [7.4505806e-08 7.4505806e-08 7.4505806e-08 7.4505806e-08 7.4505806e-08
 7.4505806e-08]
  choice_probs: [0.00340761 0.76987456 0.08941671 0.07728021 0.03075702 0.02926389] +/- [0.00225484 0.17819628 0.07691008 0.0633334  0.02753334 0.02006918]
biased_point
  tvd_auc: 0.0 +/- 0.0
  When you roll dice, they land on 1 100% of the time.
    kl_div: 1.518188116081237 +/- 0.7996073331799164
    tvd: 0.7112800008817198 +/- 0.2019486980316644
    all_seq_probs: [[0.28871997 0.52414398 0.03089828 0.04602323 0.02110876 0.08910578]] +/- [[0.2019487  0.20353911 0.0254036  0.03164187 0.01303971 0.06837457]]
    expected_dist: [1.0000000e+00 9.9999795e-09 9.9999795e-09 9.9999795e-09 9.9999795e-09
 9.9999795e-09] +/- [0.0000000e+00 1.8651747e-14 1.8651747e-14 1.8651747e-14 1.8651747e-14
 1.8651747e-14]
    choice_probs: [0.28871997 0.52414398 0.03089828 0.04602323 0.02110876 0.08910578] +/- [0.2019487  0.20353911 0.0254036  0.03164187 0.01303971 0.06837457]
