biased_point
  tvd_auc: 0.0 +/- 0.0
  When I roll dice, they land on 2 0% of the time.
    choice_probs: [0.14337757 0.20624489 0.16390757 0.15929091 0.15121839 0.17596068] +/- [0.02858177 0.0369606  0.02719826 0.02288011 0.0451128  0.03686718]
    expected_dist: [1.9999990e-01 1.0000003e-08 1.9999990e-01 1.9999990e-01 1.9999990e-01
 1.9999990e-01] +/- [1.1920929e-07 4.4408921e-15 1.1920929e-07 1.1920929e-07 1.1920929e-07
 1.1920929e-07]
    tvd: 0.2202872417041025 +/- 0.02991651105043765
    kl_div: 0.2532095381501577 +/- 0.03946892200725645
    all_seq_probs: [[0.14337757 0.20624489 0.16390757 0.15929091 0.15121839 0.17596068]] +/- [[0.02858177 0.0369606  0.02719826 0.02288011 0.0451128  0.03686718]]
