biased_point
  tvd_auc: 0.0 +/- 0.0
  When you roll dice, they land on 2 80% of the time.
    tvd: 0.429024390806724 +/- 0.3004127035114457
    expected_dist: [0.03999997 0.8000019  0.03999997 0.03999997 0.03999997 0.03999997] +/- [4.0978193e-08 1.9669533e-06 4.0978193e-08 4.0978193e-08 4.0978193e-08
 4.0978193e-08]
    kl_div: 1.7785805982591119 +/- 1.452857042102059
    all_seq_probs: [[0.02448735 0.6067019  0.07906529 0.12204294 0.06238245 0.10532009]] +/- [[0.10785788 0.45197442 0.14873082 0.18739979 0.11027301 0.1871241 ]]
    choice_probs: [0.02448735 0.6067019  0.07906529 0.12204294 0.06238245 0.10532009] +/- [0.10785788 0.45197442 0.14873082 0.18739979 0.11027301 0.1871241 ]
