biased_point
  When I flip coins they land on heads 50% of the time.
    expected_dist: [0.5 0.5] +/- [0. 0.]
    tvd: 0.14944484502077102 +/- 0.09263128559495315
    all_seq_probs: [[0.54441603 0.45558396]] +/- [[0.17012211 0.17012212]]
    choice_probs: [0.54441603 0.45558396] +/- [0.17012211 0.17012212]
    kl_div: 0.07133829504251481 +/- 0.07627871302461069
  tvd_auc: 0.0 +/- 0.0
unconditional_point
  expected_dist: [0.5 0.5] +/- [0. 0.]
  tvd: 0.18222903057932854 +/- 0.10970520164221127
  all_seq_probs: [[0.46997417 0.53002582]] +/- [[0.21057327 0.21057327]]
  choice_probs: [0.46997417 0.53002582] +/- [0.21057327 0.21057327]
  kl_div: 0.11582982540130615 +/- 0.13540846680341956
