biased_point
  When I flip coins they land on heads 90% of the time.
    choice_probs: [0.34600666 0.65399333] +/- [0.14814877 0.14814877]
    tvd: 0.5588188955932856 +/- 0.12875598304734523
    expected_dist: [0.9000002  0.09999995] +/- [2.3841858e-07 5.2154064e-08]
    all_seq_probs: [[0.34600666 0.65399333]] +/- [[0.14814877 0.14814877]]
    kl_div: 0.7380694557726383 +/- 0.25536309302847404
  tvd_auc: 0.0 +/- 0.0
unconditional_point
  choice_probs: [0.224377   0.77562298] +/- [0.17016069 0.1701607 ]
  tvd: 0.31215891215950253 +/- 0.0864841433649263
  expected_dist: [0.5 0.5] +/- [0. 0.]
  all_seq_probs: [[0.224377   0.77562298]] +/- [[0.17016069 0.1701607 ]]
  kl_div: 0.3047251757979393 +/- 0.18845976884785343
