unconditional_point
  choice_probs: [0.06000435 0.21119166 0.27407104 0.20228672 0.14483703 0.10760922] +/- [0.03615697 0.15282506 0.15783846 0.13940344 0.08012239 0.07063446]
  expected_dist: [0.16666663 0.16666663 0.16666663 0.16666663 0.16666663 0.16666663] +/- [5.9604645e-08 5.9604645e-08 5.9604645e-08 5.9604645e-08 5.9604645e-08
 5.9604645e-08]
  kl_div: 0.4334037824167172 +/- 0.2227094243900997
  tvd: 0.3302942967764102 +/- 0.09671989874685673
  all_seq_probs: [[0.06000435 0.21119166 0.27407104 0.20228672 0.14483703 0.10760922]] +/- [[0.03615697 0.15282506 0.15783846 0.13940344 0.08012239 0.07063446]]
biased_point
  tvd_auc: 0.0 +/- 0.0
  When I roll dice, they land on 5 0% of the time.
    choice_probs: [0.1371922  0.21934344 0.23208908 0.1529351  0.13867288 0.11976731] +/- [0.04818123 0.11570677 0.10552417 0.07883925 0.07127196 0.03508642]
    expected_dist: [1.9999990e-01 1.9999990e-01 1.9999990e-01 1.9999990e-01 1.0000003e-08
 1.9999990e-01] +/- [1.1920929e-07 1.1920929e-07 1.1920929e-07 1.1920929e-07 4.4408921e-15
 1.1920929e-07]
    kl_div: 0.3237436095304901 +/- 0.08483732021277884
    tvd: 0.27478811618060983 +/- 0.04847157066992656
    all_seq_probs: [[0.1371922  0.21934344 0.23208908 0.1529351  0.13867288 0.11976731]] +/- [[0.04818123 0.11570677 0.10552417 0.07883925 0.07127196 0.03508642]]
