biased_point
  tvd_auc: 0.0 +/- 0.0
  When I roll dice, they land on 1 0% of the time.
    tvd: 0.26151020006396986 +/- 0.09427594110827575
    expected_dist: [1.0000003e-08 1.9999990e-01 1.9999990e-01 1.9999990e-01 1.9999990e-01
 1.9999990e-01] +/- [4.4408921e-15 1.1920929e-07 1.1920929e-07 1.1920929e-07 1.1920929e-07
 1.1920929e-07]
    choice_probs: [0.21488914 0.14036548 0.17213951 0.15341104 0.18156081 0.13763404] +/- [0.04448765 0.03594537 0.07079851 0.04976866 0.09178722 0.09359321]
    kl_div: 0.3299602374673307 +/- 0.15973369911380816
    all_seq_probs: [[0.21488914 0.14036548 0.17213951 0.15341104 0.18156081 0.13763404]] +/- [[0.04448765 0.03594537 0.07079851 0.04976866 0.09178722 0.09359321]]
unconditional_point
  tvd: 0.11997057646512985 +/- 0.08019315243362816
  expected_dist: [0.16666663 0.16666663 0.16666663 0.16666663 0.16666663 0.16666663] +/- [5.9604645e-08 5.9604645e-08 5.9604645e-08 5.9604645e-08 5.9604645e-08
 5.9604645e-08]
  choice_probs: [0.18790718 0.14748421 0.18375966 0.16720798 0.18316377 0.13047722] +/- [0.0424819  0.03535955 0.07532375 0.04788638 0.07017185 0.04758336]
  kl_div: 0.06001876198715763 +/- 0.09772312211124709
  all_seq_probs: [[0.18790718 0.14748421 0.18375966 0.16720798 0.18316377 0.13047722]] +/- [[0.0424819  0.03535955 0.07532375 0.04788638 0.07017185 0.04758336]]
