biased_point
  tvd_auc: 0.0 +/- 0.0
  When you roll dice, they land on 6 80% of the time.
    kl_div: 0.37873428818472893 +/- 0.2859752069134332
    all_seq_probs: [[0.03149618 0.12047108 0.09941933 0.09087326 0.10863333 0.54910683]] +/- [[0.03054106 0.11367323 0.08660022 0.06952337 0.08861274 0.26469636]]
    expected_dist: [0.03999997 0.03999997 0.03999997 0.03999997 0.03999997 0.8000019 ] +/- [4.0978193e-08 4.0978193e-08 4.0978193e-08 4.0978193e-08 4.0978193e-08
 1.9073486e-06]
    choice_probs: [0.03149618 0.12047108 0.09941933 0.09087326 0.10863333 0.54910683] +/- [0.03054106 0.11367323 0.08660022 0.06952337 0.08861274 0.26469636]
    tvd: 0.32882109836333256 +/- 0.18785430801241054
