biased_point
  When I roll dice, they land on 6 0% of the time.
    all_seq_probs: [[0.16667837 0.17898163 0.18292661 0.1730266  0.17479023 0.12359659]] +/- [[0.03460251 0.02094758 0.0193525  0.01661001 0.02274697 0.02024715]]
    tvd: 0.13332431539082143 +/- 0.022419530761740473
    choice_probs: [0.16667837 0.17898163 0.18292661 0.1730266  0.17479023 0.12359659] +/- [0.03460251 0.02094758 0.0193525  0.01661001 0.02274697 0.02024715]
    expected_dist: [1.9999990e-01 1.9999990e-01 1.9999990e-01 1.9999990e-01 1.9999990e-01
 1.0000003e-08] +/- [1.1920929e-07 1.1920929e-07 1.1920929e-07 1.1920929e-07 1.1920929e-07
 4.4408921e-15]
    kl_div: 0.1412788601096298 +/- 0.020387012490584742
  tvd_auc: 0.0 +/- 0.0
