biased_point
  tvd_auc: 0.0 +/- 0.0
  When I roll dice, they land on 1 60% of the time.
    choice_probs: [0.24537251 0.20913246 0.15361541 0.10943849 0.10901044 0.17343068] +/- [0.12336161 0.11113486 0.05986782 0.04625459 0.0571983  0.08686653]
    kl_div: 0.4235233990920824 +/- 0.2753294453214841
    expected_dist: [0.60000026 0.07999998 0.07999998 0.07999998 0.07999998 0.07999998] +/- [1.7881393e-07 4.4703484e-08 4.4703484e-08 4.4703484e-08 4.4703484e-08
 4.4703484e-08]
    tvd: 0.3778921852167696 +/- 0.11886176135614879
    all_seq_probs: [[0.24537251 0.20913246 0.15361541 0.10943849 0.10901044 0.17343068]] +/- [[0.12336161 0.11113486 0.05986782 0.04625459 0.0571983  0.08686653]]
