biased_point
  When I roll dice, they land on 4 20% of the time.
    kl_div: 0.01785674067272339 +/- 0.04022747856865732
    tvd: 0.06428210843354464 +/- 0.03727713719178011
    all_seq_probs: [[0.15673746 0.15983815 0.17135082 0.17667115 0.16756617 0.16783628]] +/- [[0.0272066  0.02549795 0.01649367 0.0302008  0.01682734 0.04819218]]
    choice_probs: [0.15673746 0.15983815 0.17135082 0.17667115 0.16756617 0.16783628] +/- [0.0272066  0.02549795 0.01649367 0.0302008  0.01682734 0.04819218]
    expected_dist: [0.15999994 0.15999994 0.15999994 0.1999999  0.15999994 0.15999994] +/- [7.4505806e-08 7.4505806e-08 7.4505806e-08 1.1920929e-07 7.4505806e-08
 7.4505806e-08]
  tvd_auc: 0.0 +/- 0.0
