biased_point
  tvd_auc: 0.0 +/- 0.0
  When I flip coins they land on heads 100% of the time.
    choice_probs: [0.89929687 0.09897339] +/- [0.06625115 0.0645665 ]
    tvd: 0.09983825183593843 +/- 0.06527353763001922
    all_seq_probs: [[0.89929687 0.09897339]] +/- [[0.06625115 0.0645665 ]]
    expected_dist: [1.0000000e+00 1.0000003e-08] +/- [0.000000e+00 4.440892e-15]
    kl_div: 0.10914046579009465 +/- 0.07945730722387587
