biased_point
  When I roll dice, they land on 2 40% of the time.
    tvd: 0.28442849609302356 +/- 0.11283600013403144
    choice_probs: [0.17373048 0.29242902 0.13852339 0.15458941 0.10471029 0.13601741] +/- [0.09113348 0.22142983 0.07561891 0.1134829  0.08751447 0.08970549]
    all_seq_probs: [[0.17373048 0.29242902 0.13852339 0.15458941 0.10471029 0.13601741]] +/- [[0.09113348 0.22142983 0.07561891 0.1134829  0.08751447 0.08970549]]
    kl_div: 0.29484286465332843 +/- 0.27217211910848077
    expected_dist: [0.11999992 0.3999998  0.11999992 0.11999992 0.11999992 0.11999992] +/- [7.4505806e-08 2.3841858e-07 7.4505806e-08 7.4505806e-08 7.4505806e-08
 7.4505806e-08]
  tvd_auc: 0.0 +/- 0.0
