biased_point
  When I roll dice, they land on 2 20% of the time.
    kl_div: 0.012340247720712795 +/- 0.021448763798053303
    all_seq_probs: [[0.15964449 0.19391002 0.1628178  0.1608232  0.16301231 0.15979221]] +/- [[0.03001198 0.02854687 0.0203751  0.01612026 0.02067414 0.02731823]]
    tvd: 0.05346704300493002 +/- 0.02676756262397735
    choice_probs: [0.15964449 0.19391002 0.1628178  0.1608232  0.16301231 0.15979221] +/- [0.03001198 0.02854687 0.0203751  0.01612026 0.02067414 0.02731823]
    expected_dist: [0.15999995 0.1999999  0.15999995 0.15999995 0.15999995 0.15999995] +/- [8.9406967e-08 1.3411045e-07 8.9406967e-08 8.9406967e-08 8.9406967e-08
 8.9406967e-08]
  tvd_auc: 0.0 +/- 0.0
