biased_point
  When you roll dice, they land on 4 100% of the time.
    kl_div: 1.4797261791485228 +/- 1.8788486763902765
    tvd: 0.4890366310584918 +/- 0.37846493880832244
    choice_probs: [0.42590312 0.00619983 0.01607993 0.51096335 0.02724118 0.01361261] +/- [0.34717984 0.03484025 0.05264851 0.37846494 0.06965365 0.05691055]
    all_seq_probs: [[0.42590312 0.00619983 0.01607993 0.51096335 0.02724118 0.01361261]] +/- [[0.34717984 0.03484025 0.05264851 0.37846494 0.06965365 0.05691055]]
    expected_dist: [9.9999795e-09 9.9999795e-09 9.9999795e-09 1.0000000e+00 9.9999795e-09
 9.9999795e-09] +/- [1.8651747e-14 1.8651747e-14 1.8651747e-14 0.0000000e+00 1.8651747e-14
 1.8651747e-14]
  tvd_auc: 0.0 +/- 0.0
