biased_point
  tvd_auc: 0.0 +/- 0.0
  When you roll dice, they land on 1 60% of the time.
    all_seq_probs: [[0.17867064 0.12603201 0.12130369 0.11697197 0.05868095 0.39834074]] +/- [[0.25087547 0.15583896 0.13211808 0.14780763 0.1000772  0.26152772]]
    tvd: 0.5928236084967311 +/- 0.20831782547772798
    kl_div: 1.8517005316474824 +/- 1.2575572725383615
    choice_probs: [0.17867064 0.12603201 0.12130369 0.11697197 0.05868095 0.39834074] +/- [0.25087547 0.15583896 0.13211808 0.14780763 0.1000772  0.26152772]
    expected_dist: [0.6        0.07999994 0.07999994 0.07999994 0.07999994 0.07999994] +/- [5.9604645e-08 8.1956387e-08 8.1956387e-08 8.1956387e-08 8.1956387e-08
 8.1956387e-08]
