biased_point
  tvd_auc: 0.0 +/- 0.0
  When you roll dice, they land on 3 60% of the time.
    all_seq_probs: [[0.08995836 0.10009078 0.17989856 0.07404041 0.05915091 0.49686097]] +/- [[0.2085833  0.20360284 0.32253304 0.15200995 0.09658953 0.37155804]]
    kl_div: 4.596960465986049 +/- 2.725920897730083
    choice_probs: [0.08995836 0.10009078 0.17989856 0.07404041 0.05915091 0.49686097] +/- [0.2085833  0.20360284 0.32253304 0.15200995 0.09658953 0.37155804]
    tvd: 0.6940191326558485 +/- 0.17208649577224477
    expected_dist: [0.07999994 0.07999994 0.6        0.07999994 0.07999994 0.07999994] +/- [8.1956387e-08 8.1956387e-08 5.9604645e-08 8.1956387e-08 8.1956387e-08
 8.1956387e-08]
