biased_point
  When you flip coins, they land on heads 60% of the time.
    expected_dist: [0.6        0.40000096] +/- [0.00000e+00 9.23872e-07]
    choice_probs: [0.67833285 0.32166716] +/- [0.18724678 0.18724678]
    kl_div: 0.11764177515730262 +/- 0.10147981314993748
    tvd: 0.18276734717190266 +/- 0.08828074643298611
    all_seq_probs: [[0.67833285 0.32166716]] +/- [[0.18724678 0.18724678]]
  tvd_auc: 0.0 +/- 0.0
unconditional_point
  expected_dist: [0.5 0.5] +/- [0. 0.]
  choice_probs: [0.55377449 0.44622551] +/- [0.37343898 0.37343898]
  kl_div: 0.5255434471964836 +/- 0.3308293626336419
  tvd: 0.3559882303774357 +/- 0.12498298784573329
  all_seq_probs: [[0.55377449 0.44622551]] +/- [[0.37343898 0.37343898]]
