biased_point
  tvd_auc: 0.0 +/- 0.0
  When you roll dice, they land on 1 40% of the time.
    kl_div: 4.699298928782111 +/- 2.5761869098519194
    expected_dist: [0.40000096 0.12000033 0.12000033 0.12000033 0.12000033 0.12000033] +/- [9.2387199e-07 3.3527613e-07 3.3527613e-07 3.3527613e-07 3.3527613e-07
 3.3527613e-07]
    tvd: 0.6620952293101002 +/- 0.1467171469020915
    choice_probs: [0.10077824 0.12325339 0.19852086 0.18634207 0.05744899 0.33365646] +/- [0.22190664 0.21100301 0.28969279 0.29270098 0.12306995 0.36438137]
    all_seq_probs: [[0.10077824 0.12325339 0.19852086 0.18634207 0.05744899 0.33365646]] +/- [[0.22190664 0.21100301 0.28969279 0.29270098 0.12306995 0.36438137]]
