biased_point
  When I roll dice, they land on 3 0% of the time.
    choice_probs: [0.17810079 0.18580818 0.05212923 0.18425008 0.20936673 0.19034498] +/- [0.03778063 0.05061988 0.01176721 0.058973   0.06909073 0.06221754]
    kl_div: 0.09531156151558093 +/- 0.041214576236470554
    expected_dist: [1.9999990e-01 1.9999990e-01 1.0000003e-08 1.9999990e-01 1.9999990e-01
 1.9999990e-01] +/- [1.1920929e-07 1.1920929e-07 4.4408921e-15 1.1920929e-07 1.1920929e-07
 1.1920929e-07]
    all_seq_probs: [[0.17810079 0.18580818 0.05212923 0.18425008 0.20936673 0.19034498]] +/- [[0.03778063 0.05061988 0.01176721 0.058973   0.06909073 0.06221754]]
    tvd: 0.1358853501372895 +/- 0.05636109445768498
  tvd_auc: 0.0 +/- 0.0
