unconditional_point
  all_seq_probs: [[0.11152044 0.24013147 0.15258717 0.20210539 0.14142492 0.15223059]] +/- [[0.06653666 0.13831218 0.17058298 0.14219087 0.10201229 0.10008398]]
  expected_dist: [0.16666663 0.16666663 0.16666663 0.16666663 0.16666663 0.16666663] +/- [5.9604645e-08 5.9604645e-08 5.9604645e-08 5.9604645e-08 5.9604645e-08
 5.9604645e-08]
  choice_probs: [0.11152044 0.24013147 0.15258717 0.20210539 0.14142492 0.15223059] +/- [0.06653666 0.13831218 0.17058298 0.14219087 0.10201229 0.10008398]
  kl_div: 0.3530039722740185 +/- 0.3469263501499742
  tvd: 0.29296467451378705 +/- 0.1274480806420586
biased_point
  tvd_auc: 0.0 +/- 0.0
  When I roll dice, they land on 3 60% of the time.
    all_seq_probs: [[0.10189347 0.20032044 0.26507472 0.13558663 0.12466322 0.17246152]] +/- [[0.04040783 0.07667108 0.16357514 0.08840399 0.07653257 0.0995726 ]]
    expected_dist: [0.07999998 0.07999998 0.60000026 0.07999998 0.07999998 0.07999998] +/- [4.4703484e-08 4.4703484e-08 1.7881393e-07 4.4703484e-08 4.4703484e-08
 4.4703484e-08]
    choice_probs: [0.10189347 0.20032044 0.26507472 0.13558663 0.12466322 0.17246152] +/- [0.04040783 0.07667108 0.16357514 0.08840399 0.07653257 0.0995726 ]
    kl_div: 0.4391803807375254 +/- 0.38099512033004856
    tvd: 0.35311716608703136 +/- 0.15558595390348656
