biased_point
  tvd_auc: 0.0 +/- 0.0
  When I roll dice, they land on 3 60% of the time.
    all_seq_probs: [[0.10772421 0.13157177 0.4157897  0.12704286 0.11966757 0.09820388]] +/- [[0.04931913 0.04264481 0.16735595 0.04089616 0.04735448 0.04384953]]
    choice_probs: [0.10772421 0.13157177 0.4157897  0.12704286 0.11966757 0.09820388] +/- [0.04931913 0.04264481 0.16735595 0.04089616 0.04735448 0.04384953]
    expected_dist: [0.07999998 0.07999998 0.60000026 0.07999998 0.07999998 0.07999998] +/- [4.4703484e-08 4.4703484e-08 1.7881393e-07 4.4703484e-08 4.4703484e-08
 4.4703484e-08]
    kl_div: 0.1645448297781695 +/- 0.1435152420572629
    tvd: 0.2294927451806143 +/- 0.1122120194598983
