biased_point
  tvd_auc: 0.0 +/- 0.0
  When you roll dice, they land on 1 60% of the time.
    all_seq_probs: [[0.22448396 0.19403186 0.15323834 0.10931701 0.12415043 0.1947784 ]] +/- [[0.15487331 0.14602302 0.08942274 0.06729521 0.06650012 0.13279926]]
    kl_div: 0.5917155812704586 +/- 0.49363243945561774
    expected_dist: [0.6        0.07999994 0.07999994 0.07999994 0.07999994 0.07999994] +/- [5.9604645e-08 8.1956387e-08 8.1956387e-08 8.1956387e-08 8.1956387e-08
 8.1956387e-08]
    tvd: 0.41899449654854837 +/- 0.1574337066111769
    choice_probs: [0.22448396 0.19403186 0.15323834 0.10931701 0.12415043 0.1947784 ] +/- [0.15487331 0.14602302 0.08942274 0.06729521 0.06650012 0.13279926]
