biased_point
  tvd_auc: 0.0 +/- 0.0
  When I roll dice, they land on 5 60% of the time.
    all_seq_probs: [[0.07894994 0.07404052 0.0749777  0.08006442 0.57312166 0.11884575]] +/- [[0.02300202 0.02022944 0.02266493 0.02199734 0.07213868 0.02593424]]
    choice_probs: [0.07894994 0.07404052 0.0749777  0.08006442 0.57312166 0.11884575] +/- [0.02300202 0.02022944 0.02266493 0.02199734 0.07213868 0.02593424]
    tvd: 0.08694766001775861 +/- 0.03491937305184431
    kl_div: 0.029229352515540086 +/- 0.017419107957671424
    expected_dist: [0.07999997 0.07999997 0.07999997 0.07999997 0.60000026 0.07999997] +/- [2.9802322e-08 2.9802322e-08 2.9802322e-08 2.9802322e-08 2.3841858e-07
 2.9802322e-08]
