biased_point
  When I roll dice, they land on 4 0% of the time.
    kl_div: 0.35029349092188655 +/- 0.2817870700759483
    tvd: 0.2639438162569812 +/- 0.10417830000199133
    choice_probs: [0.177934   0.15980189 0.16587664 0.22805597 0.14590819 0.12242331] +/- [0.06141669 0.04895814 0.06595077 0.09948784 0.05425226 0.04209781]
    all_seq_probs: [[0.177934   0.15980189 0.16587664 0.22805597 0.14590819 0.12242331]] +/- [[0.06141669 0.04895814 0.06595077 0.09948784 0.05425226 0.04209781]]
    expected_dist: [1.9999990e-01 1.9999990e-01 1.9999990e-01 1.0000003e-08 1.9999990e-01
 1.9999990e-01] +/- [1.1920929e-07 1.1920929e-07 1.1920929e-07 4.4408921e-15 1.1920929e-07
 1.1920929e-07]
  tvd_auc: 0.0 +/- 0.0
