biased_point
  When I roll dice, they land on 6 20% of the time.
    choice_probs: [0.10191544 0.22594212 0.22978731 0.16783195 0.13097269 0.1435505 ] +/- [0.04876567 0.11908048 0.08473237 0.08543808 0.05392384 0.068491  ]
    all_seq_probs: [[0.10191544 0.22594212 0.22978731 0.16783195 0.13097269 0.1435505 ]] +/- [[0.04876567 0.11908048 0.08473237 0.08543808 0.05392384 0.068491  ]]
    tvd: 0.22548917522653938 +/- 0.08967884186665213
    kl_div: 0.19715624254080466 +/- 0.1670739918040009
    expected_dist: [0.15999995 0.15999995 0.15999995 0.15999995 0.15999995 0.1999999 ] +/- [8.9406967e-08 8.9406967e-08 8.9406967e-08 8.9406967e-08 8.9406967e-08
 1.3411045e-07]
  tvd_auc: 0.0 +/- 0.0
unconditional_point
  choice_probs: [0.0597567  0.20508535 0.29299893 0.19328474 0.13218689 0.1166874 ] +/- [0.03106198 0.14373062 0.13440334 0.12347907 0.08961101 0.07977732]
  all_seq_probs: [[0.0597567  0.20508535 0.29299893 0.19328474 0.13218689 0.1166874 ]] +/- [[0.03106198 0.14373062 0.13440334 0.12347907 0.08961101 0.07977732]]
  tvd: 0.31550918800989164 +/- 0.09129210804724894
  kl_div: 0.4050368434959091 +/- 0.20761627238025124
  expected_dist: [0.16666663 0.16666663 0.16666663 0.16666663 0.16666663 0.16666663] +/- [5.9604645e-08 5.9604645e-08 5.9604645e-08 5.9604645e-08 5.9604645e-08
 5.9604645e-08]
