unconditional_point
  choice_probs: [0.07785356 0.92214645] +/- [0.19504439 0.19504439]
  expected_dist: [0.5 0.5] +/- [0. 0.]
  tvd: 0.46105179673293606 +/- 0.06067268575743126
  kl_div: 1.2700348492264748 +/- 0.5143729307673708
  all_seq_probs: [[0.07785356 0.92214645]] +/- [[0.19504439 0.19504439]]
biased_point
  tvd_auc: 0.0 +/- 0.0
  When you flip coins, they land on heads 90% of the time.
    choice_probs: [0.52415933 0.47584065] +/- [0.28253543 0.28253543]
    expected_dist: [0.899998   0.10000024] +/- [1.9669533e-06 2.3841858e-07]
    tvd: 0.39161789519898593 +/- 0.2602266043754559
    kl_div: 0.5880746144130826 +/- 0.6810346678863527
    all_seq_probs: [[0.52415933 0.47584065]] +/- [[0.28253543 0.28253543]]
