biased_point
  tvd_auc: 0.0 +/- 0.0
  When I flip coins they land on heads 10% of the time.
    kl_div: 2.1247914946079254 +/- 0.5146249232974933
    choice_probs: [0.92148438 0.07860107] +/- [0.05092078 0.0499512 ]
    tvd: 0.821441637724638 +/- 0.05026958218117746
    all_seq_probs: [[0.92148438 0.07860107]] +/- [[0.05092078 0.0499512 ]]
    expected_dist: [0.09999995 0.9000002 ] +/- [5.2154064e-08 2.3841858e-07]
