biased_point
  tvd_auc: 0.0 +/- 0.0
  When you roll dice, they land on 3 0% of the time.
    choice_probs: [0.08240225 0.1682267  0.19919685 0.12963411 0.14130144 0.27923866] +/- [0.0484678  0.13143469 0.06628248 0.08165071 0.12185102 0.20136588]
    all_seq_probs: [[0.08240225 0.1682267  0.19919685 0.12963411 0.14130144 0.27923866]] +/- [[0.0484678  0.13143469 0.06628248 0.08165071 0.12185102 0.20136588]]
    expected_dist: [2.0000048e-01 2.0000048e-01 9.9999795e-09 2.0000048e-01 2.0000048e-01
 2.0000048e-01] +/- [4.6193600e-07 4.6193600e-07 1.8651747e-14 4.6193600e-07 4.6193600e-07
 4.6193600e-07]
    kl_div: 0.656798779954147 +/- 0.3963629166560374
    tvd: 0.3928016678637749 +/- 0.10812709668624391
