biased_point
  When you flip coins, they land on heads 80% of the time.
    choice_probs: [0.43524732 0.5647527 ] +/- [0.18314731 0.1831473 ]
    all_seq_probs: [[0.43524732 0.5647527 ]] +/- [[0.18314731 0.1831473 ]]
    expected_dist: [0.8000019  0.20000048] +/- [1.9073486e-06 4.6193600e-07]
    tvd: 0.36766474407166244 +/- 0.1772289264354223
    kl_div: 0.37662969921343026 +/- 0.32343735745148694
  tvd_auc: 0.0 +/- 0.0
unconditional_point
  choice_probs: [0.36106008 0.63893993] +/- [0.1833128 0.1833128]
  all_seq_probs: [[0.36106008 0.63893993]] +/- [[0.1833128 0.1833128]]
  expected_dist: [0.5 0.5] +/- [0. 0.]
  tvd: 0.19606448433175683 +/- 0.12027719697567657
  kl_div: 0.14534912043809892 +/- 0.1884325799682526
