biased_point
  tvd_auc: 0.0 +/- 0.0
  When I roll dice, they land on 6 100% of the time.
    tvd: 0.020333878048308503 +/- 0.009335642334075118
    kl_div: 0.02058853250286532 +/- 0.009574946937361436
    choice_probs: [0.00424056 0.00290045 0.00344544 0.00474026 0.00500719 0.9796661 ] +/- [0.00190134 0.00134788 0.00186708 0.00209051 0.0025003  0.00933564]
    expected_dist: [1.0000003e-08 1.0000003e-08 1.0000003e-08 1.0000003e-08 1.0000003e-08
 1.0000000e+00] +/- [4.440892e-15 4.440892e-15 4.440892e-15 4.440892e-15 4.440892e-15
 0.000000e+00]
    all_seq_probs: [[0.00424056 0.00290045 0.00344544 0.00474026 0.00500719 0.9796661 ]] +/- [[0.00190134 0.00134788 0.00186708 0.00209051 0.0025003  0.00933564]]
