biased_point
  When you roll dice, they land on 4 40% of the time.
    all_seq_probs: [[0.08389902 0.15531431 0.15302159 0.18876232 0.17604308 0.24295968]] +/- [[0.04350112 0.06823174 0.06739246 0.08572338 0.05898554 0.09017738]]
    expected_dist: [0.12000033 0.12000033 0.12000033 0.40000096 0.12000033 0.12000033] +/- [3.3527613e-07 3.3527613e-07 3.3527613e-07 9.2387199e-07 3.3527613e-07
 3.3527613e-07]
    tvd: 0.28713207224570214 +/- 0.06821024537116693
    kl_div: 0.2513082646502735 +/- 0.12380216737002783
    choice_probs: [0.08389902 0.15531431 0.15302159 0.18876232 0.17604308 0.24295968] +/- [0.04350112 0.06823174 0.06739246 0.08572338 0.05898554 0.09017738]
  tvd_auc: 0.0 +/- 0.0
