biased_point
  When I roll dice, they land on 2 0% of the time.
    tvd: 0.09435903341629719 +/- 0.020181299670776545
    all_seq_probs: [[0.19319322 0.04490628 0.15971299 0.1871143  0.1911295  0.22394371]] +/- [[0.03579502 0.00982247 0.01816721 0.02265544 0.02509855 0.02555215]]
    expected_dist: [1.9999990e-01 1.0000003e-08 1.9999990e-01 1.9999990e-01 1.9999990e-01
 1.9999990e-01] +/- [1.1920929e-07 4.4408921e-15 1.1920929e-07 1.1920929e-07 1.1920929e-07
 1.1920929e-07]
    kl_div: 0.0611342306456163 +/- 0.008875331167739838
    choice_probs: [0.19319322 0.04490628 0.15971299 0.1871143  0.1911295  0.22394371] +/- [0.03579502 0.00982247 0.01816721 0.02265544 0.02509855 0.02555215]
  tvd_auc: 0.0 +/- 0.0
