biased_point
  When I roll dice, they land on 3 60% of the time.
    tvd: 0.3367780548520386 +/- 0.12794349814219996
    kl_div: 0.34396293965517544 +/- 0.24910039020872593
    all_seq_probs: [[0.11559129 0.12557666 0.34661875 0.1680068  0.13355625 0.11065025]] +/- [[0.06054416 0.07146582 0.23754386 0.10011197 0.09008385 0.06015381]]
    expected_dist: [0.07999998 0.07999998 0.60000026 0.07999998 0.07999998 0.07999998] +/- [4.4703484e-08 4.4703484e-08 1.7881393e-07 4.4703484e-08 4.4703484e-08
 4.4703484e-08]
    choice_probs: [0.11559129 0.12557666 0.34661875 0.1680068  0.13355625 0.11065025] +/- [0.06054416 0.07146582 0.23754386 0.10011197 0.09008385 0.06015381]
  tvd_auc: 0.0 +/- 0.0
