biased_point
  When I roll dice, they land on 4 60% of the time.
    all_seq_probs: [[0.10532105 0.10850999 0.13608149 0.41631864 0.13324844 0.10052039]] +/- [[0.05549286 0.0454472  0.05677014 0.17401181 0.05065637 0.04191926]]
    choice_probs: [0.10532105 0.10850999 0.13608149 0.41631864 0.13324844 0.10052039] +/- [0.05549286 0.0454472  0.05677014 0.17401181 0.05065637 0.04191926]
    kl_div: 0.17052984643349192 +/- 0.1392486650215819
    tvd: 0.22923165196552872 +/- 0.12064238853877818
    expected_dist: [0.07999997 0.07999997 0.07999997 0.60000026 0.07999997 0.07999997] +/- [2.9802322e-08 2.9802322e-08 2.9802322e-08 2.3841858e-07 2.9802322e-08
 2.9802322e-08]
  tvd_auc: 0.0 +/- 0.0
