biased_point
  tvd_auc: 0.0 +/- 0.0
  When I roll dice, they land on 3 20% of the time.
    expected_dist: [0.15999995 0.15999995 0.1999999  0.15999995 0.15999995 0.15999995] +/- [8.9406967e-08 8.9406967e-08 1.3411045e-07 8.9406967e-08 8.9406967e-08
 8.9406967e-08]
    all_seq_probs: [[0.15768484 0.15803509 0.17234512 0.16637911 0.17467877 0.17087709]] +/- [[0.02627006 0.01781211 0.01454736 0.01759231 0.0164408  0.02405189]]
    choice_probs: [0.15768484 0.15803509 0.17234512 0.16637911 0.17467877 0.17087709] +/- [0.02627006 0.01781211 0.01454736 0.01759231 0.0164408  0.02405189]
    kl_div: 0.01064256985555403 +/- 0.0068685038182432975
    tvd: 0.05858535923063755 +/- 0.019189966002765305
