biased_point
  When I roll dice, they land on 6 60% of the time.
    all_seq_probs: [[0.09039989 0.09014762 0.07342615 0.07691562 0.09094846 0.57816224]] +/- [[0.05310611 0.12610518 0.06296361 0.07630516 0.0596272  0.31677357]]
    choice_probs: [0.09039989 0.09014762 0.07342615 0.07691562 0.09094846 0.57816224] +/- [0.05310611 0.12610518 0.06296361 0.07630516 0.0596272  0.31677357]
    tvd: 0.29002475655637683 +/- 0.1407662176747161
    kl_div: 0.3256242278107675 +/- 0.30601150417793965
    expected_dist: [0.07999997 0.07999997 0.07999997 0.07999997 0.07999997 0.60000026] +/- [2.9802322e-08 2.9802322e-08 2.9802322e-08 2.9802322e-08 2.9802322e-08
 2.3841858e-07]
  tvd_auc: 0.0 +/- 0.0
unconditional_point
  all_seq_probs: [[0.18419865 0.18654005 0.18423874 0.17722795 0.18114757 0.08664704]] +/- [[0.03233263 0.07276311 0.03124617 0.03307685 0.04821599 0.042296  ]]
  choice_probs: [0.18419865 0.18654005 0.18423874 0.17722795 0.18114757 0.08664704] +/- [0.03233263 0.07276311 0.03124617 0.03307685 0.04821599 0.042296  ]
  tvd: 0.12422198720276356 +/- 0.055585063915810536
  kl_div: 0.0772613469598582 +/- 0.059653274524705834
  expected_dist: [0.16666663 0.16666663 0.16666663 0.16666663 0.16666663 0.16666663] +/- [5.9604645e-08 5.9604645e-08 5.9604645e-08 5.9604645e-08 5.9604645e-08
 5.9604645e-08]
