biased_point
  When I roll dice, they land on 4 80% of the time.
    all_seq_probs: [[0.0634949  0.05701239 0.06948556 0.62350552 0.07136774 0.11513388]] +/- [[0.07944018 0.05228201 0.0658894  0.28137289 0.07840943 0.08296485]]
    kl_div: 0.282601098754094 +/- 0.3215612262303761
    expected_dist: [0.03999999 0.03999999 0.03999999 0.7999996  0.03999999 0.03999999] +/- [2.2351742e-08 2.2351742e-08 2.2351742e-08 4.1723251e-07 2.2351742e-08
 2.2351742e-08]
    choice_probs: [0.0634949  0.05701239 0.06948556 0.62350552 0.07136774 0.11513388] +/- [0.07944018 0.05228201 0.0658894  0.28137289 0.07840943 0.08296485]
    tvd: 0.2523842417029664 +/- 0.22105744756213913
  tvd_auc: 0.0 +/- 0.0
