biased_point
  When I roll dice, they land on 4 100% of the time.
    expected_dist: [1.0000003e-08 1.0000003e-08 1.0000003e-08 1.0000000e+00 1.0000003e-08
 1.0000003e-08] +/- [4.440892e-15 4.440892e-15 4.440892e-15 0.000000e+00 4.440892e-15
 4.440892e-15]
    choice_probs: [0.00797661 0.00559847 0.00813981 0.96323501 0.00719832 0.00785179] +/- [0.00784043 0.00533225 0.00663779 0.03210763 0.00615738 0.00638531]
    tvd: 0.036764974395240964 +/- 0.03210764148891616
    kl_div: 0.038032162222417586 +/- 0.03420577087433554
    all_seq_probs: [[0.00797661 0.00559847 0.00813981 0.96323501 0.00719832 0.00785179]] +/- [[0.00784043 0.00533225 0.00663779 0.03210763 0.00615738 0.00638531]]
  tvd_auc: 0.0 +/- 0.0
