unconditional_point
  all_seq_probs: [[0.42868146 0.57131854]] +/- [[0.20121587 0.20121588]]
  tvd: 0.1813419230952859 +/- 0.11264665864774252
  kl_div: 0.12405269092321396 +/- 0.17633301439469767
  choice_probs: [0.42868146 0.57131854] +/- [0.20121587 0.20121588]
  expected_dist: [0.5 0.5] +/- [0. 0.]
biased_point
  tvd_auc: 0.0 +/- 0.0
  When you flip coins, they land on heads 0% of the time.
    all_seq_probs: [[0.01656789 0.98343211]] +/- [[0.02067054 0.02067054]]
    tvd: 0.016567882237994918 +/- 0.020670542187452512
    kl_div: 0.016934164880358937 +/- 0.021499107860278695
    choice_probs: [0.01656789 0.98343211] +/- [0.02067054 0.02067054]
    expected_dist: [9.9999795e-09 1.0000000e+00] +/- [1.8651747e-14 0.0000000e+00]
