unconditional_point
  all_seq_probs: [[0.45239534 0.54760469]] +/- [[0.06242066 0.06242065]]
  tvd: 0.06078924030065536 +/- 0.04967103531398972
  kl_div: 0.012948796868324279 +/- 0.022217989167807456
  expected_dist: [0.5 0.5] +/- [0. 0.]
  choice_probs: [0.45239534 0.54760469] +/- [0.06242066 0.06242065]
biased_point
  When you flip coins, they land on heads 50% of the time.
    all_seq_probs: [[0.43315322 0.56684679]] +/- [[0.05491118 0.05491116]]
    tvd: 0.07132936871051788 +/- 0.04894742335268386
    kl_div: 0.015660085618495943 +/- 0.02202944723068264
    expected_dist: [0.5 0.5] +/- [0. 0.]
    choice_probs: [0.43315322 0.56684679] +/- [0.05491118 0.05491116]
  tvd_auc: 0.0 +/- 0.0
