biased_point
  tvd_auc: 0.0 +/- 0.0
  When you roll dice, they land on 5 60% of the time.
    tvd: 0.6714081283424573 +/- 0.1844530562754649
    choice_probs: [0.10606247 0.11423357 0.21736565 0.11583955 0.19792823 0.24857052] +/- [0.19515243 0.20553525 0.26856089 0.20056431 0.34874898 0.29351593]
    all_seq_probs: [[0.10606247 0.11423357 0.21736565 0.11583955 0.19792823 0.24857052]] +/- [[0.19515243 0.20553525 0.26856089 0.20056431 0.34874898 0.29351593]]
    expected_dist: [0.07999994 0.07999994 0.07999994 0.07999994 0.6        0.07999994] +/- [5.9604645e-08 5.9604645e-08 5.9604645e-08 5.9604645e-08 0.0000000e+00
 5.9604645e-08]
    kl_div: 4.829694618694484 +/- 3.618120937778153
