biased_point
  tvd_auc: 0.0 +/- 0.0
  When I roll dice, they land on 3 0% of the time.
    choice_probs: [0.16066242 0.16231334 0.18372106 0.16259423 0.16639258 0.16431638] +/- [0.0271764  0.01285203 0.01651435 0.01661737 0.01921576 0.02372713]
    all_seq_probs: [[0.16066242 0.16231334 0.18372106 0.16259423 0.16639258 0.16431638]] +/- [[0.0271764  0.01285203 0.01651435 0.01661737 0.01921576 0.02372713]]
    kl_div: 0.2110663775340308 +/- 0.01929583840944874
    expected_dist: [1.9999990e-01 1.9999990e-01 1.0000003e-08 1.9999990e-01 1.9999990e-01
 1.9999990e-01] +/- [1.1920929e-07 1.1920929e-07 4.4408921e-15 1.1920929e-07 1.1920929e-07
 1.1920929e-07]
    tvd: 0.1870320819237194 +/- 0.016035656597477767
