biased_point
  tvd_auc: 0.0 +/- 0.0
  When I roll dice, they land on 5 100% of the time.
    tvd: 0.044414724001739486 +/- 0.015671206229684233
    kl_div: 0.04556608140204858 +/- 0.016489947129566505
    choice_probs: [0.00941191 0.00272952 0.00401603 0.00538674 0.95558526 0.02287056] +/- [0.00266785 0.00087978 0.00133059 0.00199361 0.0156712  0.01018368]
    all_seq_probs: [[0.00941191 0.00272952 0.00401603 0.00538674 0.95558526 0.02287056]] +/- [[0.00266785 0.00087978 0.00133059 0.00199361 0.0156712  0.01018368]]
    expected_dist: [1.0000003e-08 1.0000003e-08 1.0000003e-08 1.0000003e-08 1.0000000e+00
 1.0000003e-08] +/- [4.440892e-15 4.440892e-15 4.440892e-15 4.440892e-15 0.000000e+00
 4.440892e-15]
