unconditional_point
  expected_dist: [0.16666676 0.16666676 0.16666676 0.16666676 0.16666676 0.16666676] +/- [7.4505806e-08 7.4505806e-08 7.4505806e-08 7.4505806e-08 7.4505806e-08
 7.4505806e-08]
  tvd: 0.571535041530813 +/- 0.17130576087951002
  kl_div: 1.4709278431103447 +/- 0.9202238594643525
  all_seq_probs: [[0.00831845 0.644419   0.12086123 0.11319669 0.07633261 0.03687202]] +/- [[0.01187135 0.30310714 0.12134802 0.10326262 0.12052785 0.04383793]]
  choice_probs: [0.00831845 0.644419   0.12086123 0.11319669 0.07633261 0.03687202] +/- [0.01187135 0.30310714 0.12134802 0.10326262 0.12052785 0.04383793]
biased_point
  tvd_auc: 0.0 +/- 0.0
  When you roll dice, they land on 1 80% of the time.
    expected_dist: [0.8000019  0.03999997 0.03999997 0.03999997 0.03999997 0.03999997] +/- [1.9669533e-06 4.0978193e-08 4.0978193e-08 4.0978193e-08 4.0978193e-08
 4.0978193e-08]
    tvd: 0.5371045557009057 +/- 0.1836897535534687
    kl_div: 0.9984722630614123 +/- 0.8215637292724545
    all_seq_probs: [[0.27642289 0.33469657 0.06773652 0.16146581 0.09285514 0.06682308]] +/- [[0.19331754 0.18842192 0.04276268 0.0690887  0.09121877 0.0508611 ]]
    choice_probs: [0.27642289 0.33469657 0.06773652 0.16146581 0.09285514 0.06682308] +/- [0.19331754 0.18842192 0.04276268 0.0690887  0.09121877 0.0508611 ]
