biased_point
  tvd_auc: 0.0 +/- 0.0
  When you roll dice, they land on 2 0% of the time.
    expected_dist: [2.0000048e-01 9.9999795e-09 2.0000048e-01 2.0000048e-01 2.0000048e-01
 2.0000048e-01] +/- [4.6193600e-07 1.8651747e-14 4.6193600e-07 4.6193600e-07 4.6193600e-07
 4.6193600e-07]
    kl_div: 2.432869500987941 +/- 1.5299106923129808
    tvd: 0.546904091719347 +/- 0.11944517250645895
    choice_probs: [0.14544511 0.22743231 0.16378907 0.14060325 0.18034017 0.1423901 ] +/- [0.21352972 0.16513593 0.20258794 0.18879031 0.2162487  0.20098499]
    all_seq_probs: [[0.14544511 0.22743231 0.16378907 0.14060325 0.18034017 0.1423901 ]] +/- [[0.21352972 0.16513593 0.20258794 0.18879031 0.2162487  0.20098499]]
