biased_point
  tvd_auc: 0.0 +/- 0.0
  When I roll dice, they land on 1 0% of the time.
    expected_dist: [1.0000003e-08 1.9999990e-01 1.9999990e-01 1.9999990e-01 1.9999990e-01
 1.9999990e-01] +/- [4.4408921e-15 1.1920929e-07 1.1920929e-07 1.1920929e-07 1.1920929e-07
 1.1920929e-07]
    kl_div: 0.2681852279693646 +/- 0.1419349011790429
    tvd: 0.24374425896563742 +/- 0.07601501951831288
    all_seq_probs: [[0.15028248 0.1470067  0.16516786 0.18673418 0.16573341 0.18507535]] +/- [[0.08537554 0.04676113 0.0918469  0.07362714 0.07330809 0.08407418]]
    choice_probs: [0.15028248 0.1470067  0.16516786 0.18673418 0.16573341 0.18507535] +/- [0.08537554 0.04676113 0.0918469  0.07362714 0.07330809 0.08407418]
