unconditional_point
  expected_dist: [0.16666676 0.16666676 0.16666676 0.16666676 0.16666676 0.16666676] +/- [7.4505806e-08 7.4505806e-08 7.4505806e-08 7.4505806e-08 7.4505806e-08
 7.4505806e-08]
  tvd: 0.553714923187726 +/- 0.13691448486910135
  kl_div: 2.43106869206368 +/- 1.4126654409497779
  all_seq_probs: [[0.0263928  0.10476846 0.22445533 0.1910361  0.22605262 0.2272947 ]] +/- [[0.08824286 0.24439703 0.24630454 0.2373911  0.23042657 0.26076473]]
  choice_probs: [0.0263928  0.10476846 0.22445533 0.1910361  0.22605262 0.2272947 ] +/- [0.08824286 0.24439703 0.24630454 0.2373911  0.23042657 0.26076473]
biased_point
  When you roll dice, they land on 2 20% of the time.
    expected_dist: [0.15999988 0.20000048 0.15999988 0.15999988 0.15999988 0.15999988] +/- [1.6391277e-07 4.4703484e-07 1.6391277e-07 1.6391277e-07 1.6391277e-07
 1.6391277e-07]
    tvd: 0.6164249200991301 +/- 0.16158402242101888
    kl_div: 2.386112141769903 +/- 1.8189879437432799
    all_seq_probs: [[0.14721006 0.47317097 0.06036561 0.12814606 0.03484427 0.15626303]] +/- [[0.24280433 0.39180844 0.14368683 0.26883209 0.0805713  0.22683327]]
    choice_probs: [0.14721006 0.47317097 0.06036561 0.12814606 0.03484427 0.15626303] +/- [0.24280433 0.39180844 0.14368683 0.26883209 0.0805713  0.22683327]
  tvd_auc: 0.0 +/- 0.0
