biased_point
  tvd_auc: 0.0 +/- 0.0
  When you flip coins, they land on heads 70% of the time.
    expected_dist: [0.6999983 0.3      ] +/- [1.66893e-06 0.00000e+00]
    choice_probs: [0.59833044 0.40166957] +/- [0.19400695 0.19400695]
    tvd: 0.16703393257409335 +/- 0.14168648348878238
    kl_div: 0.1129064776878804 +/- 0.18250748442570383
    all_seq_probs: [[0.59833044 0.40166957]] +/- [[0.19400695 0.19400695]]
unconditional_point
  expected_dist: [0.5 0.5] +/- [0. 0.]
  choice_probs: [0.61210569 0.38789432] +/- [0.20533531 0.20533531]
  tvd: 0.20459046866744757 +/- 0.11345931190712268
  kl_div: 0.14383002543449402 +/- 0.15277271665783254
  all_seq_probs: [[0.61210569 0.38789432]] +/- [[0.20533531 0.20533531]]
