biased_point
  tvd_auc: 0.0 +/- 0.0
  When I flip coins they land on heads 60% of the time.
    choice_probs: [0.53487388 0.46512613] +/- [0.10713429 0.10713429]
    expected_dist: [0.60000026 0.3999998 ] +/- [2.3841858e-07 2.3841858e-07]
    all_seq_probs: [[0.53487388 0.46512613]] +/- [[0.10713429 0.10713429]]
    kl_div: 0.033566944040358065 +/- 0.05663524930548017
    tvd: 0.0947430981695652 +/- 0.08211524272875288
unconditional_point
  choice_probs: [0.53265125 0.46734876] +/- [0.11341604 0.11341605]
  expected_dist: [0.5 0.5] +/- [0. 0.]
  all_seq_probs: [[0.53265125 0.46734876]] +/- [[0.11341604 0.11341605]]
  kl_div: 0.03100432574748993 +/- 0.051098676691563885
  tvd: 0.09637228190898896 +/- 0.06812992331947172
