biased_point
  When you roll dice, they land on 4 20% of the time.
    kl_div: 2.115698447240633 +/- 1.3932247231485033
    all_seq_probs: [[0.08441234 0.12668271 0.12489156 0.3416282  0.08417815 0.23820705]] +/- [[0.16757489 0.1808574  0.17241714 0.36869127 0.16406955 0.28309206]]
    tvd: 0.5643195657436256 +/- 0.16193513792385555
    expected_dist: [0.15999988 0.15999988 0.15999988 0.20000048 0.15999988 0.15999988] +/- [1.3411045e-07 1.3411045e-07 1.3411045e-07 4.6193600e-07 1.3411045e-07
 1.3411045e-07]
    choice_probs: [0.08441234 0.12668271 0.12489156 0.3416282  0.08417815 0.23820705] +/- [0.16757489 0.1808574  0.17241714 0.36869127 0.16406955 0.28309206]
  tvd_auc: 0.0 +/- 0.0
