unconditional_point
  tvd: 0.33875018195522716 +/- 0.13544934141661238
  choice_probs: [0.77455733 0.22544268] +/- [0.24024255 0.24024256]
  expected_dist: [0.5 0.5] +/- [0. 0.]
  kl_div: 0.5746581975817681 +/- 0.5643535335485468
  all_seq_probs: [[0.77455733 0.22544268]] +/- [[0.24024255 0.24024256]]
biased_point
  When you flip coins, they land on heads 20% of the time.
    tvd: 0.4618361197002232 +/- 0.24078728435002456
    choice_probs: [0.64918665 0.35081335] +/- [0.26363322 0.26363322]
    expected_dist: [0.20000048 0.8000019 ] +/- [4.6193600e-07 1.9073486e-06]
    kl_div: 0.7846944952460472 +/- 0.7601333648483902
    all_seq_probs: [[0.64918665 0.35081335]] +/- [[0.26363322 0.26363322]]
  tvd_auc: 0.0 +/- 0.0
