biased_point
  tvd_auc: 0.0 +/- 0.0
  When I roll dice, they land on 4 20% of the time.
    all_seq_probs: [[0.14230199 0.17727481 0.16051133 0.19671965 0.16153664 0.16165559]] +/- [[0.02903704 0.01986434 0.01839089 0.02383888 0.01465051 0.0458325 ]]
    expected_dist: [0.15999994 0.15999994 0.15999994 0.1999999  0.15999994 0.15999994] +/- [7.4505806e-08 7.4505806e-08 7.4505806e-08 1.1920929e-07 7.4505806e-08
 7.4505806e-08]
    tvd: 0.05766743453219533 +/- 0.035804532343283665
    choice_probs: [0.14230199 0.17727481 0.16051133 0.19671965 0.16153664 0.16165559] +/- [0.02903704 0.01986434 0.01839089 0.02383888 0.01465051 0.0458325 ]
    kl_div: 0.018257739397813565 +/- 0.03928300189887778
