biased_point
  tvd_auc: 0.0 +/- 0.0
  When you roll dice, they land on 1 20% of the time.
    kl_div: 2.234563619194203 +/- 1.1107290065776274
    choice_probs: [0.18634748 0.27103594 0.11781792 0.08673925 0.05435713 0.28370229] +/- [0.25809574 0.26874965 0.20045022 0.13105852 0.0921866  0.28587354]
    expected_dist: [0.20000048 0.15999988 0.15999988 0.15999988 0.15999988 0.15999988] +/- [4.4703484e-07 1.6391277e-07 1.6391277e-07 1.6391277e-07 1.6391277e-07
 1.6391277e-07]
    all_seq_probs: [[0.18634748 0.27103594 0.11781792 0.08673925 0.05435713 0.28370229]] +/- [[0.25809574 0.26874965 0.20045022 0.13105852 0.0921866  0.28587354]]
    tvd: 0.5580416417039931 +/- 0.10794665198035083
