unconditional_point
  kl_div: 0.27946947641321457 +/- 0.23518646328847873
  expected_dist: [0.16666663 0.16666663 0.16666663 0.16666663 0.16666663 0.16666663] +/- [5.9604645e-08 5.9604645e-08 5.9604645e-08 5.9604645e-08 5.9604645e-08
 5.9604645e-08]
  choice_probs: [0.14505325 0.39173449 0.15128498 0.11951773 0.10576529 0.08664426] +/- [0.04795069 0.23412066 0.05351309 0.05726175 0.05184048 0.06477496]
  all_seq_probs: [[0.14505325 0.39173449 0.15128498 0.11951773 0.10576529 0.08664426]] +/- [[0.04795069 0.23412066 0.05351309 0.05726175 0.05184048 0.06477496]]
  tvd: 0.28937275625765324 +/- 0.16768766072181324
biased_point
  When I roll dice, they land on 2 80% of the time.
    kl_div: 0.29492540598032063 +/- 0.36935482214598087
    expected_dist: [0.03999999 0.7999996  0.03999999 0.03999999 0.03999999 0.03999999] +/- [2.2351742e-08 3.5762787e-07 2.2351742e-08 2.2351742e-08 2.2351742e-08
 2.2351742e-08]
    choice_probs: [0.0964244  0.58949195 0.10530895 0.08150597 0.07126801 0.0560007 ] +/- [0.05988922 0.27271487 0.07074807 0.05557094 0.05695639 0.06047572]
    all_seq_probs: [[0.0964244  0.58949195 0.10530895 0.08150597 0.07126801 0.0560007 ]] +/- [[0.05988922 0.27271487 0.07074807 0.05557094 0.05695639 0.06047572]]
    tvd: 0.25856935952790083 +/- 0.22953380325990946
  tvd_auc: 0.0 +/- 0.0
