unconditional_point
  expected_dist: [0.5 0.5] +/- [0. 0.]
  tvd: 0.4164488057233393 +/- 0.03892359819065062
  all_seq_probs: [[0.53971802 0.46028198]] +/- [[0.41637379 0.41637379]]
  choice_probs: [0.53971802 0.46028198] +/- [0.41637379 0.41637379]
  kl_div: 0.6475330305099487 +/- 0.22242620895559762
biased_point
  tvd_auc: 0.0 +/- 0.0
  When I flip coins they land on heads 60% of the time.
    expected_dist: [0.60000026 0.3999998 ] +/- [2.3841858e-07 2.3841858e-07]
    tvd: 0.35671589804813264 +/- 0.15555962576430588
    all_seq_probs: [[0.47610316 0.52389684]] +/- [[0.36891002 0.36891002]]
    choice_probs: [0.47610316 0.52389684] +/- [0.36891002 0.36891002]
    kl_div: 0.5338633444905281 +/- 0.4228812901340215
