biased_point
  When you roll dice, they land on 6 20% of the time.
    expected_dist: [0.15999988 0.15999988 0.15999988 0.15999988 0.15999988 0.20000048] +/- [1.6391277e-07 1.6391277e-07 1.6391277e-07 1.6391277e-07 1.6391277e-07
 4.4703484e-07]
    choice_probs: [0.08839796 0.39393104 0.08059232 0.13314259 0.03425008 0.26968601] +/- [0.20616665 0.42760021 0.17306233 0.2672685  0.08775041 0.34067871]
    all_seq_probs: [[0.08839796 0.39393104 0.08059232 0.13314259 0.03425008 0.26968601]] +/- [[0.20616665 0.42760021 0.17306233 0.2672685  0.08775041 0.34067871]]
    kl_div: 3.483918786639115 +/- 2.5971637065210675
    tvd: 0.6650162080052405 +/- 0.15669279227895563
  tvd_auc: 0.0 +/- 0.0
