biased_point
  When you roll dice, they land on 5 80% of the time.
    all_seq_probs: [[0.03819444 0.06977171 0.1060739  0.06768325 0.58423491 0.13404179]] +/- [[0.08581718 0.129233   0.1771352  0.11915599 0.39947274 0.20173449]]
    choice_probs: [0.03819444 0.06977171 0.1060739  0.06768325 0.58423491 0.13404179] +/- [0.08581718 0.129233   0.1771352  0.11915599 0.39947274 0.20173449]
    expected_dist: [0.03999997 0.03999997 0.03999997 0.03999997 0.8000019  0.03999997] +/- [4.0978193e-08 4.0978193e-08 4.0978193e-08 4.0978193e-08 1.9073486e-06
 4.0978193e-08]
    tvd: 0.40466321072602984 +/- 0.28376154418018373
    kl_div: 1.3662826003176742 +/- 1.4762729630686409
  tvd_auc: 0.0 +/- 0.0
