biased_point
  tvd_auc: 0.0 +/- 0.0
  When I roll dice, they land on 5 0% of the time.
    expected_dist: [1.9999990e-01 1.9999990e-01 1.9999990e-01 1.9999990e-01 1.0000003e-08
 1.9999990e-01] +/- [1.1920929e-07 1.1920929e-07 1.1920929e-07 1.1920929e-07 4.4408921e-15
 1.1920929e-07]
    all_seq_probs: [[0.17234419 0.17410306 0.18237558 0.15913998 0.17238783 0.13964937]] +/- [[0.04556713 0.05952977 0.04466459 0.03837679 0.03157377 0.0882567 ]]
    tvd: 0.21578436345913624 +/- 0.060162730491790696
    choice_probs: [0.17234419 0.17410306 0.18237558 0.15913998 0.17238783 0.13964937] +/- [0.04556713 0.05952977 0.04466459 0.03837679 0.03157377 0.0882567 ]
    kl_div: 0.2605451967446254 +/- 0.10346616445115393
