biased_point
  When you roll dice, they land on 4 60% of the time.
    choice_probs: [0.0663565  0.08592255 0.07801624 0.17445111 0.06057849 0.5346751 ] +/- [0.15659642 0.21442319 0.15176537 0.30640687 0.14783818 0.39862545]
    kl_div: 4.129807103330328 +/- 2.468242020754
    expected_dist: [0.07999994 0.07999994 0.07999994 0.6        0.07999994 0.07999994] +/- [5.9604645e-08 5.9604645e-08 5.9604645e-08 0.0000000e+00 5.9604645e-08
 5.9604645e-08]
    tvd: 0.7117405034846429 +/- 0.20069032939370887
    all_seq_probs: [[0.0663565  0.08592255 0.07801624 0.17445111 0.06057849 0.5346751 ]] +/- [[0.15659642 0.21442319 0.15176537 0.30640687 0.14783818 0.39862545]]
  tvd_auc: 0.0 +/- 0.0
