unconditional_point
  expected_dist: [0.5 0.5] +/- [0. 0.]
  all_seq_probs: [[0.51277582 0.48722419]] +/- [[0.47917947 0.47917946]]
  kl_div: 1.5528186022043229 +/- 0.5483345704206601
  tvd: 0.4778509278080892 +/- 0.03787704596471611
  choice_probs: [0.51277582 0.48722419] +/- [0.47917947 0.47917946]
biased_point
  When you flip coins, they land on heads 50% of the time.
    expected_dist: [0.5 0.5] +/- [0. 0.]
    all_seq_probs: [[0.52653449 0.47346551]] +/- [[0.43124542 0.43124542]]
    kl_div: 0.8849095356464386 +/- 0.48507983759851064
    tvd: 0.42677132691256703 +/- 0.06740120556193399
    choice_probs: [0.52653449 0.47346551] +/- [0.43124542 0.43124542]
  tvd_auc: 0.0 +/- 0.0
