biased_point
  When I roll dice, they land on 2 60% of the time.
    kl_div: 0.423319136002101 +/- 0.22913962079657998
    expected_dist: [0.07999998 0.60000026 0.07999998 0.07999998 0.07999998 0.07999998] +/- [4.4703484e-08 1.7881393e-07 4.4703484e-08 4.4703484e-08 4.4703484e-08
 4.4703484e-08]
    choice_probs: [0.13100842 0.27121602 0.12865988 0.12374543 0.13062479 0.21474545] +/- [0.04857654 0.16683219 0.05586659 0.06703891 0.09618106 0.07504945]
    tvd: 0.37229963172692804 +/- 0.10516764626812732
    all_seq_probs: [[0.13100842 0.27121602 0.12865988 0.12374543 0.13062479 0.21474545]] +/- [[0.04857654 0.16683219 0.05586659 0.06703891 0.09618106 0.07504945]]
  tvd_auc: 0.0 +/- 0.0
unconditional_point
  kl_div: 0.0640832187718479 +/- 0.08231191681578273
  expected_dist: [0.16666663 0.16666663 0.16666663 0.16666663 0.16666663 0.16666663] +/- [5.9604645e-08 5.9604645e-08 5.9604645e-08 5.9604645e-08 5.9604645e-08
 5.9604645e-08]
  choice_probs: [0.18613608 0.18542485 0.18277224 0.16106149 0.16114333 0.12346202] +/- [0.03480205 0.08196626 0.03517483 0.03903939 0.06955714 0.04186959]
  tvd: 0.12423310276120901 +/- 0.0740335342309178
  all_seq_probs: [[0.18613608 0.18542485 0.18277224 0.16106149 0.16114333 0.12346202]] +/- [[0.03480205 0.08196626 0.03517483 0.03903939 0.06955714 0.04186959]]
