biased_point
  When I roll dice, they land on 2 80% of the time.
    kl_div: 0.24151355995352788 +/- 0.16543822015396306
    all_seq_probs: [[0.10302577 0.59095694 0.09326278 0.07281208 0.05761196 0.08233049]] +/- [[0.07936545 0.18654081 0.0701603  0.06115511 0.06544348 0.0879888 ]]
    choice_probs: [0.10302577 0.59095694 0.09326278 0.07281208 0.05761196 0.08233049] +/- [0.07936545 0.18654081 0.0701603  0.06115511 0.06544348 0.0879888 ]
    tvd: 0.26662977347383277 +/- 0.12556776018796995
    expected_dist: [0.03999999 0.7999996  0.03999999 0.03999999 0.03999999 0.03999999] +/- [2.2351742e-08 3.5762787e-07 2.2351742e-08 2.2351742e-08 2.2351742e-08
 2.2351742e-08]
  tvd_auc: 0.0 +/- 0.0
