biased_point
  tvd_auc: 0.0 +/- 0.0
  When I roll dice, they land on 6 20% of the time.
    tvd: 0.1698135832697153 +/- 0.07889744708409747
    kl_div: 0.09970624691952253 +/- 0.08900288538357612
    choice_probs: [0.13149376 0.16690043 0.15374291 0.16260134 0.17660882 0.20865273] +/- [0.0697129  0.07234414 0.06535893 0.07409856 0.08355655 0.0766748 ]
    all_seq_probs: [[0.13149376 0.16690043 0.15374291 0.16260134 0.17660882 0.20865273]] +/- [[0.0697129  0.07234414 0.06535893 0.07409856 0.08355655 0.0766748 ]]
    expected_dist: [0.15999995 0.15999995 0.15999995 0.15999995 0.15999995 0.1999999 ] +/- [8.9406967e-08 8.9406967e-08 8.9406967e-08 8.9406967e-08 8.9406967e-08
 1.3411045e-07]
