biased_point
  When you roll dice, they land on 1 60% of the time.
    tvd: 0.778473397258045 +/- 0.1222354810723144
    choice_probs: [0.03292661 0.1125276  0.11577571 0.11975218 0.026307   0.59271091] +/- [0.10606755 0.22444635 0.19931851 0.17435536 0.04828856 0.39003252]
    all_seq_probs: [[0.03292661 0.1125276  0.11577571 0.11975218 0.026307   0.59271091]] +/- [[0.10606755 0.22444635 0.19931851 0.17435536 0.04828856 0.39003252]]
    kl_div: 5.86597267788701 +/- 3.0529077674589193
    expected_dist: [0.6        0.07999994 0.07999994 0.07999994 0.07999994 0.07999994] +/- [5.9604645e-08 8.1956387e-08 8.1956387e-08 8.1956387e-08 8.1956387e-08
 8.1956387e-08]
  tvd_auc: 0.0 +/- 0.0
