biased_point
  When I roll dice, they land on 5 0% of the time.
    tvd: 0.2751736900501809 +/- 0.05002698008702544
    choice_probs: [0.17901088 0.18956209 0.16563251 0.15530411 0.22164211 0.0888483 ] +/- [0.03516201 0.10161614 0.04354408 0.04815171 0.05745602 0.03379361]
    kl_div: 0.3390093974815841 +/- 0.06073703329316037
    expected_dist: [1.9999990e-01 1.9999990e-01 1.9999990e-01 1.9999990e-01 1.0000003e-08
 1.9999990e-01] +/- [1.1920929e-07 1.1920929e-07 1.1920929e-07 1.1920929e-07 4.4408921e-15
 1.1920929e-07]
    all_seq_probs: [[0.17901088 0.18956209 0.16563251 0.15530411 0.22164211 0.0888483 ]] +/- [[0.03516201 0.10161614 0.04354408 0.04815171 0.05745602 0.03379361]]
  tvd_auc: 0.0 +/- 0.0
unconditional_point
  tvd: 0.1663532592356205 +/- 0.06228938718903361
  choice_probs: [0.17919136 0.20947693 0.18232931 0.16687155 0.18006239 0.08206848] +/- [0.04621382 0.10154418 0.05520369 0.05358088 0.04805464 0.02427029]
  kl_div: 0.09856916496879421 +/- 0.06834095047996286
  expected_dist: [0.16666663 0.16666663 0.16666663 0.16666663 0.16666663 0.16666663] +/- [5.9604645e-08 5.9604645e-08 5.9604645e-08 5.9604645e-08 5.9604645e-08
 5.9604645e-08]
  all_seq_probs: [[0.17919136 0.20947693 0.18232931 0.16687155 0.18006239 0.08206848]] +/- [[0.04621382 0.10154418 0.05520369 0.05358088 0.04805464 0.02427029]]
