biased_point
  tvd_auc: 0.0 +/- 0.0
  When you roll dice, they land on 5 40% of the time.
    expected_dist: [0.12000033 0.12000033 0.12000033 0.12000033 0.40000096 0.12000033] +/- [3.3527613e-07 3.3527613e-07 3.3527613e-07 3.3527613e-07 9.2387199e-07
 3.3527613e-07]
    tvd: 0.667468111954642 +/- 0.13366381166032854
    kl_div: 5.549492381496005 +/- 3.2031327512588637
    choice_probs: [0.13172255 0.27664057 0.15069771 0.12499457 0.12989108 0.18605351] +/- [0.24598576 0.33453481 0.23144475 0.22313453 0.27781525 0.27756649]
    all_seq_probs: [[0.13172255 0.27664057 0.15069771 0.12499457 0.12989108 0.18605351]] +/- [[0.24598576 0.33453481 0.23144475 0.22313453 0.27781525 0.27756649]]
