biased_point
  tvd_auc: 0.0 +/- 0.0
  When I flip coins they land on heads 80% of the time.
    all_seq_probs: [[0.86507813 0.1349707 ]] +/- [[0.13270264 0.13329816]]
    choice_probs: [0.86507813 0.1349707 ] +/- [0.13270264 0.13329816]
    expected_dist: [0.7999996 0.1999999] +/- [4.1723251e-07 1.1920929e-07]
    kl_div: 0.10359175992198288 +/- 0.11596975713783475
    tvd: 0.12463574409484864 +/- 0.07985297934111804
