biased_point
  When you roll dice, they land on 1 0% of the time.
    kl_div: 2.3255248007179734 +/- 1.3530192975898854
    tvd: 0.5413394297659613 +/- 0.13431000381827451
    all_seq_probs: [[0.17352266 0.14008837 0.26449351 0.11177868 0.14500303 0.16511376]] +/- [[0.15335001 0.2197962  0.24401686 0.17117562 0.19951829 0.22000047]]
    expected_dist: [9.9999795e-09 2.0000048e-01 2.0000048e-01 2.0000048e-01 2.0000048e-01
 2.0000048e-01] +/- [1.8651747e-14 4.6193600e-07 4.6193600e-07 4.6193600e-07 4.6193600e-07
 4.6193600e-07]
    choice_probs: [0.17352266 0.14008837 0.26449351 0.11177868 0.14500303 0.16511376] +/- [0.15335001 0.2197962  0.24401686 0.17117562 0.19951829 0.22000047]
  tvd_auc: 0.0 +/- 0.0
