biased_point
  When I roll dice, they land on 2 100% of the time.
    tvd: 0.04526280813462504 +/- 0.040878784277341595
    all_seq_probs: [[0.01507881 0.95473717 0.01006018 0.00982425 0.00577979 0.00451981]] +/- [[0.01283269 0.04087879 0.00964235 0.00835926 0.00613326 0.00417783]]
    kl_div: 0.047293548360510584 +/- 0.04486214852454838
    choice_probs: [0.01507881 0.95473717 0.01006018 0.00982425 0.00577979 0.00451981] +/- [0.01283269 0.04087879 0.00964235 0.00835926 0.00613326 0.00417783]
    expected_dist: [1.0000003e-08 1.0000000e+00 1.0000003e-08 1.0000003e-08 1.0000003e-08
 1.0000003e-08] +/- [4.440892e-15 0.000000e+00 4.440892e-15 4.440892e-15 4.440892e-15
 4.440892e-15]
  tvd_auc: 0.0 +/- 0.0
unconditional_point
  tvd: 0.4278659253846854 +/- 0.1019473752944731
  all_seq_probs: [[0.11490368 0.59347944 0.1107683  0.07642281 0.06488354 0.03954222]] +/- [[0.02779517 0.10422328 0.02941542 0.02168585 0.02021577 0.01131712]]
  kl_div: 0.48094053529785014 +/- 0.1867437813965165
  choice_probs: [0.11490368 0.59347944 0.1107683  0.07642281 0.06488354 0.03954222] +/- [0.02779517 0.10422328 0.02941542 0.02168585 0.02021577 0.01131712]
  expected_dist: [0.16666663 0.16666663 0.16666663 0.16666663 0.16666663 0.16666663] +/- [5.9604645e-08 5.9604645e-08 5.9604645e-08 5.9604645e-08 5.9604645e-08
 5.9604645e-08]
