biased_point
  tvd_auc: 0.0 +/- 0.0
  When I flip coins they land on heads 90% of the time.
    choice_probs: [0.90421875 0.09479492] +/- [0.0723289  0.07256339]
    all_seq_probs: [[0.90421875 0.09479492]] +/- [[0.0723289  0.07256339]]
    expected_dist: [0.9000002  0.09999995] +/- [2.3841858e-07 5.2154064e-08]
    kl_div: 0.03331665642792359 +/- 0.034338727059770355
    tvd: 0.057389651536941526 +/- 0.04434910350398748
