biased_point
  When you flip coins, they land on heads 60% of the time.
    expected_dist: [0.6        0.40000096] +/- [0.00000e+00 9.23872e-07]
    kl_div: 0.6474270235076547 +/- 0.44696791536806296
    choice_probs: [0.51088739 0.48911262] +/- [0.39056365 0.39056365]
    tvd: 0.37626920131407676 +/- 0.13748639851835726
    all_seq_probs: [[0.51088739 0.48911262]] +/- [[0.39056365 0.39056365]]
  tvd_auc: 0.0 +/- 0.0
unconditional_point
  expected_dist: [0.5 0.5] +/- [0. 0.]
  kl_div: 0.9052680270671845 +/- 0.5615889731938354
  choice_probs: [0.50469976 0.49530025] +/- [0.41936164 0.41936164]
  tvd: 0.3978401067452505 +/- 0.1327008715974738
  all_seq_probs: [[0.50469976 0.49530025]] +/- [[0.41936164 0.41936164]]
