biased_point
  When I flip coins they land on heads 60% of the time.
    all_seq_probs: [[0.51797525 0.48202475]] +/- [[0.14189786 0.14189786]]
    expected_dist: [0.60000026 0.3999998 ] +/- [2.3841858e-07 2.3841858e-07]
    tvd: 0.1358921056985855 +/- 0.09163184803738607
    choice_probs: [0.51797525 0.48202475] +/- [0.14189786 0.14189786]
    kl_div: 0.05678656466305256 +/- 0.06540592016575797
  tvd_auc: 0.0 +/- 0.0
unconditional_point
  all_seq_probs: [[0.44839991 0.55160009]] +/- [[0.18552709 0.18552708]]
  expected_dist: [0.5 0.5] +/- [0. 0.]
  tvd: 0.16546971581876277 +/- 0.09850199354837622
  choice_probs: [0.44839991 0.55160009] +/- [0.18552709 0.18552708]
  kl_div: 0.08998588025569916 +/- 0.10529768174646052
