biased_point
  tvd_auc: 0.0 +/- 0.0
  When I roll dice, they land on 3 60% of the time.
    all_seq_probs: [[0.08961645 0.10200266 0.24815842 0.14262737 0.11165732 0.30593777]] +/- [[0.06561053 0.067262   0.14229417 0.09037028 0.07066867 0.1922522 ]]
    kl_div: 0.5176847024587914 +/- 0.31472520484815714
    expected_dist: [0.07999998 0.07999998 0.60000026 0.07999998 0.07999998 0.07999998] +/- [4.4703484e-08 4.4703484e-08 1.7881393e-07 4.4703484e-08 4.4703484e-08
 4.4703484e-08]
    tvd: 0.41852159932255745 +/- 0.12710375153071524
    choice_probs: [0.08961645 0.10200266 0.24815842 0.14262737 0.11165732 0.30593777] +/- [0.06561053 0.067262   0.14229417 0.09037028 0.07066867 0.1922522 ]
