biased_point
  When I roll dice, they land on 3 0% of the time.
    kl_div: 0.26758027933203493 +/- 0.12865611542881586
    tvd: 0.22421083512836312 +/- 0.07488855214307981
    expected_dist: [1.9999990e-01 1.9999990e-01 1.0000003e-08 1.9999990e-01 1.9999990e-01
 1.9999990e-01] +/- [1.1920929e-07 1.1920929e-07 4.4408921e-15 1.1920929e-07 1.1920929e-07
 1.1920929e-07]
    all_seq_probs: [[0.14976206 0.16557737 0.19847635 0.16908158 0.160763   0.15633966]] +/- [[0.03748235 0.07552841 0.03451051 0.03866945 0.04821896 0.03974232]]
    choice_probs: [0.14976206 0.16557737 0.19847635 0.16908158 0.160763   0.15633966] +/- [0.03748235 0.07552841 0.03451051 0.03866945 0.04821896 0.03974232]
  tvd_auc: 0.0 +/- 0.0
