biased_point
  tvd_auc: 0.0 +/- 0.0
  When I roll dice, they land on 3 80% of the time.
    choice_probs: [0.06054627 0.0809912  0.66289313 0.06595533 0.05172927 0.07788479] +/- [0.04872756 0.06331908 0.18759261 0.05863933 0.04203907 0.06927919]
    all_seq_probs: [[0.06054627 0.0809912  0.66289313 0.06595533 0.05172927 0.07788479]] +/- [[0.04872756 0.06331908 0.18759261 0.05863933 0.04203907 0.06927919]]
    kl_div: 0.1887849100540916 +/- 0.124527293187017
    tvd: 0.21341037896461784 +/- 0.11361681985343357
    expected_dist: [0.03999999 0.03999999 0.7999996  0.03999999 0.03999999 0.03999999] +/- [2.2351742e-08 2.2351742e-08 4.1723251e-07 2.2351742e-08 2.2351742e-08
 2.2351742e-08]
