unconditional_point
  kl_div: 0.01164518392086029 +/- 0.022843802413399113
  expected_dist: [0.5 0.5] +/- [0. 0.]
  all_seq_probs: [[0.53611311 0.46388692]] +/- [[0.064884   0.06488401]]
  tvd: 0.05398053246736526 +/- 0.050992073997925554
  choice_probs: [0.53611311 0.46388692] +/- [0.064884   0.06488401]
biased_point
  When you flip coins, they land on heads 0% of the time.
    kl_div: 0.10853277584167904 +/- 0.04122377182706395
    expected_dist: [9.9999795e-09 1.0000000e+00] +/- [1.8651747e-14 0.0000000e+00]
    all_seq_probs: [[0.10209425 0.89790575]] +/- [[0.03657315 0.03657315]]
    tvd: 0.10209424475514504 +/- 0.03657315182443356
    choice_probs: [0.10209425 0.89790575] +/- [0.03657315 0.03657315]
  tvd_auc: 0.0 +/- 0.0
