biased_point
  tvd_auc: 0.0 +/- 0.0
  When I flip coins they land on heads 20% of the time.
    expected_dist: [0.1999999 0.7999996] +/- [1.1920929e-07 4.1723251e-07]
    tvd: 0.7308337372541428 +/- 0.046331550783477525
    choice_probs: [0.9309375  0.06927002] +/- [0.04645936 0.04634298]
    all_seq_probs: [[0.9309375  0.06927002]] +/- [[0.04645936 0.04634298]]
    kl_div: 1.825420086979866 +/- 0.543308605277775
