unconditional_point
  choice_probs: [0.34207265 0.65792735] +/- [0.15951556 0.15951555]
  tvd: 0.1936926489248872 +/- 0.11344345931697637
  kl_div: 0.13319500178098678 +/- 0.1581052904355887
  expected_dist: [0.5 0.5] +/- [0. 0.]
  all_seq_probs: [[0.34207265 0.65792735]] +/- [[0.15951556 0.15951555]]
biased_point
  When you flip coins, they land on heads 50% of the time.
    choice_probs: [0.3396403  0.66035971] +/- [0.16023615 0.16023614]
    tvd: 0.1928696125149727 +/- 0.11913089239039135
    kl_div: 0.1392994301915169 +/- 0.17328142293167667
    expected_dist: [0.5 0.5] +/- [0. 0.]
    all_seq_probs: [[0.3396403  0.66035971]] +/- [[0.16023615 0.16023614]]
  tvd_auc: 0.0 +/- 0.0
