unconditional_point
  tvd: 0.19060646697878839 +/- 0.06824405653527563
  kl_div: 0.09561250418424606 +/- 0.08292577766689242
  choice_probs: [0.30939352 0.69060646] +/- [0.06824406 0.06824405]
  all_seq_probs: [[0.30939352 0.69060646]] +/- [[0.06824406 0.06824405]]
  expected_dist: [0.5 0.5] +/- [0. 0.]
biased_point
  When I flip coins they land on heads 30% of the time.
    tvd: 0.058095076084136964 +/- 0.050599488493986246
    kl_div: 0.018403147980570793 +/- 0.036089711576217195
    choice_probs: [0.26589158 0.73410842] +/- [0.06907938 0.06907938]
    all_seq_probs: [[0.26589158 0.73410842]] +/- [[0.06907938 0.06907938]]
    expected_dist: [0.30000013 0.7000003 ] +/- [1.1920929e-07 2.9802322e-07]
  tvd_auc: 0.0 +/- 0.0
