biased_point
  tvd_auc: 0.0 +/- 0.0
  When you flip coins, they land on heads 60% of the time.
    choice_probs: [0.47832114 0.52167886] +/- [0.27262314 0.27262314]
    tvd: 0.2637085399478674 +/- 0.13995329940575224
    all_seq_probs: [[0.47832114 0.52167886]] +/- [[0.27262314 0.27262314]]
    kl_div: 0.25133436237648127 +/- 0.23725172325805313
    expected_dist: [0.6        0.40000096] +/- [0.00000e+00 9.23872e-07]
unconditional_point
  choice_probs: [0.39863806 0.60136195] +/- [0.3311667  0.33116669]
  tvd: 0.32141706290096045 +/- 0.12898331369722385
  all_seq_probs: [[0.39863806 0.60136195]] +/- [[0.3311667  0.33116669]]
  kl_div: 0.4238119239807129 +/- 0.33542931558353295
  expected_dist: [0.5 0.5] +/- [0. 0.]
