biased_point
  When I roll dice, they land on 4 40% of the time.
    tvd: 0.14556933250278234 +/- 0.06658841900165298
    all_seq_probs: [[0.12161328 0.13882263 0.13889747 0.30669849 0.15706109 0.13690703]] +/- [[0.04855293 0.04509431 0.04762614 0.07363752 0.05370435 0.04403968]]
    expected_dist: [0.11999992 0.11999992 0.11999992 0.3999998  0.11999992 0.11999992] +/- [7.4505806e-08 7.4505806e-08 7.4505806e-08 2.3841858e-07 7.4505806e-08
 7.4505806e-08]
    kl_div: 0.06759910819411744 +/- 0.05988065112297101
    choice_probs: [0.12161328 0.13882263 0.13889747 0.30669849 0.15706109 0.13690703] +/- [0.04855293 0.04509431 0.04762614 0.07363752 0.05370435 0.04403968]
  tvd_auc: 0.0 +/- 0.0
