biased_point
  When I roll dice, they land on 4 0% of the time.
    tvd: 0.1705011693307123 +/- 0.04860698413483682
    choice_probs: [0.19205093 0.1594065  0.16200578 0.13486402 0.1680829  0.18358988] +/- [0.06242503 0.0384878  0.03604809 0.0279079  0.03565831 0.04401987]
    kl_div: 0.1778598133065043 +/- 0.04345142818144387
    all_seq_probs: [[0.19205093 0.1594065  0.16200578 0.13486402 0.1680829  0.18358988]] +/- [[0.06242503 0.0384878  0.03604809 0.0279079  0.03565831 0.04401987]]
    expected_dist: [1.9999990e-01 1.9999990e-01 1.9999990e-01 1.0000003e-08 1.9999990e-01
 1.9999990e-01] +/- [1.1920929e-07 1.1920929e-07 1.1920929e-07 4.4408921e-15 1.1920929e-07
 1.1920929e-07]
  tvd_auc: 0.0 +/- 0.0
