biased_point
  tvd_auc: 0.0 +/- 0.0
  When you roll dice, they land on 2 60% of the time.
    choice_probs: [0.06798665 0.08962226 0.11711179 0.14971569 0.03276965 0.54279398] +/- [0.16026808 0.1727837  0.22699291 0.21867838 0.0896452  0.425347  ]
    expected_dist: [0.07999994 0.6        0.07999994 0.07999994 0.07999994 0.07999994] +/- [8.1956387e-08 5.9604645e-08 8.1956387e-08 8.1956387e-08 8.1956387e-08
 8.1956387e-08]
    kl_div: 3.352096510818694 +/- 1.826682860081301
    tvd: 0.7573397024455568 +/- 0.15788885385880685
    all_seq_probs: [[0.06798665 0.08962226 0.11711179 0.14971569 0.03276965 0.54279398]] +/- [[0.16026808 0.1727837  0.22699291 0.21867838 0.0896452  0.425347  ]]
unconditional_point
  choice_probs: [0.00258078 0.05949638 0.1275286  0.54808371 0.24836407 0.01394645] +/- [0.0061864  0.14903621 0.22193198 0.2622761  0.19430344 0.0348755 ]
  expected_dist: [0.16666676 0.16666676 0.16666676 0.16666676 0.16666676 0.16666676] +/- [7.4505806e-08 7.4505806e-08 7.4505806e-08 7.4505806e-08 7.4505806e-08
 7.4505806e-08]
  kl_div: 3.236932029284537 +/- 1.0948687199828133
  tvd: 0.614858702745265 +/- 0.06967685391118662
  all_seq_probs: [[0.00258078 0.05949638 0.1275286  0.54808371 0.24836407 0.01394645]] +/- [[0.0061864  0.14903621 0.22193198 0.2622761  0.19430344 0.0348755 ]]
