biased_point
  When I roll dice, they land on 4 60% of the time.
    expected_dist: [0.07999997 0.07999997 0.07999997 0.60000026 0.07999997 0.07999997] +/- [2.9802322e-08 2.9802322e-08 2.9802322e-08 2.3841858e-07 2.9802322e-08
 2.9802322e-08]
    choice_probs: [0.0602397  0.08149981 0.0886585  0.29993916 0.11712748 0.35253534] +/- [0.0491978  0.06581339 0.06453763 0.12941605 0.07858429 0.15088353]
    all_seq_probs: [[0.0602397  0.08149981 0.0886585  0.29993916 0.11712748 0.35253534]] +/- [[0.0491978  0.06581339 0.06453763 0.12941605 0.07858429 0.15088353]]
    tvd: 0.40606657868716867 +/- 0.08483035244251708
    kl_div: 0.4906493029696867 +/- 0.25131068849231814
  tvd_auc: 0.0 +/- 0.0
