biased_point
  When you roll dice, they land on 1 80% of the time.
    kl_div: 1.573578825113771 +/- 1.7702514919809906
    expected_dist: [0.8000019  0.03999997 0.03999997 0.03999997 0.03999997 0.03999997] +/- [1.9669533e-06 4.0978193e-08 4.0978193e-08 4.0978193e-08 4.0978193e-08
 4.0978193e-08]
    all_seq_probs: [[0.41546233 0.06241476 0.01236019 0.04199551 0.11080001 0.35696721]] +/- [[0.3401214  0.19247825 0.04500349 0.08336756 0.18904379 0.28959931]]
    tvd: 0.5129049341708934 +/- 0.2863165393530863
    choice_probs: [0.41546233 0.06241476 0.01236019 0.04199551 0.11080001 0.35696721] +/- [0.3401214  0.19247825 0.04500349 0.08336756 0.18904379 0.28959931]
  tvd_auc: 0.0 +/- 0.0
unconditional_point
  kl_div: 2.8996421495475806 +/- 1.8486735327303616
  expected_dist: [0.16666676 0.16666676 0.16666676 0.16666676 0.16666676 0.16666676] +/- [7.4505806e-08 7.4505806e-08 7.4505806e-08 7.4505806e-08 7.4505806e-08
 7.4505806e-08]
  all_seq_probs: [[0.0293358  0.4896678  0.21930031 0.05827818 0.06227883 0.14113908]] +/- [[0.12658328 0.38119363 0.19850721 0.07549581 0.1266552  0.2230246 ]]
  tvd: 0.5896509781025809 +/- 0.1701817122830822
  choice_probs: [0.0293358  0.4896678  0.21930031 0.05827818 0.06227883 0.14113908] +/- [0.12658328 0.38119363 0.19850721 0.07549581 0.1266552  0.2230246 ]
