biased_point
  When I roll dice, they land on 4 40% of the time.
    choice_probs: [0.13954033 0.1798541  0.13924023 0.33255041 0.11669521 0.09211972] +/- [0.05943704 0.16411477 0.06396914 0.23054707 0.05371578 0.05761029]
    kl_div: 0.22190267472877168 +/- 0.21157170222500135
    all_seq_probs: [[0.13954033 0.1798541  0.13924023 0.33255041 0.11669521 0.09211972]] +/- [[0.05943704 0.16411477 0.06396914 0.23054707 0.05371578 0.05761029]]
    tvd: 0.2725528931990266 +/- 0.10887043844058363
    expected_dist: [0.11999992 0.11999992 0.11999992 0.3999998  0.11999992 0.11999992] +/- [7.4505806e-08 7.4505806e-08 7.4505806e-08 2.3841858e-07 7.4505806e-08
 7.4505806e-08]
  tvd_auc: 0.0 +/- 0.0
unconditional_point
  choice_probs: [0.18065221 0.22351022 0.18892272 0.15178211 0.16048764 0.09464511] +/- [0.04970324 0.14421458 0.05178115 0.05626244 0.05957611 0.04207589]
  kl_div: 0.1229269998439122 +/- 0.1583936493919712
  all_seq_probs: [[0.18065221 0.22351022 0.18892272 0.15178211 0.16048764 0.09464511]] +/- [[0.04970324 0.14421458 0.05178115 0.05626244 0.05957611 0.04207589]]
  tvd: 0.17892076944932342 +/- 0.09843184989214131
  expected_dist: [0.16666663 0.16666663 0.16666663 0.16666663 0.16666663 0.16666663] +/- [5.9604645e-08 5.9604645e-08 5.9604645e-08 5.9604645e-08 5.9604645e-08
 5.9604645e-08]
