biased_point
  When I roll dice, they land on 6 100% of the time.
    all_seq_probs: [[0.00457354 0.00163717 0.00237745 0.00288563 0.0039056  0.98462062]] +/- [[0.00378583 0.00157122 0.0021994  0.00245597 0.00306175 0.01286876]]
    kl_div: 0.015584961610441041 +/- 0.013218491512061985
    tvd: 0.015379356977404637 +/- 0.012868769158317805
    expected_dist: [1.0000003e-08 1.0000003e-08 1.0000003e-08 1.0000003e-08 1.0000003e-08
 1.0000000e+00] +/- [4.440892e-15 4.440892e-15 4.440892e-15 4.440892e-15 4.440892e-15
 0.000000e+00]
    choice_probs: [0.00457354 0.00163717 0.00237745 0.00288563 0.0039056  0.98462062] +/- [0.00378583 0.00157122 0.0021994  0.00245597 0.00306175 0.01286876]
  tvd_auc: 0.0 +/- 0.0
