biased_point
  tvd_auc: 0.0 +/- 0.0
  When you roll dice, they land on 5 100% of the time.
    tvd: 0.020307602802380965 +/- 0.02569991086575003
    kl_div: 0.02087688927808597 +/- 0.02718933264142097
    choice_probs: [0.00192447 0.00250956 0.00440626 0.01003954 0.97969237 0.0014278 ] +/- [0.00231109 0.0049517  0.00638976 0.01162419 0.02569991 0.0015516 ]
    expected_dist: [9.9999795e-09 9.9999795e-09 9.9999795e-09 9.9999795e-09 1.0000000e+00
 9.9999795e-09] +/- [1.8651747e-14 1.8651747e-14 1.8651747e-14 1.8651747e-14 0.0000000e+00
 1.8651747e-14]
    all_seq_probs: [[0.00192447 0.00250956 0.00440626 0.01003954 0.97969237 0.0014278 ]] +/- [[0.00231109 0.0049517  0.00638976 0.01162419 0.02569991 0.0015516 ]]
