biased_point
  tvd_auc: 0.0 +/- 0.0
  When I roll dice, they land on 3 20% of the time.
    kl_div: 0.07436254302738235 +/- 0.06703318462286699
    tvd: 0.14286963433027267 +/- 0.0633087436604903
    choice_probs: [0.15203606 0.18441892 0.2137244  0.16039646 0.16462412 0.12480003] +/- [0.04107138 0.05711583 0.07658264 0.05207276 0.07332783 0.05782746]
    all_seq_probs: [[0.15203606 0.18441892 0.2137244  0.16039646 0.16462412 0.12480003]] +/- [[0.04107138 0.05711583 0.07658264 0.05207276 0.07332783 0.05782746]]
    expected_dist: [0.15999995 0.15999995 0.1999999  0.15999995 0.15999995 0.15999995] +/- [8.9406967e-08 8.9406967e-08 1.3411045e-07 8.9406967e-08 8.9406967e-08
 8.9406967e-08]
