biased_point
  When you flip coins, they land on heads 0% of the time.
    kl_div: 0.12529562184362175 +/- 0.05910234834573041
    choice_probs: [0.1162421 0.8837579] +/- [0.05123981 0.0512398 ]
    tvd: 0.1162420971834025 +/- 0.051239805204731356
    all_seq_probs: [[0.1162421 0.8837579]] +/- [[0.05123981 0.0512398 ]]
    expected_dist: [9.9999795e-09 1.0000000e+00] +/- [1.8651747e-14 0.0000000e+00]
  tvd_auc: 0.0 +/- 0.0
unconditional_point
  kl_div: 0.1526836223602295 +/- 0.1618797808825164
  choice_probs: [0.71659928 0.28340073] +/- [0.10467856 0.10467857]
  tvd: 0.21759555093199015 +/- 0.10259153841160304
  all_seq_probs: [[0.71659928 0.28340073]] +/- [[0.10467856 0.10467857]]
  expected_dist: [0.5 0.5] +/- [0. 0.]
