biased_point
  When I roll dice, they land on 2 0% of the time.
    choice_probs: [0.12428633 0.16842086 0.15688521 0.16747634 0.17313715 0.2097941 ] +/- [0.06605611 0.05645329 0.06511626 0.06757845 0.08134219 0.12651787]
    expected_dist: [1.9999990e-01 1.0000003e-08 1.9999990e-01 1.9999990e-01 1.9999990e-01
 1.9999990e-01] +/- [1.1920929e-07 4.4408921e-15 1.1920929e-07 1.1920929e-07 1.1920929e-07
 1.1920929e-07]
    all_seq_probs: [[0.12428633 0.16842086 0.15688521 0.16747634 0.17313715 0.2097941 ]] +/- [[0.06605611 0.05645329 0.06511626 0.06757845 0.08134219 0.12651787]]
    tvd: 0.26488205260717484 +/- 0.08364785351353159
    kl_div: 0.3220778000975554 +/- 0.1649675506588919
  tvd_auc: 0.0 +/- 0.0
