biased_point
  tvd_auc: 0.0 +/- 0.0
  When I roll dice, they land on 5 40% of the time.
    expected_dist: [0.11999992 0.11999992 0.11999992 0.11999992 0.3999998  0.11999992] +/- [7.4505806e-08 7.4505806e-08 7.4505806e-08 7.4505806e-08 2.3841858e-07
 7.4505806e-08]
    all_seq_probs: [[0.1197369  0.13115719 0.13449081 0.23438349 0.24959627 0.13063534]] +/- [[0.07673577 0.06975511 0.04896637 0.11868395 0.11070206 0.05939421]]
    kl_div: 0.19347915845108218 +/- 0.2122133974593475
    tvd: 0.24060186013579368 +/- 0.10436654956990551
    choice_probs: [0.1197369  0.13115719 0.13449081 0.23438349 0.24959627 0.13063534] +/- [0.07673577 0.06975511 0.04896637 0.11868395 0.11070206 0.05939421]
