unconditional_point
  all_seq_probs: [[0.39972174 0.60027826]] +/- [[0.11785539 0.11785539]]
  choice_probs: [0.39972174 0.60027826] +/- [0.11785539 0.11785539]
  tvd: 0.12674477604031562 +/- 0.08877715622872522
  kl_div: 0.05384815663099289 +/- 0.060869053077106244
  expected_dist: [0.5 0.5] +/- [0. 0.]
biased_point
  tvd_auc: 0.0 +/- 0.0
  When you flip coins, they land on heads 40% of the time.
    all_seq_probs: [[0.42306994 0.57693006]] +/- [[0.12787941 0.12787942]]
    choice_probs: [0.42306994 0.57693006] +/- [0.12787941 0.12787942]
    tvd: 0.1114625027179718 +/- 0.0667942954101656
    kl_div: 0.03701697110710665 +/- 0.03868890792828117
    expected_dist: [0.40000096 0.6       ] +/- [9.23872e-07 0.00000e+00]
