biased_point
  When you roll dice, they land on 6 60% of the time.
    expected_dist: [0.07999994 0.07999994 0.07999994 0.07999994 0.07999994 0.6       ] +/- [5.9604645e-08 5.9604645e-08 5.9604645e-08 5.9604645e-08 5.9604645e-08
 0.0000000e+00]
    choice_probs: [0.05936296 0.08748005 0.17905662 0.15290158 0.1567103  0.36448849] +/- [0.09660733 0.13524153 0.18657321 0.15217381 0.15542152 0.41536297]
    tvd: 0.527782752609382 +/- 0.16006904564617322
    all_seq_probs: [[0.05936296 0.08748005 0.17905662 0.15290158 0.1567103  0.36448849]] +/- [[0.09660733 0.13524153 0.18657321 0.15217381 0.15542152 0.41536297]]
    kl_div: 1.8479441588983463 +/- 1.2245183443517227
  tvd_auc: 0.0 +/- 0.0
