biased_point
  When I roll dice, they land on 6 60% of the time.
    kl_div: 0.03316172428720165 +/- 0.026472581324650857
    expected_dist: [0.07999997 0.07999997 0.07999997 0.07999997 0.07999997 0.60000026] +/- [2.9802322e-08 2.9802322e-08 2.9802322e-08 2.9802322e-08 2.9802322e-08
 2.3841858e-07]
    choice_probs: [0.09140248 0.08250141 0.09122108 0.08723608 0.10166489 0.54597407] +/- [0.02518604 0.02640562 0.02667452 0.02827253 0.03122998 0.07587909]
    all_seq_probs: [[0.09140248 0.08250141 0.09122108 0.08723608 0.10166489 0.54597407]] +/- [[0.02518604 0.02640562 0.02667452 0.02827253 0.03122998 0.07587909]]
    tvd: 0.09606860144063831 +/- 0.04742307997522774
  tvd_auc: 0.0 +/- 0.0
