biased_point
  When I roll dice, they land on 1 20% of the time.
    choice_probs: [0.23576354 0.23120906 0.16534629 0.14119542 0.13293991 0.09354578] +/- [0.09896112 0.17057507 0.10442886 0.11429726 0.07629401 0.04680856]
    expected_dist: [0.1999999  0.15999995 0.15999995 0.15999995 0.15999995 0.15999995] +/- [1.3411045e-07 8.9406967e-08 8.9406967e-08 8.9406967e-08 8.9406967e-08
 8.9406967e-08]
    kl_div: 0.20102784256553718 +/- 0.1860317573263746
    tvd: 0.23729318108409644 +/- 0.13114655362771482
    all_seq_probs: [[0.23576354 0.23120906 0.16534629 0.14119542 0.13293991 0.09354578]] +/- [[0.09896112 0.17057507 0.10442886 0.11429726 0.07629401 0.04680856]]
  tvd_auc: 0.0 +/- 0.0
unconditional_point
  choice_probs: [0.14758858 0.18090963 0.17633083 0.17578407 0.18941356 0.12997333] +/- [0.04523003 0.10344964 0.0465787  0.0584951  0.06338235 0.04627695]
  expected_dist: [0.16666663 0.16666663 0.16666663 0.16666663 0.16666663 0.16666663] +/- [5.9604645e-08 5.9604645e-08 5.9604645e-08 5.9604645e-08 5.9604645e-08
 5.9604645e-08]
  kl_div: 0.0971463955391664 +/- 0.07191646810820924
  tvd: 0.1444696142151952 +/- 0.05847284946386427
  all_seq_probs: [[0.14758858 0.18090963 0.17633083 0.17578407 0.18941356 0.12997333]] +/- [[0.04523003 0.10344964 0.0465787  0.0584951  0.06338235 0.04627695]]
