biased_point
  tvd_auc: 0.0 +/- 0.0
  When I roll dice, they land on 3 80% of the time.
    expected_dist: [0.03999999 0.03999999 0.7999996  0.03999999 0.03999999 0.03999999] +/- [2.2351742e-08 2.2351742e-08 4.1723251e-07 2.2351742e-08 2.2351742e-08
 2.2351742e-08]
    tvd: 0.21232851354405283 +/- 0.13570675372468097
    choice_probs: [0.0625251  0.06786843 0.66436428 0.08516502 0.07167082 0.04840634] +/- [0.04575448 0.04850749 0.21134375 0.05290195 0.06114562 0.03664431]
    kl_div: 0.16105431667994707 +/- 0.14953329916030458
    all_seq_probs: [[0.0625251  0.06786843 0.66436428 0.08516502 0.07167082 0.04840634]] +/- [[0.04575448 0.04850749 0.21134375 0.05290195 0.06114562 0.03664431]]
