unconditional_point
  all_seq_probs: [[0.51770553 0.48229448]] +/- [[0.26234826 0.26234827]]
  expected_dist: [0.5 0.5] +/- [0. 0.]
  kl_div: 0.18079677253961562 +/- 0.14039813828780895
  tvd: 0.23594988286495208 +/- 0.11605064008122419
  choice_probs: [0.51770553 0.48229448] +/- [0.26234826 0.26234827]
biased_point
  When I flip coins they land on heads 60% of the time.
    all_seq_probs: [[0.57703692 0.42296308]] +/- [[0.21607588 0.21607587]]
    expected_dist: [0.60000026 0.3999998 ] +/- [2.3841858e-07 2.3841858e-07]
    kl_div: 0.11445545244961977 +/- 0.07825570354370374
    tvd: 0.19802445255219936 +/- 0.08945614906157733
    choice_probs: [0.57703692 0.42296308] +/- [0.21607588 0.21607587]
  tvd_auc: 0.0 +/- 0.0
