biased_point
  tvd_auc: 0.0 +/- 0.0
  When I roll dice, they land on 3 80% of the time.
    tvd: 0.47989791387692093 +/- 0.18209262993274358
    expected_dist: [0.03999999 0.03999999 0.7999996  0.03999999 0.03999999 0.03999999] +/- [2.2351742e-08 2.2351742e-08 4.1723251e-07 2.2351742e-08 2.2351742e-08
 2.2351742e-08]
    all_seq_probs: [[0.11929417 0.14429848 0.32067492 0.19972038 0.12357037 0.09244168]] +/- [[0.0392995  0.04769659 0.18317237 0.05088187 0.04450538 0.03324572]]
    kl_div: 0.6429738338897004 +/- 0.4177747789027129
    choice_probs: [0.11929417 0.14429848 0.32067492 0.19972038 0.12357037 0.09244168] +/- [0.0392995  0.04769659 0.18317237 0.05088187 0.04450538 0.03324572]
unconditional_point
  tvd: 0.12371585056185723 +/- 0.02962697030522751
  expected_dist: [0.16666663 0.16666663 0.16666663 0.16666663 0.16666663 0.16666663] +/- [5.9604645e-08 5.9604645e-08 5.9604645e-08 5.9604645e-08 5.9604645e-08
 5.9604645e-08]
  all_seq_probs: [[0.15749637 0.19739663 0.0891785  0.22199205 0.19560571 0.13833074]] +/- [[0.01741778 0.02900976 0.04093394 0.0257819  0.01929653 0.015625  ]]
  kl_div: 0.06253412135512917 +/- 0.03153704276792431
  choice_probs: [0.15749637 0.19739663 0.0891785  0.22199205 0.19560571 0.13833074] +/- [0.01741778 0.02900976 0.04093394 0.0257819  0.01929653 0.015625  ]
