biased_point
  tvd_auc: 0.0 +/- 0.0
  When I roll dice, they land on 2 0% of the time.
    tvd: 0.25467288135671234 +/- 0.06635611876766957
    expected_dist: [1.9999990e-01 1.0000003e-08 1.9999990e-01 1.9999990e-01 1.9999990e-01
 1.9999990e-01] +/- [1.1920929e-07 4.4408921e-15 1.1920929e-07 1.1920929e-07 1.1920929e-07
 1.1920929e-07]
    all_seq_probs: [[0.15826447 0.24266514 0.1568792  0.17287157 0.14538868 0.12393095]] +/- [[0.04484932 0.0696318  0.05280994 0.05065048 0.04832266 0.04231481]]
    choice_probs: [0.15826447 0.24266514 0.1568792  0.17287157 0.14538868 0.12393095] +/- [0.04484932 0.0696318  0.05280994 0.05065048 0.04832266 0.04231481]
    kl_div: 0.35813603658280585 +/- 0.10414780904795622
unconditional_point
  tvd: 0.13195977475494147 +/- 0.07692336136962866
  expected_dist: [0.16666663 0.16666663 0.16666663 0.16666663 0.16666663 0.16666663] +/- [5.9604645e-08 5.9604645e-08 5.9604645e-08 5.9604645e-08 5.9604645e-08
 5.9604645e-08]
  all_seq_probs: [[0.15565281 0.21871301 0.16481423 0.17878446 0.15930921 0.12272628]] +/- [[0.04478567 0.09414643 0.05163424 0.0508877  0.05862907 0.03889794]]
  choice_probs: [0.15565281 0.21871301 0.16481423 0.17878446 0.15930921 0.12272628] +/- [0.04478567 0.09414643 0.05163424 0.0508877  0.05862907 0.03889794]
  kl_div: 0.08744269464688842 +/- 0.09448539170767795
