biased_point
  When I roll dice, they land on 5 0% of the time.
    tvd: 0.29063852398776624 +/- 0.08357354107235884
    expected_dist: [1.9999990e-01 1.9999990e-01 1.9999990e-01 1.9999990e-01 1.0000003e-08
 1.9999990e-01] +/- [1.1920929e-07 1.1920929e-07 1.1920929e-07 1.1920929e-07 4.4408921e-15
 1.1920929e-07]
    all_seq_probs: [[0.14369172 0.21581928 0.16246528 0.1531771  0.20255179 0.12229484]] +/- [[0.04608874 0.16189763 0.05902701 0.06287047 0.06924231 0.03348128]]
    choice_probs: [0.14369172 0.21581928 0.16246528 0.1531771  0.20255179 0.12229484] +/- [0.04608874 0.16189763 0.05902701 0.06287047 0.06924231 0.03348128]
    kl_div: 0.34131386542129377 +/- 0.104400010507468
  tvd_auc: 0.0 +/- 0.0
