biased_point
  tvd_auc: 0.0 +/- 0.0
  When I roll dice, they land on 3 100% of the time.
    choice_probs: [0.00906082 0.00881612 0.95747596 0.01021822 0.00576211 0.00866679] +/- [0.00771154 0.007162   0.03282253 0.00749039 0.00491697 0.00588164]
    kl_div: 0.04405970418035551 +/- 0.03507338068759554
    expected_dist: [1.0000003e-08 1.0000003e-08 1.0000000e+00 1.0000003e-08 1.0000003e-08
 1.0000003e-08] +/- [4.440892e-15 4.440892e-15 0.000000e+00 4.440892e-15 4.440892e-15
 4.440892e-15]
    all_seq_probs: [[0.00906082 0.00881612 0.95747596 0.01021822 0.00576211 0.00866679]] +/- [[0.00771154 0.007162   0.03282253 0.00749039 0.00491697 0.00588164]]
    tvd: 0.04252402241128435 +/- 0.03282252774276032
