biased_point
  tvd_auc: 0.0 +/- 0.0
  When I flip coins they land on heads 70% of the time.
    kl_div: 0.05645259929820895 +/- 0.07614302679886756
    all_seq_probs: [[0.59055477 0.40944524]] +/- [[0.11681082 0.11681083]]
    tvd: 0.13219274021685123 +/- 0.09026684836131328
    choice_probs: [0.59055477 0.40944524] +/- [0.11681082 0.11681083]
    expected_dist: [0.7000003  0.30000013] +/- [2.9802322e-07 1.1920929e-07]
unconditional_point
  kl_div: 0.07139621317386627 +/- 0.14640176036883154
  all_seq_probs: [[0.60272928 0.39727072]] +/- [[0.12616445 0.12616447]]
  tvd: 0.12405643876641989 +/- 0.10526526589863759
  choice_probs: [0.60272928 0.39727072] +/- [0.12616445 0.12616447]
  expected_dist: [0.5 0.5] +/- [0. 0.]
