biased_point
  tvd_auc: 0.0 +/- 0.0
  When I flip coins they land on heads 30% of the time.
    tvd: 0.3778274923749268 +/- 0.24719095071725472
    all_seq_probs: [[0.65398686 0.34601313]] +/- [[0.28026824 0.28026824]]
    expected_dist: [0.30000013 0.7000003 ] +/- [1.1920929e-07 2.9802322e-07]
    choice_probs: [0.65398686 0.34601313] +/- [0.28026824 0.28026824]
    kl_div: 0.6169529880210757 +/- 0.5962608781864019
unconditional_point
  tvd: 0.2501568492129445 +/- 0.13836137484223404
  all_seq_probs: [[0.4832905 0.5167095]] +/- [[0.28538239 0.2853824 ]]
  expected_dist: [0.5 0.5] +/- [0. 0.]
  choice_probs: [0.4832905 0.5167095] +/- [0.28538239 0.2853824 ]
  kl_div: 0.24260985910892485 +/- 0.22271526213153092
