biased_point
  tvd_auc: 0.0 +/- 0.0
  When I flip coins they land on heads 70% of the time.
    kl_div: 0.08454603552818299 +/- 0.1293314914788505
    tvd: 0.1626376873254776 +/- 0.1106803586976357
    expected_dist: [0.7000003  0.30000013] +/- [2.9802322e-07 1.1920929e-07]
    choice_probs: [0.55663304 0.44336697] +/- [0.13471108 0.13471109]
    all_seq_probs: [[0.55663304 0.44336697]] +/- [[0.13471108 0.13471109]]
unconditional_point
  kl_div: 0.05024243593215942 +/- 0.09753931167511307
  tvd: 0.10919516265392304 +/- 0.09183035650171464
  expected_dist: [0.5 0.5] +/- [0. 0.]
  choice_probs: [0.52770892 0.47229109] +/- [0.13995932 0.13995933]
  all_seq_probs: [[0.52770892 0.47229109]] +/- [[0.13995932 0.13995933]]
