biased_point
  tvd_auc: 0.0 +/- 0.0
  When I roll dice, they land on 4 100% of the time.
    expected_dist: [1.0000003e-08 1.0000003e-08 1.0000003e-08 1.0000000e+00 1.0000003e-08
 1.0000003e-08] +/- [4.440892e-15 4.440892e-15 4.440892e-15 0.000000e+00 4.440892e-15
 4.440892e-15]
    kl_div: 0.235978472227672 +/- 0.19126180706997345
    tvd: 0.19722365650949938 +/- 0.1303015851572852
    choice_probs: [0.08692599 0.02559598 0.0238611  0.80277633 0.03394744 0.02689318] +/- [0.06629435 0.01710742 0.01643243 0.13030158 0.02559198 0.02015101]
    all_seq_probs: [[0.08692599 0.02559598 0.0238611  0.80277633 0.03394744 0.02689318]] +/- [[0.06629435 0.01710742 0.01643243 0.13030158 0.02559198 0.02015101]]
