biased_point
  When I flip coins they land on heads 60% of the time.
    expected_dist: [0.60000026 0.3999998 ] +/- [2.3841858e-07 2.3841858e-07]
    all_seq_probs: [[0.73148437 0.27163979]] +/- [[0.24786664 0.2504379 ]]
    choice_probs: [0.73148437 0.27163979] +/- [0.24786664 0.2504379 ]
    tvd: 0.23792229413986207 +/- 0.14943504389794698
    kl_div: 1.1682072050869465 +/- 1.2516816043621808
  tvd_auc: 0.0 +/- 0.0
