unconditional_point
  kl_div: 0.09182869532494806 +/- 0.08173944070087984
  choice_probs: [0.14807504 0.19340507 0.18265786 0.17336791 0.17571654 0.12677758] +/- [0.04385916 0.10408317 0.05602109 0.06105234 0.05460945 0.03055497]
  expected_dist: [0.16666663 0.16666663 0.16666663 0.16666663 0.16666663 0.16666663] +/- [5.9604645e-08 5.9604645e-08 5.9604645e-08 5.9604645e-08 5.9604645e-08
 5.9604645e-08]
  all_seq_probs: [[0.14807504 0.19340507 0.18265786 0.17336791 0.17571654 0.12677758]] +/- [[0.04385916 0.10408317 0.05602109 0.06105234 0.05460945 0.03055497]]
  tvd: 0.14650963988155127 +/- 0.07098536077334056
biased_point
  tvd_auc: 0.0 +/- 0.0
  When I roll dice, they land on 1 20% of the time.
    kl_div: 0.13547344618098578 +/- 0.09750105685400433
    choice_probs: [0.18986668 0.19624267 0.18284378 0.15777856 0.15136105 0.12190726] +/- [0.06055322 0.13263862 0.08960969 0.06647553 0.05323239 0.04077869]
    expected_dist: [0.1999999  0.15999995 0.15999995 0.15999995 0.15999995 0.15999995] +/- [1.3411045e-07 8.9406967e-08 8.9406967e-08 8.9406967e-08 8.9406967e-08
 8.9406967e-08]
    all_seq_probs: [[0.18986668 0.19624267 0.18284378 0.15777856 0.15136105 0.12190726]] +/- [[0.06055322 0.13263862 0.08960969 0.06647553 0.05323239 0.04077869]]
    tvd: 0.1711016403697431 +/- 0.0894560566774116
