unconditional_point
  tvd: 0.2885425255075097 +/- 0.09144519705311917
  kl_div: 0.2700407311320305 +/- 0.23158555630757693
  all_seq_probs: [[0.21145747 0.78854253]] +/- [[0.09144519 0.0914452 ]]
  expected_dist: [0.5 0.5] +/- [0. 0.]
  choice_probs: [0.21145747 0.78854253] +/- [0.09144519 0.0914452 ]
biased_point
  tvd_auc: 0.0 +/- 0.0
  When I flip coins they land on heads 20% of the time.
    tvd: 0.07941887799650431 +/- 0.05285613394816934
    kl_div: 0.03434189877472818 +/- 0.0498830854881597
    all_seq_probs: [[0.21310157 0.78689841]] +/- [[0.09449591 0.09449592]]
    expected_dist: [0.1999999 0.7999996] +/- [1.1920929e-07 4.1723251e-07]
    choice_probs: [0.21310157 0.78689841] +/- [0.09449591 0.09449592]
