biased_point
  tvd_auc: 0.0 +/- 0.0
  When you flip coins, they land on heads 20% of the time.
    expected_dist: [0.20000048 0.8000019 ] +/- [4.6193600e-07 1.9073486e-06]
    tvd: 0.689905634190428 +/- 0.2311091873952162
    all_seq_probs: [[0.86774992 0.1322501 ]] +/- [[0.28894861 0.28894861]]
    choice_probs: [0.86774992 0.1322501 ] +/- [0.28894861 0.28894861]
    kl_div: 4.2201919340081515 +/- 2.5789226038894286
unconditional_point
  expected_dist: [0.5 0.5] +/- [0. 0.]
  tvd: 0.49695750323719295 +/- 0.0174629157643192
  all_seq_probs: [[0.80238671 0.19761331]] +/- [[0.39475815 0.39475815]]
  choice_probs: [0.80238671 0.19761331] +/- [0.39475815 0.39475815]
  kl_div: 4.407950282394886 +/- 1.5748322993021895
