biased_point
  tvd_auc: 0.0 +/- 0.0
  When you roll dice, they land on 2 40% of the time.
    kl_div: 2.020201167189516 +/- 0.8944136196256064
    tvd: 0.5887338328113005 +/- 0.12880068002270045
    all_seq_probs: [[0.09605436 0.1820092  0.08529307 0.31343851 0.05424977 0.26895509]] +/- [[0.15679992 0.27597689 0.13803151 0.32151435 0.09411247 0.26552701]]
    expected_dist: [0.12000033 0.40000096 0.12000033 0.12000033 0.12000033 0.12000033] +/- [3.3527613e-07 9.2387199e-07 3.3527613e-07 3.3527613e-07 3.3527613e-07
 3.3527613e-07]
    choice_probs: [0.09605436 0.1820092  0.08529307 0.31343851 0.05424977 0.26895509] +/- [0.15679992 0.27597689 0.13803151 0.32151435 0.09411247 0.26552701]
