biased_point
  When you flip coins, they land on heads 40% of the time.
    choice_probs: [0.75358093 0.24641907] +/- [0.39046144 0.39046144]
    kl_div: 3.5371636269539595 +/- 2.87405412244899
    all_seq_probs: [[0.75358093 0.24641907]] +/- [[0.39046144 0.39046144]]
    tvd: 0.5060705524513036 +/- 0.1461923408764338
    expected_dist: [0.40000096 0.6       ] +/- [9.23872e-07 0.00000e+00]
  tvd_auc: 0.0 +/- 0.0
unconditional_point
  choice_probs: [0.70983472 0.29016528] +/- [0.42244964 0.42244964]
  kl_div: 3.688598916530609 +/- 2.3303673505099805
  all_seq_probs: [[0.70983472 0.29016528]] +/- [[0.42244964 0.42244964]]
  tvd: 0.4612030595902944 +/- 0.09892442696420797
  expected_dist: [0.5 0.5] +/- [0. 0.]
