unconditional_point
  all_seq_probs: [[0.66750061 0.3324994 ]] +/- [[0.10809159 0.1080916 ]]
  expected_dist: [0.5 0.5] +/- [0. 0.]
  kl_div: 0.09522093266248703 +/- 0.0977592645485084
  tvd: 0.17271894058585166 +/- 0.0995410129954342
  choice_probs: [0.66750061 0.3324994 ] +/- [0.10809159 0.1080916 ]
biased_point
  When you flip coins, they land on heads 20% of the time.
    all_seq_probs: [[0.39901081 0.60098919]] +/- [[0.12411326 0.12411325]]
    expected_dist: [0.20000048 0.8000019 ] +/- [4.6193600e-07 1.9073486e-06]
    kl_div: 0.11967454161122441 +/- 0.10277716829478914
    tvd: 0.2032072495520115 +/- 0.11711624589627355
    choice_probs: [0.39901081 0.60098919] +/- [0.12411326 0.12411325]
  tvd_auc: 0.0 +/- 0.0
