unconditional_point
  kl_div: 0.17899142764988937 +/- 0.15756228507218228
  choice_probs: [0.12650511 0.32793558 0.19291465 0.14119906 0.13251296 0.07893264] +/- [0.05580501 0.14874058 0.03685247 0.04150723 0.05149565 0.03897745]
  expected_dist: [0.16666663 0.16666663 0.16666663 0.16666663 0.16666663 0.16666663] +/- [5.9604645e-08 5.9604645e-08 5.9604645e-08 5.9604645e-08 5.9604645e-08
 5.9604645e-08]
  all_seq_probs: [[0.12650511 0.32793558 0.19291465 0.14119906 0.13251296 0.07893264]] +/- [[0.05580501 0.14874058 0.03685247 0.04150723 0.05149565 0.03897745]]
  tvd: 0.2281684892438352 +/- 0.1040802559076862
biased_point
  tvd_auc: 0.0 +/- 0.0
  When I roll dice, they land on 1 60% of the time.
    kl_div: 0.32453397559700536 +/- 0.14475147351263495
    choice_probs: [0.28357313 0.2760867  0.12388898 0.08657763 0.09602154 0.13385203] +/- [0.07183025 0.1194397  0.07209059 0.05773707 0.05392171 0.05468533]
    expected_dist: [0.60000026 0.07999998 0.07999998 0.07999998 0.07999998 0.07999998] +/- [1.7881393e-07 4.4703484e-08 4.4703484e-08 4.4703484e-08 4.4703484e-08
 4.4703484e-08]
    all_seq_probs: [[0.28357313 0.2760867  0.12388898 0.08657763 0.09602154 0.13385203]] +/- [[0.07183025 0.1194397  0.07209059 0.05773707 0.05392171 0.05468533]]
    tvd: 0.3554316468723118 +/- 0.07002112647934836
