biased_point
  tvd_auc: 0.0 +/- 0.0
  When I roll dice, they land on 2 20% of the time.
    all_seq_probs: [[0.15171167 0.18812958 0.17637126 0.16408806 0.18504067 0.13465876]] +/- [[0.03810422 0.0402712  0.03581783 0.04163507 0.05054906 0.02955169]]
    kl_div: 0.033207498139236125 +/- 0.0219609137238521
    choice_probs: [0.15171167 0.18812958 0.17637126 0.16408806 0.18504067 0.13465876] +/- [0.03810422 0.0402712  0.03581783 0.04163507 0.05054906 0.02955169]
    expected_dist: [0.15999995 0.1999999  0.15999995 0.15999995 0.15999995 0.15999995] +/- [8.9406967e-08 1.3411045e-07 8.9406967e-08 8.9406967e-08 8.9406967e-08
 8.9406967e-08]
    tvd: 0.10237813420593739 +/- 0.033566603429980885
