unconditional_point
  expected_dist: [0.5 0.5] +/- [0. 0.]
  choice_probs: [0.43104586 0.56895416] +/- [0.14049605 0.14049605]
  tvd: 0.10890544081106782 +/- 0.11239848882803066
  all_seq_probs: [[0.43104586 0.56895416]] +/- [[0.14049605 0.14049605]]
  kl_div: 0.07301849722862244 +/- 0.18631783520526976
biased_point
  tvd_auc: 0.0 +/- 0.0
  When I flip coins they land on heads 30% of the time.
    expected_dist: [0.30000013 0.7000003 ] +/- [1.1920929e-07 2.9802322e-07]
    choice_probs: [0.40238264 0.59761737] +/- [0.12356625 0.12356625]
    tvd: 0.13153459779918195 +/- 0.09192099548958127
    all_seq_probs: [[0.40238264 0.59761737]] +/- [[0.12356625 0.12356625]]
    kl_div: 0.0616369725484401 +/- 0.13177537519073346
