biased_point
  tvd_auc: 0.0 +/- 0.0
  When I flip coins they land on heads 90% of the time.
    kl_div: 0.40457321882247926 +/- 0.05646468008705828
    expected_dist: [0.9000002  0.09999995] +/- [2.3841858e-07 5.2154064e-08]
    tvd: 0.27993201956152913 +/- 0.14705262780164235
    choice_probs: [0.70234375 0.30247971] +/- [0.24303531 0.24669613]
    all_seq_probs: [[0.70234375 0.30247971]] +/- [[0.24303531 0.24669613]]
