biased_point
  When I roll dice, they land on 4 20% of the time.
    all_seq_probs: [[0.13522776 0.15592007 0.15516019 0.21451845 0.18636852 0.15280501]] +/- [[0.05545836 0.04950956 0.03570453 0.0571002  0.06818168 0.06987631]]
    choice_probs: [0.13522776 0.15592007 0.15516019 0.21451845 0.18636852 0.15280501] +/- [0.05545836 0.04950956 0.03570453 0.0571002  0.06818168 0.06987631]
    tvd: 0.1329689323157072 +/- 0.0677221444941376
    expected_dist: [0.15999994 0.15999994 0.15999994 0.1999999  0.15999994 0.15999994] +/- [7.4505806e-08 7.4505806e-08 7.4505806e-08 1.1920929e-07 7.4505806e-08
 7.4505806e-08]
    kl_div: 0.06641334282438038 +/- 0.07720282910395085
  tvd_auc: 0.0 +/- 0.0
