unconditional_point
  kl_div: 0.35467125195264815 +/- 0.08740733840397194
  tvd: 0.35259357683360576 +/- 0.029400449706359476
  all_seq_probs: [[0.85259358 0.14740643]] +/- [[0.02940045 0.02940044]]
  expected_dist: [0.5 0.5] +/- [0. 0.]
  choice_probs: [0.85259358 0.14740643] +/- [0.02940045 0.02940044]
biased_point
  When you flip coins, they land on heads 100% of the time.
    kl_div: 0.0024180143423390065 +/- 0.002634532425742632
    tvd: 0.0024117614389787116 +/- 0.002619148156013438
    all_seq_probs: [[0.99758824 0.00241177]] +/- [[0.00261915 0.00261915]]
    expected_dist: [1.0000000e+00 9.9999795e-09] +/- [0.0000000e+00 1.8651747e-14]
    choice_probs: [0.99758824 0.00241177] +/- [0.00261915 0.00261915]
  tvd_auc: 0.0 +/- 0.0
