biased_point
  tvd_auc: 0.0 +/- 0.0
  When I roll dice, they land on 4 100% of the time.
    tvd: 0.01251858815686715 +/- 0.005350607908358626
    kl_div: 0.012611734523313345 +/- 0.005429492096384183
    choice_probs: [0.00256995 0.00132456 0.00197092 0.98748139 0.0025485  0.00410468] +/- [0.0006719  0.00044093 0.00057498 0.00535061 0.00097521 0.00329978]
    all_seq_probs: [[0.00256995 0.00132456 0.00197092 0.98748139 0.0025485  0.00410468]] +/- [[0.0006719  0.00044093 0.00057498 0.00535061 0.00097521 0.00329978]]
    expected_dist: [1.0000003e-08 1.0000003e-08 1.0000003e-08 1.0000000e+00 1.0000003e-08
 1.0000003e-08] +/- [4.440892e-15 4.440892e-15 4.440892e-15 0.000000e+00 4.440892e-15
 4.440892e-15]
