biased_point
  tvd_auc: 0.0 +/- 0.0
  When I roll dice, they land on 6 80% of the time.
    all_seq_probs: [[0.05083116 0.05306616 0.04434698 0.04545757 0.05373341 0.75256472]] +/- [[0.03604077 0.03018671 0.0221069  0.01859752 0.02230851 0.08068384]]
    kl_div: 0.037892601188941624 +/- 0.03671823181496309
    choice_probs: [0.05083116 0.05306616 0.04434698 0.04545757 0.05373341 0.75256472] +/- [0.03604077 0.03018671 0.0221069  0.01859752 0.02230851 0.08068384]
    tvd: 0.08350322916638106 +/- 0.05478843902753396
    expected_dist: [0.03999999 0.03999999 0.03999999 0.03999999 0.03999999 0.7999996 ] +/- [2.2351742e-08 2.2351742e-08 2.2351742e-08 2.2351742e-08 2.2351742e-08
 4.1723251e-07]
