biased_point
  When I roll dice, they land on 3 60% of the time.
    all_seq_probs: [[0.09089253 0.09769885 0.53018394 0.09489514 0.09508782 0.09124172]] +/- [[0.03095736 0.02499945 0.08091056 0.0214189  0.02098456 0.03204993]]
    choice_probs: [0.09089253 0.09769885 0.53018394 0.09489514 0.09508782 0.09124172] +/- [0.03095736 0.02499945 0.08091056 0.0214189  0.02098456 0.03204993]
    tvd: 0.10046459697186946 +/- 0.05623573871847146
    kl_div: 0.03383022533816984 +/- 0.02961383702234941
    expected_dist: [0.07999998 0.07999998 0.60000026 0.07999998 0.07999998 0.07999998] +/- [4.4703484e-08 4.4703484e-08 1.7881393e-07 4.4703484e-08 4.4703484e-08
 4.4703484e-08]
  tvd_auc: 0.0 +/- 0.0
