biased_point
  When I roll dice, they land on 1 40% of the time.
    kl_div: 0.07322054964257405 +/- 0.041098383148674485
    tvd: 0.1570786252245307 +/- 0.049289100049196795
    choice_probs: [0.27730199 0.16017587 0.14323468 0.15311043 0.12870106 0.13747596] +/- [0.0754393  0.03157946 0.03024409 0.02904028 0.04341435 0.04445676]
    all_seq_probs: [[0.27730199 0.16017587 0.14323468 0.15311043 0.12870106 0.13747596]] +/- [[0.0754393  0.03157946 0.03024409 0.02904028 0.04341435 0.04445676]]
    expected_dist: [0.3999998  0.11999992 0.11999992 0.11999992 0.11999992 0.11999992] +/- [2.3841858e-07 7.4505806e-08 7.4505806e-08 7.4505806e-08 7.4505806e-08
 7.4505806e-08]
  tvd_auc: 0.0 +/- 0.0
