biased_point
  tvd_auc: 0.0 +/- 0.0
  When you roll dice, they land on 2 40% of the time.
    kl_div: 0.23977110559014544 +/- 0.19162165392346425
    tvd: 0.27013455781154333 +/- 0.09155637837423908
    expected_dist: [0.12000033 0.40000096 0.12000033 0.12000033 0.12000033 0.12000033] +/- [3.3527613e-07 9.2387199e-07 3.3527613e-07 3.3527613e-07 3.3527613e-07
 3.3527613e-07]
    all_seq_probs: [[0.09265792 0.22691052 0.14295501 0.10900965 0.1545672  0.2738997 ]] +/- [[0.04589612 0.1073519  0.07030307 0.0549599  0.06908285 0.10961903]]
    choice_probs: [0.09265792 0.22691052 0.14295501 0.10900965 0.1545672  0.2738997 ] +/- [0.04589612 0.1073519  0.07030307 0.0549599  0.06908285 0.10961903]
