biased_point
  tvd_auc: 0.0 +/- 0.0
  When I roll dice, they land on 1 0% of the time.
    expected_dist: [1.0000003e-08 1.9999990e-01 1.9999990e-01 1.9999990e-01 1.9999990e-01
 1.9999990e-01] +/- [4.4408921e-15 1.1920929e-07 1.1920929e-07 1.1920929e-07 1.1920929e-07
 1.1920929e-07]
    choice_probs: [0.01862114 0.18602361 0.1857391  0.18761751 0.19907046 0.2229282 ] +/- [0.0101199  0.02990465 0.01641928 0.02967203 0.0166587  0.03682554]
    tvd: 0.06613973750387492 +/- 0.03250402689579038
    kl_div: 0.030132468875800667 +/- 0.017782678134033662
    all_seq_probs: [[0.01862114 0.18602361 0.1857391  0.18761751 0.19907046 0.2229282 ]] +/- [[0.0101199  0.02990465 0.01641928 0.02967203 0.0166587  0.03682554]]
