biased_point
  When I roll dice, they land on 2 80% of the time.
    tvd: 0.3300176440645009 +/- 0.2093119953339761
    all_seq_probs: [[0.12443581 0.48188156 0.1301878  0.10129603 0.05559119 0.10660759]] +/- [[0.06090042 0.22211966 0.06974313 0.10139457 0.03998405 0.10069109]]
    kl_div: 0.3808020572451642 +/- 0.3805781118870726
    choice_probs: [0.12443581 0.48188156 0.1301878  0.10129603 0.05559119 0.10660759] +/- [0.06090042 0.22211966 0.06974313 0.10139457 0.03998405 0.10069109]
    expected_dist: [0.03999999 0.7999996  0.03999999 0.03999999 0.03999999 0.03999999] +/- [2.2351742e-08 3.5762787e-07 2.2351742e-08 2.2351742e-08 2.2351742e-08
 2.2351742e-08]
  tvd_auc: 0.0 +/- 0.0
