biased_point
  tvd_auc: 0.0 +/- 0.0
  When I roll dice, they land on 3 0% of the time.
    choice_probs: [0.14531678 0.15103271 0.22554522 0.15386467 0.1503982  0.1738424 ] +/- [0.03938547 0.04264573 0.09500623 0.03480016 0.04061881 0.05336185]
    all_seq_probs: [[0.14531678 0.15103271 0.22554522 0.15386467 0.1503982  0.1738424 ]] +/- [[0.03938547 0.04264573 0.09500623 0.03480016 0.04061881 0.05336185]]
    tvd: 0.24700009453230712 +/- 0.09296260303544994
    expected_dist: [1.9999990e-01 1.9999990e-01 1.0000003e-08 1.9999990e-01 1.9999990e-01
 1.9999990e-01] +/- [1.1920929e-07 1.1920929e-07 4.4408921e-15 1.1920929e-07 1.1920929e-07
 1.1920929e-07]
    kl_div: 0.3006124569021705 +/- 0.213896332612115
