biased_point
  When I roll dice, they land on 6 20% of the time.
    expected_dist: [0.15999995 0.15999995 0.15999995 0.15999995 0.15999995 0.1999999 ] +/- [8.9406967e-08 8.9406967e-08 8.9406967e-08 8.9406967e-08 8.9406967e-08
 1.3411045e-07]
    tvd: 0.19163017756305634 +/- 0.13675085450312052
    choice_probs: [0.15149996 0.20733981 0.14285043 0.14390355 0.14054799 0.21385825] +/- [0.03618791 0.15905913 0.05136455 0.06295415 0.05628072 0.16037293]
    kl_div: 0.1458877970057074 +/- 0.2137554203380796
    all_seq_probs: [[0.15149996 0.20733981 0.14285043 0.14390355 0.14054799 0.21385825]] +/- [[0.03618791 0.15905913 0.05136455 0.06295415 0.05628072 0.16037293]]
  tvd_auc: 0.0 +/- 0.0
unconditional_point
  expected_dist: [0.16666663 0.16666663 0.16666663 0.16666663 0.16666663 0.16666663] +/- [5.9604645e-08 5.9604645e-08 5.9604645e-08 5.9604645e-08 5.9604645e-08
 5.9604645e-08]
  tvd: 0.1608557197265327 +/- 0.09594184579425974
  choice_probs: [0.1764842  0.2209604  0.18143321 0.16479487 0.15927245 0.09705487] +/- [0.04427843 0.12844849 0.05098361 0.05502427 0.0572496  0.04552308]
  kl_div: 0.11012670771946433 +/- 0.14796605588424125
  all_seq_probs: [[0.1764842  0.2209604  0.18143321 0.16479487 0.15927245 0.09705487]] +/- [[0.04427843 0.12844849 0.05098361 0.05502427 0.0572496  0.04552308]]
