biased_point
  tvd_auc: 0.0 +/- 0.0
  When I roll dice, they land on 3 40% of the time.
    kl_div: 0.217104642582417 +/- 0.22256086481420506
    expected_dist: [0.11999992 0.11999992 0.3999998  0.11999992 0.11999992 0.11999992] +/- [7.4505806e-08 7.4505806e-08 2.3841858e-07 7.4505806e-08 7.4505806e-08
 7.4505806e-08]
    choice_probs: [0.10670418 0.12659346 0.28410318 0.26409157 0.11969545 0.09881216] +/- [0.06124528 0.05509529 0.11892605 0.10117807 0.06257043 0.0647924 ]
    all_seq_probs: [[0.10670418 0.12659346 0.28410318 0.26409157 0.11969545 0.09881216]] +/- [[0.06124528 0.05509529 0.11892605 0.10117807 0.06257043 0.0647924 ]]
    tvd: 0.24707852950319648 +/- 0.08734989057999822
