biased_point
  tvd_auc: 0.0 +/- 0.0
  When I roll dice, they land on 5 20% of the time.
    tvd: 0.05511917047202587 +/- 0.03767835976521589
    expected_dist: [0.15999994 0.15999994 0.15999994 0.15999994 0.1999999  0.15999994] +/- [7.4505806e-08 7.4505806e-08 7.4505806e-08 7.4505806e-08 1.1920929e-07
 7.4505806e-08]
    all_seq_probs: [[0.1587617  0.15309884 0.158575   0.16622681 0.18898663 0.17435104]] +/- [[0.02741652 0.02303133 0.01777696 0.0184041  0.01889795 0.03905974]]
    kl_div: 0.012513618328957818 +/- 0.029276397937398488
    choice_probs: [0.1587617  0.15309884 0.158575   0.16622681 0.18898663 0.17435104] +/- [0.02741652 0.02303133 0.01777696 0.0184041  0.01889795 0.03905974]
