biased_point
  tvd_auc: 0.0 +/- 0.0
  When you roll dice, they land on 1 0% of the time.
    choice_probs: [0.52055192 0.06402262 0.05949053 0.054074   0.05164476 0.25021616] +/- [0.25034202 0.12344371 0.08745222 0.0908022  0.09939057 0.24532259]
    kl_div: 2.8879414008554884 +/- 1.2360479901192403
    all_seq_probs: [[0.52055192 0.06402262 0.05949053 0.054074   0.05164476 0.25021616]] +/- [[0.25034202 0.12344371 0.08745222 0.0908022  0.09939057 0.24532259]]
    tvd: 0.6909398096492091 +/- 0.13991218503069142
    expected_dist: [9.9999795e-09 2.0000048e-01 2.0000048e-01 2.0000048e-01 2.0000048e-01
 2.0000048e-01] +/- [1.8651747e-14 4.6193600e-07 4.6193600e-07 4.6193600e-07 4.6193600e-07
 4.6193600e-07]
