unconditional_point
  choice_probs: [0.17709916 0.17533557 0.17763425 0.17162643 0.1750031  0.12330149] +/- [0.04104304 0.0435671  0.05067684 0.07296954 0.04593029 0.03990976]
  all_seq_probs: [[0.17709916 0.17533557 0.17763425 0.17162643 0.1750031  0.12330149]] +/- [[0.04104304 0.0435671  0.05067684 0.07296954 0.04593029 0.03990976]]
  kl_div: 0.05389231815119274 +/- 0.07108705208781055
  tvd: 0.11967695694416762 +/- 0.06105316720561147
  expected_dist: [0.16666663 0.16666663 0.16666663 0.16666663 0.16666663 0.16666663] +/- [5.9604645e-08 5.9604645e-08 5.9604645e-08 5.9604645e-08 5.9604645e-08
 5.9604645e-08]
biased_point
  tvd_auc: 0.0 +/- 0.0
  When I roll dice, they land on 1 20% of the time.
    choice_probs: [0.23409854 0.18625781 0.14758259 0.15535106 0.14844858 0.12826141] +/- [0.07428573 0.05889671 0.03885433 0.10975468 0.05345594 0.04980204]
    all_seq_probs: [[0.23409854 0.18625781 0.14758259 0.15535106 0.14844858 0.12826141]] +/- [[0.07428573 0.05889671 0.03885433 0.10975468 0.05345594 0.04980204]]
    kl_div: 0.08984748521004804 +/- 0.20741172401962468
    tvd: 0.13956061529926955 +/- 0.10840780468954606
    expected_dist: [0.1999999  0.15999995 0.15999995 0.15999995 0.15999995 0.15999995] +/- [1.3411045e-07 8.9406967e-08 8.9406967e-08 8.9406967e-08 8.9406967e-08
 8.9406967e-08]
