biased_point
  When you roll dice, they land on 4 80% of the time.
    expected_dist: [0.03999997 0.03999997 0.03999997 0.8000019  0.03999997 0.03999997] +/- [4.0978193e-08 4.0978193e-08 4.0978193e-08 1.9073486e-06 4.0978193e-08
 4.0978193e-08]
    choice_probs: [0.00809509 0.0279182  0.05269772 0.67364601 0.09179065 0.14585233] +/- [0.0289465  0.06842734 0.1148479  0.41860789 0.19385749 0.23314495]
    kl_div: 1.728841240717331 +/- 1.3310358185829498
    tvd: 0.3840276545564208 +/- 0.27811491611359884
    all_seq_probs: [[0.00809509 0.0279182  0.05269772 0.67364601 0.09179065 0.14585233]] +/- [[0.0289465  0.06842734 0.1148479  0.41860789 0.19385749 0.23314495]]
  tvd_auc: 0.0 +/- 0.0
