biased_point
  When I roll dice, they land on 4 100% of the time.
    choice_probs: [0.07686647 0.16636763 0.17651911 0.11709785 0.19340067 0.26974828] +/- [0.03194522 0.02473203 0.04399805 0.05667034 0.02867481 0.04756921]
    expected_dist: [1.0000003e-08 1.0000003e-08 1.0000003e-08 1.0000000e+00 1.0000003e-08
 1.0000003e-08] +/- [4.440892e-15 4.440892e-15 4.440892e-15 0.000000e+00 4.440892e-15
 4.440892e-15]
    all_seq_probs: [[0.07686647 0.16636763 0.17651911 0.11709785 0.19340067 0.26974828]] +/- [[0.03194522 0.02473203 0.04399805 0.05667034 0.02867481 0.04756921]]
    kl_div: 2.271189993037623 +/- 0.5324382257998056
    tvd: 0.8829021311890887 +/- 0.056670332941409655
  tvd_auc: 0.0 +/- 0.0
unconditional_point
  choice_probs: [0.06044915 0.19582869 0.30755865 0.03186613 0.20753132 0.19676607] +/- [0.02724863 0.04551573 0.0754494  0.02128145 0.06139029 0.04766454]
  expected_dist: [0.16666663 0.16666663 0.16666663 0.16666663 0.16666663 0.16666663] +/- [5.9604645e-08 5.9604645e-08 5.9604645e-08 5.9604645e-08 5.9604645e-08
 5.9604645e-08]
  all_seq_probs: [[0.06044915 0.19582869 0.30755865 0.03186613 0.20753132 0.19676607]] +/- [[0.02724863 0.04551573 0.0754494  0.02128145 0.06139029 0.04766454]]
  kl_div: 0.3205911523057148 +/- 0.11042710532102357
  tvd: 0.26083890958689154 +/- 0.04261394851995547
