unconditional_point
  choice_probs: [0.17999451 0.21399418 0.20062697 0.06407904 0.19907625 0.14222905] +/- [0.01428647 0.01864884 0.01194113 0.01630256 0.02343292 0.01735196]
  kl_div: 0.08010378776234575 +/- 0.03247531168426275
  expected_dist: [0.16666663 0.16666663 0.16666663 0.16666663 0.16666663 0.16666663] +/- [5.9604645e-08 5.9604645e-08 5.9604645e-08 5.9604645e-08 5.9604645e-08
 5.9604645e-08]
  tvd: 0.12903791964054107 +/- 0.024559228126195
  all_seq_probs: [[0.17999451 0.21399418 0.20062697 0.06407904 0.19907625 0.14222905]] +/- [[0.01428647 0.01864884 0.01194113 0.01630256 0.02343292 0.01735196]]
biased_point
  When I roll dice, they land on 4 100% of the time.
    choice_probs: [0.08048035 0.08949093 0.110638   0.53395821 0.09715054 0.08828196] +/- [0.0507625  0.05131473 0.06089253 0.2599157  0.05677226 0.04893623]
    kl_div: 0.7964506823487622 +/- 0.6458730241090949
    expected_dist: [1.0000003e-08 1.0000003e-08 1.0000003e-08 1.0000000e+00 1.0000003e-08
 1.0000003e-08] +/- [4.440892e-15 4.440892e-15 4.440892e-15 0.000000e+00 4.440892e-15
 4.440892e-15]
    tvd: 0.46604175976147816 +/- 0.2599156957429237
    all_seq_probs: [[0.08048035 0.08949093 0.110638   0.53395821 0.09715054 0.08828196]] +/- [[0.0507625  0.05131473 0.06089253 0.2599157  0.05677226 0.04893623]]
  tvd_auc: 0.0 +/- 0.0
