biased_point
  When I flip coins they land on heads 90% of the time.
    expected_dist: [0.9000002  0.09999995] +/- [2.3841858e-07 5.2154064e-08]
    all_seq_probs: [[0.6337143  0.36628569]] +/- [[0.09320556 0.09320558]]
    tvd: 0.26628568455576895 +/- 0.09320557221618049
    choice_probs: [0.6337143  0.36628569] +/- [0.09320556 0.09320558]
    kl_div: 0.1997565221786499 +/- 0.11872484765155501
  tvd_auc: 0.0 +/- 0.0
unconditional_point
  expected_dist: [0.5 0.5] +/- [0. 0.]
  all_seq_probs: [[0.54686745 0.45313256]] +/- [[0.12582335 0.12582335]]
  tvd: 0.11664327830076218 +/- 0.06650126843325518
  choice_probs: [0.54686745 0.45313256] +/- [0.12582335 0.12582335]
  kl_div: 0.03867546409368515 +/- 0.03570055024863065
