biased_point
  When I roll dice, they land on 1 40% of the time.
    all_seq_probs: [[0.24895524 0.1550433  0.1434502  0.19988398 0.12482874 0.12783854]] +/- [[0.12865422 0.04533701 0.05541431 0.12498453 0.06042008 0.07856677]]
    tvd: 0.23197605029679835 +/- 0.10769951892878844
    choice_probs: [0.24895524 0.1550433  0.1434502  0.19988398 0.12482874 0.12783854] +/- [0.12865422 0.04533701 0.05541431 0.12498453 0.06042008 0.07856677]
    kl_div: 0.18334947664028733 +/- 0.20277450383703838
    expected_dist: [0.3999998  0.11999992 0.11999992 0.11999992 0.11999992 0.11999992] +/- [2.3841858e-07 7.4505806e-08 7.4505806e-08 7.4505806e-08 7.4505806e-08
 7.4505806e-08]
  tvd_auc: 0.0 +/- 0.0
unconditional_point
  all_seq_probs: [[0.17679919 0.19163503 0.17261775 0.17272204 0.15682065 0.12940533]] +/- [[0.07366302 0.05677874 0.04660809 0.12152541 0.05695036 0.05977069]]
  tvd: 0.14555063987150788 +/- 0.1124661780207196
  choice_probs: [0.17679919 0.19163503 0.17261775 0.17272204 0.15682065 0.12940533] +/- [0.07366302 0.05677874 0.04660809 0.12152541 0.05695036 0.05977069]
  kl_div: 0.096010011677281 +/- 0.17219645011246315
  expected_dist: [0.16666663 0.16666663 0.16666663 0.16666663 0.16666663 0.16666663] +/- [5.9604645e-08 5.9604645e-08 5.9604645e-08 5.9604645e-08 5.9604645e-08
 5.9604645e-08]
