biased_point
  When I roll dice, they land on 4 20% of the time.
    all_seq_probs: [[0.16108216 0.17366835 0.15978366 0.18031598 0.16321974 0.16193012]] +/- [[0.02235803 0.0125098  0.01471452 0.01344618 0.01286987 0.02260377]]
    choice_probs: [0.16108216 0.17366835 0.15978366 0.18031598 0.16321974 0.16193012] +/- [0.02235803 0.0125098  0.01471452 0.01344618 0.01286987 0.02260377]
    kl_div: 0.007014309876249172 +/- 0.00450972604219733
    expected_dist: [0.15999994 0.15999994 0.15999994 0.1999999  0.15999994 0.15999994] +/- [7.4505806e-08 7.4505806e-08 7.4505806e-08 1.1920929e-07 7.4505806e-08
 7.4505806e-08]
    tvd: 0.047558122649788856 +/- 0.014648117240496084
  tvd_auc: 0.0 +/- 0.0
