biased_point
  When I roll dice, they land on 2 80% of the time.
    kl_div: 0.0657442845179321 +/- 0.05929436727401042
    expected_dist: [0.03999999 0.7999996  0.03999999 0.03999999 0.03999999 0.03999999] +/- [2.2351742e-08 3.5762787e-07 2.2351742e-08 2.2351742e-08 2.2351742e-08
 2.2351742e-08]
    tvd: 0.10791758289560675 +/- 0.07090973932919098
    all_seq_probs: [[0.05227059 0.73792594 0.05755359 0.04383951 0.04496703 0.06344333]] +/- [[0.04206168 0.09734081 0.04065306 0.02493877 0.02681578 0.04782793]]
    choice_probs: [0.05227059 0.73792594 0.05755359 0.04383951 0.04496703 0.06344333] +/- [0.04206168 0.09734081 0.04065306 0.02493877 0.02681578 0.04782793]
  tvd_auc: 0.0 +/- 0.0
