biased_point
  tvd_auc: 0.0 +/- 0.0
  When I roll dice, they land on 3 0% of the time.
    expected_dist: [1.9999990e-01 1.9999990e-01 1.0000003e-08 1.9999990e-01 1.9999990e-01
 1.9999990e-01] +/- [1.1920929e-07 1.1920929e-07 4.4408921e-15 1.1920929e-07 1.1920929e-07
 1.1920929e-07]
    tvd: 0.25835748400659475 +/- 0.10336783220933493
    kl_div: 0.331713471552269 +/- 0.2712148758428972
    all_seq_probs: [[0.15500206 0.14894363 0.22114034 0.14498668 0.16584258 0.16408471]] +/- [[0.05624258 0.05582439 0.10379155 0.03887256 0.04795254 0.07918125]]
    choice_probs: [0.15500206 0.14894363 0.22114034 0.14498668 0.16584258 0.16408471] +/- [0.05624258 0.05582439 0.10379155 0.03887256 0.04795254 0.07918125]
