biased_point
  When I roll dice, they land on 2 40% of the time.
    all_seq_probs: [[0.1562079  0.2502912  0.16731949 0.14169986 0.14534924 0.1391323 ]] +/- [[0.04018982 0.08014061 0.02362294 0.02671477 0.02927444 0.04440717]]
    expected_dist: [0.11999992 0.3999998  0.11999992 0.11999992 0.11999992 0.11999992] +/- [7.4505806e-08 2.3841858e-07 7.4505806e-08 7.4505806e-08 7.4505806e-08
 7.4505806e-08]
    choice_probs: [0.1562079  0.2502912  0.16731949 0.14169986 0.14534924 0.1391323 ] +/- [0.04018982 0.08014061 0.02362294 0.02671477 0.02927444 0.04440717]
    kl_div: 0.09037601292831823 +/- 0.06011546085329136
    tvd: 0.1702186695486307 +/- 0.06034975678882688
  tvd_auc: 0.0 +/- 0.0
