biased_point
  When you roll dice, they land on 5 40% of the time.
    kl_div: 5.674651737609878 +/- 3.3861059805802216
    choice_probs: [0.13902394 0.30523173 0.21628777 0.07116267 0.08280632 0.18548758] +/- [0.21800858 0.3265871  0.27840804 0.16765544 0.21635091 0.26916709]
    expected_dist: [0.12000033 0.12000033 0.12000033 0.12000033 0.40000096 0.12000033] +/- [3.3527613e-07 3.3527613e-07 3.3527613e-07 3.3527613e-07 9.2387199e-07
 3.3527613e-07]
    tvd: 0.6716686499036857 +/- 0.11931174916629037
    all_seq_probs: [[0.13902394 0.30523173 0.21628777 0.07116267 0.08280632 0.18548758]] +/- [[0.21800858 0.3265871  0.27840804 0.16765544 0.21635091 0.26916709]]
  tvd_auc: 0.0 +/- 0.0
