biased_point
  When I roll dice, they land on 6 80% of the time.
    tvd: 0.17647029416810256 +/- 0.11617441428469968
    all_seq_probs: [[0.04851405 0.05505837 0.06220905 0.06816638 0.07344353 0.69260862]] +/- [[0.04789939 0.04503731 0.04279346 0.04263399 0.04342338 0.17726134]]
    choice_probs: [0.04851405 0.05505837 0.06220905 0.06816638 0.07344353 0.69260862] +/- [0.04789939 0.04503731 0.04279346 0.04263399 0.04342338 0.17726134]
    expected_dist: [0.03999999 0.03999999 0.03999999 0.03999999 0.03999999 0.7999996 ] +/- [2.2351742e-08 2.2351742e-08 2.2351742e-08 2.2351742e-08 2.2351742e-08
 4.1723251e-07]
    kl_div: 0.1503643326467136 +/- 0.16210187675132262
  tvd_auc: 0.0 +/- 0.0
