unconditional_point
  all_seq_probs: [[0.25495775 0.74504223]] +/- [[0.12448438 0.12448437]]
  expected_dist: [0.5 0.5] +/- [0. 0.]
  tvd: 0.24629061929881574 +/- 0.12199586536925953
  kl_div: 0.242794648706913 +/- 0.29124873294474196
  choice_probs: [0.25495775 0.74504223] +/- [0.12448438 0.12448437]
biased_point
  tvd_auc: 0.0 +/- 0.0
  When I flip coins they land on heads 10% of the time.
    all_seq_probs: [[0.40006518 0.59993483]] +/- [[0.07487597 0.07487594]]
    expected_dist: [0.09999995 0.9000002 ] +/- [5.2154064e-08 2.3841858e-07]
    tvd: 0.30006516113877296 +/- 0.07487595218993914
    kl_div: 0.23537161633372305 +/- 0.09621678330707503
    choice_probs: [0.40006518 0.59993483] +/- [0.07487597 0.07487594]
