unconditional_point
  tvd: 0.3550534330867231 +/- 0.11810175385398926
  expected_dist: [0.5 0.5] +/- [0. 0.]
  all_seq_probs: [[0.51324452 0.48675548]] +/- [[0.37394592 0.37394591]]
  choice_probs: [0.51324452 0.48675548] +/- [0.37394592 0.37394591]
  kl_div: 0.5052258637547493 +/- 0.31754533861932327
biased_point
  When you flip coins, they land on heads 50% of the time.
    tvd: 0.24756349290907384 +/- 0.12310795195795653
    expected_dist: [0.5 0.5] +/- [0. 0.]
    all_seq_probs: [[0.58903283 0.41096717]] +/- [[0.26175639 0.26175639]]
    choice_probs: [0.58903283 0.41096717] +/- [0.26175639 0.26175639]
    kl_div: 0.21517286556959153 +/- 0.18879683543891793
  tvd_auc: 0.0 +/- 0.0
