biased_point
  tvd_auc: 0.0 +/- 0.0
  When you flip coins, they land on heads 20% of the time.
    tvd: 0.7048029633774857 +/- 0.18680831874061918
    kl_div: 3.9397807769179343 +/- 2.8729131144014786
    all_seq_probs: [[0.88116548 0.11883453]] +/- [[0.26011184 0.26011184]]
    choice_probs: [0.88116548 0.11883453] +/- [0.26011184 0.26011184]
    expected_dist: [0.20000048 0.8000019 ] +/- [4.6193600e-07 1.9073486e-06]
unconditional_point
  tvd: 0.49300410178547377 +/- 0.03285808470802611
  kl_div: 4.224893502593041 +/- 1.5877116868406778
  all_seq_probs: [[0.92628655 0.07371346]] +/- [[0.2498249 0.2498249]]
  choice_probs: [0.92628655 0.07371346] +/- [0.2498249 0.2498249]
  expected_dist: [0.5 0.5] +/- [0. 0.]
