biased_point
  tvd_auc: 0.0 +/- 0.0
  When I roll dice, they land on 2 40% of the time.
    expected_dist: [0.11999992 0.3999998  0.11999992 0.11999992 0.11999992 0.11999992] +/- [7.4505806e-08 2.3841858e-07 7.4505806e-08 7.4505806e-08 7.4505806e-08
 7.4505806e-08]
    choice_probs: [0.15170221 0.24253834 0.15482651 0.1876831  0.1292999  0.13394993] +/- [0.04375333 0.06190964 0.04588051 0.05346163 0.04927396 0.05958314]
    tvd: 0.20266196433454753 +/- 0.05769490112026828
    all_seq_probs: [[0.15170221 0.24253834 0.15482651 0.1876831  0.1292999  0.13394993]] +/- [[0.04375333 0.06190964 0.04588051 0.05346163 0.04927396 0.05958314]]
    kl_div: 0.12148792836407665 +/- 0.0684748537829987
