biased_point
  tvd_auc: 0.0 +/- 0.0
  When I roll dice, they land on 3 80% of the time.
    tvd: 0.23773778962902725 +/- 0.23321334873802607
    expected_dist: [0.03999999 0.03999999 0.7999996  0.03999999 0.03999999 0.03999999] +/- [2.2351742e-08 2.2351742e-08 4.1723251e-07 2.2351742e-08 2.2351742e-08
 2.2351742e-08]
    all_seq_probs: [[0.07954691 0.07020885 0.59562111 0.0688229  0.06238906 0.12341117]] +/- [[0.05870501 0.05188122 0.26084233 0.06655851 0.06044888 0.09863883]]
    kl_div: 0.2773906314288615 +/- 0.3782896513413239
    choice_probs: [0.07954691 0.07020885 0.59562111 0.0688229  0.06238906 0.12341117] +/- [0.05870501 0.05188122 0.26084233 0.06655851 0.06044888 0.09863883]
