biased_point
  tvd_auc: 0.0 +/- 0.0
  When I roll dice, they land on 5 40% of the time.
    choice_probs: [0.13939092 0.13858362 0.15851104 0.14082622 0.28299469 0.1396935 ] +/- [0.03661775 0.0304027  0.02201842 0.01946913 0.08833652 0.04175825]
    tvd: 0.1478631496615708 +/- 0.0556282108865625
    kl_div: 0.06798272732645273 +/- 0.04438145989627444
    expected_dist: [0.11999992 0.11999992 0.11999992 0.11999992 0.3999998  0.11999992] +/- [7.4505806e-08 7.4505806e-08 7.4505806e-08 7.4505806e-08 2.3841858e-07
 7.4505806e-08]
    all_seq_probs: [[0.13939092 0.13858362 0.15851104 0.14082622 0.28299469 0.1396935 ]] +/- [[0.03661775 0.0304027  0.02201842 0.01946913 0.08833652 0.04175825]]
