biased_point
  When I flip coins they land on heads 60% of the time.
    kl_div: 0.060898665823042396 +/- 0.11836804303400197
    all_seq_probs: [[0.49527328 0.50472673]] +/- [[0.12514011 0.12514011]]
    expected_dist: [0.60000026 0.3999998 ] +/- [2.3841858e-07 2.3841858e-07]
    choice_probs: [0.49527328 0.50472673] +/- [0.12514011 0.12514011]
    tvd: 0.12836643144488336 +/- 0.10074617617764707
  tvd_auc: 0.0 +/- 0.0
unconditional_point
  kl_div: 0.0672294870018959 +/- 0.191219601049475
  all_seq_probs: [[0.45889451 0.5411055 ]] +/- [[0.14387368 0.14387366]]
  expected_dist: [0.5 0.5] +/- [0. 0.]
  choice_probs: [0.45889451 0.5411055 ] +/- [0.14387368 0.14387366]
  tvd: 0.1099950047954917 +/- 0.10144157487494924
