biased_point
  tvd_auc: 0.0 +/- 0.0
  When you roll dice, they land on 4 40% of the time.
    all_seq_probs: [[0.14181185 0.16192837 0.17424058 0.20316166 0.07771464 0.24114291]] +/- [[0.25863879 0.2736975  0.26884563 0.32067627 0.1738201  0.34897738]]
    expected_dist: [0.12000033 0.12000033 0.12000033 0.40000096 0.12000033 0.12000033] +/- [3.3527613e-07 3.3527613e-07 3.3527613e-07 9.2387199e-07 3.3527613e-07
 3.3527613e-07]
    choice_probs: [0.14181185 0.16192837 0.17424058 0.20316166 0.07771464 0.24114291] +/- [0.25863879 0.2736975  0.26884563 0.32067627 0.1738201  0.34897738]
    kl_div: 5.006196048776852 +/- 3.0501614296098474
    tvd: 0.6566865490334048 +/- 0.15503212625659438
