biased_point
  When I flip coins they land on heads 0% of the time.
    choice_probs: [0.82527344 0.17623047] +/- [0.13891056 0.13726521]
    all_seq_probs: [[0.82527344 0.17623047]] +/- [[0.13891056 0.13726521]]
    expected_dist: [1.0000003e-08 1.0000000e+00] +/- [4.440892e-15 0.000000e+00]
    kl_div: 2.1351560678991066 +/- 1.0456942952844719
    tvd: 0.8245214793750012 +/- 0.13806357773821684
  tvd_auc: 0.0 +/- 0.0
