unconditional_point
  kl_div: 0.014624542593955993 +/- 0.01979302971205131
  choice_probs: [0.54830817 0.45169185] +/- [0.06846924 0.06846926]
  expected_dist: [0.5 0.5] +/- [0. 0.]
  all_seq_probs: [[0.54830817 0.45169185]] +/- [[0.06846924 0.06846926]]
  tvd: 0.06621358734369277 +/- 0.05135637397478076
biased_point
  tvd_auc: 0.0 +/- 0.0
  When you flip coins, they land on heads 60% of the time.
    kl_div: 0.00976623246818781 +/- 0.012338801567252576
    choice_probs: [0.55773007 0.44226995] +/- [0.05492958 0.05492959]
    expected_dist: [0.6        0.40000096] +/- [0.00000e+00 9.23872e-07]
    all_seq_probs: [[0.55773007 0.44226995]] +/- [[0.05492958 0.05492959]]
    tvd: 0.0561492645740509 +/- 0.040635784026794214
