unconditional_point
  choice_probs: [0.01263718 0.0625151  0.04475806 0.34889466 0.50109997 0.03009505] +/- [0.0258251  0.04935106 0.14338864 0.16080577 0.20592493 0.04142443]
  kl_div: 2.090811052224599 +/- 0.7885561393785034
  tvd: 0.5639162033517009 +/- 0.06835478251694606
  expected_dist: [0.16666676 0.16666676 0.16666676 0.16666676 0.16666676 0.16666676] +/- [7.4505806e-08 7.4505806e-08 7.4505806e-08 7.4505806e-08 7.4505806e-08
 7.4505806e-08]
  all_seq_probs: [[0.01263718 0.0625151  0.04475806 0.34889466 0.50109997 0.03009505]] +/- [[0.0258251  0.04935106 0.14338864 0.16080577 0.20592493 0.04142443]]
biased_point
  tvd_auc: 0.0 +/- 0.0
  When you roll dice, they land on 3 80% of the time.
    choice_probs: [0.02011249 0.03671581 0.59970028 0.10903236 0.0313019  0.20313717] +/- [0.08028812 0.11531625 0.32991285 0.14630805 0.06997248 0.20012115]
    kl_div: 0.8792937948283507 +/- 1.2087516149841095
    tvd: 0.3558230186000919 +/- 0.24995934223589628
    expected_dist: [0.03999997 0.03999997 0.8000019  0.03999997 0.03999997 0.03999997] +/- [4.0978193e-08 4.0978193e-08 1.9073486e-06 4.0978193e-08 4.0978193e-08
 4.0978193e-08]
    all_seq_probs: [[0.02011249 0.03671581 0.59970028 0.10903236 0.0313019  0.20313717]] +/- [[0.08028812 0.11531625 0.32991285 0.14630805 0.06997248 0.20012115]]
