unconditional_point
  kl_div: 0.04253662730770884 +/- 0.016469009171226515
  choice_probs: [0.19136992 0.16896081 0.18229304 0.19245272 0.08510612 0.17981741] +/- [0.01702451 0.01603454 0.0140153  0.01289893 0.01227015 0.03490433]
  expected_dist: [0.16666663 0.16666663 0.16666663 0.16666663 0.16666663 0.16666663] +/- [5.9604645e-08 5.9604645e-08 5.9604645e-08 5.9604645e-08 5.9604645e-08
 5.9604645e-08]
  all_seq_probs: [[0.19136992 0.16896081 0.18229304 0.19245272 0.08510612 0.17981741]] +/- [[0.01702451 0.01603454 0.0140153  0.01289893 0.01227015 0.03490433]]
  tvd: 0.09725903723388911 +/- 0.020092739090452363
biased_point
  When I roll dice, they land on 5 100% of the time.
    kl_div: 0.29004625636462633 +/- 0.1365957125369966
    choice_probs: [0.07535355 0.01786468 0.02082265 0.02222199 0.75473111 0.109006  ] +/- [0.02558921 0.00634561 0.00820866 0.00963194 0.09284263 0.05324386]
    expected_dist: [1.0000003e-08 1.0000003e-08 1.0000003e-08 1.0000003e-08 1.0000000e+00
 1.0000003e-08] +/- [4.440892e-15 4.440892e-15 4.440892e-15 4.440892e-15 0.000000e+00
 4.440892e-15]
    all_seq_probs: [[0.07535355 0.01786468 0.02082265 0.02222199 0.75473111 0.109006  ]] +/- [[0.02558921 0.00634561 0.00820866 0.00963194 0.09284263 0.05324386]]
    tvd: 0.2452688562278257 +/- 0.09284263114842388
  tvd_auc: 0.0 +/- 0.0
