biased_point
  tvd_auc: 0.0 +/- 0.0
  When I roll dice, they land on 1 20% of the time.
    expected_dist: [0.1999999  0.15999995 0.15999995 0.15999995 0.15999995 0.15999995] +/- [1.3411045e-07 8.9406967e-08 8.9406967e-08 8.9406967e-08 8.9406967e-08
 8.9406967e-08]
    choice_probs: [0.14395934 0.17990321 0.17552627 0.16151356 0.18838615 0.15071146] +/- [0.04639093 0.0596089  0.04719616 0.05009539 0.07848358 0.06294676]
    tvd: 0.1502458342164755 +/- 0.05578650769020042
    all_seq_probs: [[0.14395934 0.17990321 0.17552627 0.16151356 0.18838615 0.15071146]] +/- [[0.04639093 0.0596089  0.04719616 0.05009539 0.07848358 0.06294676]]
    kl_div: 0.07213920433423482 +/- 0.05849958999304556
