biased_point
  When I flip coins they land on heads 40% of the time.
    all_seq_probs: [[0.9184375  0.08219849]] +/- [[0.06368333 0.06246804]]
    kl_div: 0.9993438333272934 +/- 0.3741000449922762
    tvd: 0.518119500875473 +/- 0.06301381928876235
    expected_dist: [0.3999998  0.60000026] +/- [2.3841858e-07 2.3841858e-07]
    choice_probs: [0.9184375  0.08219849] +/- [0.06368333 0.06246804]
  tvd_auc: 0.0 +/- 0.0
