biased_point
  tvd_auc: 0.0 +/- 0.0
  When I roll dice, they land on 6 40% of the time.
    tvd: 0.14910221638157964 +/- 0.062308654879750125
    all_seq_probs: [[0.13106585 0.1373463  0.13414365 0.1456854  0.15024872 0.30151007]] +/- [[0.04750862 0.05091343 0.03488285 0.03565179 0.04158764 0.0889143 ]]
    expected_dist: [0.11999992 0.11999992 0.11999992 0.11999992 0.11999992 0.3999998 ] +/- [7.4505806e-08 7.4505806e-08 7.4505806e-08 7.4505806e-08 7.4505806e-08
 2.3841858e-07]
    choice_probs: [0.13106585 0.1373463  0.13414365 0.1456854  0.15024872 0.30151007] +/- [0.04750862 0.05091343 0.03488285 0.03565179 0.04158764 0.0889143 ]
    kl_div: 0.07396080506208819 +/- 0.06679156492930646
