biased_point
  tvd_auc: 0.0 +/- 0.0
  When I roll dice, they land on 5 80% of the time.
    tvd: 0.07031402176944539 +/- 0.05411255137555925
    all_seq_probs: [[0.04432625 0.04855024 0.04957858 0.05228158 0.77050348 0.03475987]] +/- [[0.02335049 0.01998766 0.02151514 0.01853218 0.07537647 0.02027033]]
    kl_div: 0.0326709291964653 +/- 0.03858083108309556
    expected_dist: [0.03999999 0.03999999 0.03999999 0.03999999 0.7999996  0.03999999] +/- [2.2351742e-08 2.2351742e-08 2.2351742e-08 2.2351742e-08 4.1723251e-07
 2.2351742e-08]
    choice_probs: [0.04432625 0.04855024 0.04957858 0.05228158 0.77050348 0.03475987] +/- [0.02335049 0.01998766 0.02151514 0.01853218 0.07537647 0.02027033]
