unconditional_point
  tvd: 0.22974935721606016 +/- 0.1487700735573629
  expected_dist: [0.5 0.5] +/- [0. 0.]
  choice_probs: [0.27398608 0.72601392] +/- [0.15438591 0.15438591]
  all_seq_probs: [[0.27398608 0.72601392]] +/- [[0.15438591 0.15438591]]
  kl_div: 0.2490289753675461 +/- 0.297933412896556
biased_point
  tvd_auc: 0.0 +/- 0.0
  When I flip coins they land on heads 10% of the time.
    tvd: 0.260501818805933 +/- 0.09994051531671687
    expected_dist: [0.09999995 0.9000002 ] +/- [5.2154064e-08 2.3841858e-07]
    choice_probs: [0.36050184 0.63949817] +/- [0.09994052 0.09994051]
    all_seq_probs: [[0.36050184 0.63949817]] +/- [[0.09994052 0.09994051]]
    kl_div: 0.19473458513617514 +/- 0.11140843855939499
