unconditional_point
  tvd: 0.11146079186350107 +/- 0.1043815726848047
  all_seq_probs: [[0.53500521 0.46499481]] +/- [[0.14863935 0.14863935]]
  expected_dist: [0.5 0.5] +/- [0. 0.]
  choice_probs: [0.53500521 0.46499481] +/- [0.14863935 0.14863935]
  kl_div: 0.06635314881801606 +/- 0.1571582438472499
biased_point
  tvd_auc: 0.0 +/- 0.0
  When I flip coins they land on heads 10% of the time.
    tvd: 0.5664524301886559 +/- 0.09218999080072399
    all_seq_probs: [[0.66645244 0.33354756]] +/- [[0.09218999 0.09218999]]
    expected_dist: [0.09999995 0.9000002 ] +/- [5.2154064e-08 2.3841858e-07]
    choice_probs: [0.66645244 0.33354756] +/- [0.09218999 0.09218999]
    kl_div: 0.7517330524325371 +/- 0.3098699353389655
