unconditional_point
  tvd: 0.4354145260168225 +/- 0.12385509223052772
  kl_div: 0.9960113171737175 +/- 0.8025285459397618
  expected_dist: [0.16666676 0.16666676 0.16666676 0.16666676 0.16666676 0.16666676] +/- [7.4505806e-08 7.4505806e-08 7.4505806e-08 7.4505806e-08 7.4505806e-08
 7.4505806e-08]
  all_seq_probs: [[0.02288154 0.2881851  0.23187449 0.15805743 0.22837333 0.07062812]] +/- [[0.01669679 0.271416   0.14756718 0.13317474 0.18502481 0.05836192]]
  choice_probs: [0.02288154 0.2881851  0.23187449 0.15805743 0.22837333 0.07062812] +/- [0.01669679 0.271416   0.14756718 0.13317474 0.18502481 0.05836192]
biased_point
  tvd_auc: 0.0 +/- 0.0
  When you roll dice, they land on 4 40% of the time.
    tvd: 0.37276974594203055 +/- 0.19035712874410363
    kl_div: 0.5819136442367407 +/- 0.7537380989925749
    expected_dist: [0.12000033 0.12000033 0.12000033 0.40000096 0.12000033 0.12000033] +/- [3.3527613e-07 3.3527613e-07 3.3527613e-07 9.2387199e-07 3.3527613e-07
 3.3527613e-07]
    all_seq_probs: [[0.07395567 0.24459492 0.13431448 0.30505944 0.11838381 0.12369168]] +/- [[0.05126909 0.2836057  0.11327276 0.24842439 0.1100098  0.08702193]]
    choice_probs: [0.07395567 0.24459492 0.13431448 0.30505944 0.11838381 0.12369168] +/- [0.05126909 0.2836057  0.11327276 0.24842439 0.1100098  0.08702193]
