biased_point
  When I roll dice, they land on 1 0% of the time.
    all_seq_probs: [[0.10749701 0.16076983 0.18396501 0.18629755 0.18763112 0.1738395 ]] +/- [[0.02074983 0.03552818 0.03251319 0.0215605  0.03043351 0.04233782]]
    expected_dist: [1.0000003e-08 1.9999990e-01 1.9999990e-01 1.9999990e-01 1.9999990e-01
 1.9999990e-01] +/- [4.4408921e-15 1.1920929e-07 1.1920929e-07 1.1920929e-07 1.1920929e-07
 1.1920929e-07]
    tvd: 0.13183494067871188 +/- 0.03645344418240295
    kl_div: 0.14029751819403544 +/- 0.08437337350838042
    choice_probs: [0.10749701 0.16076983 0.18396501 0.18629755 0.18763112 0.1738395 ] +/- [0.02074983 0.03552818 0.03251319 0.0215605  0.03043351 0.04233782]
  tvd_auc: 0.0 +/- 0.0
