biased_point
  tvd_auc: 0.0 +/- 0.0
  When I roll dice, they land on 6 40% of the time.
    expected_dist: [0.11999992 0.11999992 0.11999992 0.11999992 0.11999992 0.3999998 ] +/- [7.4505806e-08 7.4505806e-08 7.4505806e-08 7.4505806e-08 7.4505806e-08
 2.3841858e-07]
    choice_probs: [0.13897556 0.13330982 0.13938306 0.17776499 0.15907416 0.25149241] +/- [0.0980322  0.05853746 0.06066134 0.06639671 0.061376   0.15491353]
    tvd: 0.23585763392038644 +/- 0.10241653672176788
    kl_div: 0.21456462061614728 +/- 0.23204124085367245
    all_seq_probs: [[0.13897556 0.13330982 0.13938306 0.17776499 0.15907416 0.25149241]] +/- [[0.0980322  0.05853746 0.06066134 0.06639671 0.061376   0.15491353]]
