biased_point
  tvd_auc: 0.0 +/- 0.0
  When you roll dice, they land on 6 80% of the time.
    expected_dist: [0.03999997 0.03999997 0.03999997 0.03999997 0.03999997 0.8000019 ] +/- [4.0978193e-08 4.0978193e-08 4.0978193e-08 4.0978193e-08 4.0978193e-08
 1.9073486e-06]
    choice_probs: [0.02850571 0.1060485  0.07974822 0.07205086 0.11310738 0.60053934] +/- [0.02786465 0.11880307 0.08719853 0.07008084 0.11890592 0.31738352]
    all_seq_probs: [[0.02850571 0.1060485  0.07974822 0.07205086 0.11310738 0.60053934]] +/- [[0.02786465 0.11880307 0.08719853 0.07008084 0.11890592 0.31738352]]
    kl_div: 0.43153751297146936 +/- 0.4680638146279053
    tvd: 0.31307734030971185 +/- 0.2268777626328124
