biased_point
  When I roll dice, they land on 6 20% of the time.
    choice_probs: [0.11937383 0.15176763 0.1437257  0.13542547 0.15421311 0.29549425] +/- [0.06437751 0.08781459 0.07477027 0.06621163 0.07975461 0.12842561]
    expected_dist: [0.15999995 0.15999995 0.15999995 0.15999995 0.15999995 0.1999999 ] +/- [8.9406967e-08 8.9406967e-08 8.9406967e-08 8.9406967e-08 8.9406967e-08
 1.3411045e-07]
    tvd: 0.21487712679430843 +/- 0.09567489859244621
    kl_div: 0.16421050562639722 +/- 0.13323265188197578
    all_seq_probs: [[0.11937383 0.15176763 0.1437257  0.13542547 0.15421311 0.29549425]] +/- [[0.06437751 0.08781459 0.07477027 0.06621163 0.07975461 0.12842561]]
  tvd_auc: 0.0 +/- 0.0
