biased_point
  tvd_auc: 0.0 +/- 0.0
  When I roll dice, they land on 3 20% of the time.
    all_seq_probs: [[0.15705906 0.19571044 0.19350635 0.15752378 0.16216084 0.13403955]] +/- [[0.04165908 0.0426381  0.05347752 0.05163827 0.0499896  0.05354264]]
    expected_dist: [0.15999995 0.15999995 0.1999999  0.15999995 0.15999995 0.15999995] +/- [8.9406967e-08 8.9406967e-08 1.3411045e-07 8.9406967e-08 8.9406967e-08
 8.9406967e-08]
    tvd: 0.11871925881132483 +/- 0.06932505382696676
    kl_div: 0.05845615598653239 +/- 0.0806326299612654
    choice_probs: [0.15705906 0.19571044 0.19350635 0.15752378 0.16216084 0.13403955] +/- [0.04165908 0.0426381  0.05347752 0.05163827 0.0499896  0.05354264]
