biased_point
  When I roll dice, they land on 1 0% of the time.
    tvd: 0.2538846437551937 +/- 0.10215361016306786
    all_seq_probs: [[0.19226123 0.14017281 0.18887902 0.14970382 0.17287304 0.1561101 ]] +/- [[0.0412285  0.04618279 0.0918116  0.05030558 0.09319005 0.09600384]]
    expected_dist: [1.0000003e-08 1.9999990e-01 1.9999990e-01 1.9999990e-01 1.9999990e-01
 1.9999990e-01] +/- [4.4408921e-15 1.1920929e-07 1.1920929e-07 1.1920929e-07 1.1920929e-07
 1.1920929e-07]
    choice_probs: [0.19226123 0.14017281 0.18887902 0.14970382 0.17287304 0.1561101 ] +/- [0.0412285  0.04618279 0.0918116  0.05030558 0.09319005 0.09600384]
    kl_div: 0.30701128862332355 +/- 0.15886658199567183
  tvd_auc: 0.0 +/- 0.0
