unconditional_point
  tvd: 0.30963932802900673 +/- 0.0837148038348629
  kl_div: 0.301638944814913 +/- 0.15344534012725486
  expected_dist: [0.16666663 0.16666663 0.16666663 0.16666663 0.16666663 0.16666663] +/- [5.9604645e-08 5.9604645e-08 5.9604645e-08 5.9604645e-08 5.9604645e-08
 5.9604645e-08]
  choice_probs: [0.05237252 0.13738034 0.42165892 0.20599215 0.06102291 0.12157318] +/- [0.01616028 0.03819134 0.11646732 0.05456321 0.02117853 0.03279612]
  all_seq_probs: [[0.05237252 0.13738034 0.42165892 0.20599215 0.06102291 0.12157318]] +/- [[0.01616028 0.03819134 0.11646732 0.05456321 0.02117853 0.03279612]]
biased_point
  tvd_auc: 0.0 +/- 0.0
  When I roll dice, they land on 3 100% of the time.
    tvd: 0.08833985099704876 +/- 0.04153254596484737
    kl_div: 0.09358349974491972 +/- 0.04749147458515381
    expected_dist: [1.0000003e-08 1.0000003e-08 1.0000000e+00 1.0000003e-08 1.0000003e-08
 1.0000003e-08] +/- [4.440892e-15 4.440892e-15 0.000000e+00 4.440892e-15 4.440892e-15
 4.440892e-15]
    choice_probs: [0.01130935 0.01865753 0.91166013 0.02096938 0.01138667 0.02601695] +/- [0.00556279 0.01031082 0.04153255 0.01128369 0.00555192 0.01343604]
    all_seq_probs: [[0.01130935 0.01865753 0.91166013 0.02096938 0.01138667 0.02601695]] +/- [[0.00556279 0.01031082 0.04153255 0.01128369 0.00555192 0.01343604]]
