biased_point
  When I roll dice, they land on 6 80% of the time.
    expected_dist: [0.03999999 0.03999999 0.03999999 0.03999999 0.03999999 0.7999996 ] +/- [2.2351742e-08 2.2351742e-08 2.2351742e-08 2.2351742e-08 2.2351742e-08
 4.1723251e-07]
    all_seq_probs: [[0.05659416 0.06389573 0.06974997 0.06372087 0.07159264 0.67444663]] +/- [[0.04644275 0.05061064 0.0454585  0.03813726 0.04343022 0.20373533]]
    choice_probs: [0.05659416 0.06389573 0.06974997 0.06372087 0.07159264 0.67444663] +/- [0.04644275 0.05061064 0.0454585  0.03813726 0.04343022 0.20373533]
    tvd: 0.18879702380974778 +/- 0.14842429950722724
    kl_div: 0.16884051537941558 +/- 0.20269726189720258
  tvd_auc: 0.0 +/- 0.0
