unconditional_point
  choice_probs: [0.14628732 0.23035963 0.16065009 0.14015434 0.15549551 0.16705312] +/- [0.05679038 0.10290341 0.09209395 0.06019899 0.0655545  0.0644776 ]
  expected_dist: [0.16666663 0.16666663 0.16666663 0.16666663 0.16666663 0.16666663] +/- [5.9604645e-08 5.9604645e-08 5.9604645e-08 5.9604645e-08 5.9604645e-08
 5.9604645e-08]
  kl_div: 0.10588065839954652 +/- 0.1431973001184387
  tvd: 0.17335862796753645 +/- 0.10756092450981224
  all_seq_probs: [[0.14628732 0.23035963 0.16065009 0.14015434 0.15549551 0.16705312]] +/- [[0.05679038 0.10290341 0.09209395 0.06019899 0.0655545  0.0644776 ]]
biased_point
  tvd_auc: 0.0 +/- 0.0
  When I roll dice, they land on 2 0% of the time.
    choice_probs: [0.14447461 0.22054418 0.1671402  0.13722542 0.15209369 0.17852191] +/- [0.05165552 0.04419195 0.09408732 0.05325495 0.05460414 0.0611155 ]
    expected_dist: [1.9999990e-01 1.0000003e-08 1.9999990e-01 1.9999990e-01 1.9999990e-01
 1.9999990e-01] +/- [1.1920929e-07 4.4408921e-15 1.1920929e-07 1.1920929e-07 1.1920929e-07
 1.1920929e-07]
    kl_div: 0.33022003719421716 +/- 0.11345322181531486
    tvd: 0.26969959720158193 +/- 0.07242688506914469
    all_seq_probs: [[0.14447461 0.22054418 0.1671402  0.13722542 0.15209369 0.17852191]] +/- [[0.05165552 0.04419195 0.09408732 0.05325495 0.05460414 0.0611155 ]]
