biased_point
  When I roll dice, they land on 4 20% of the time.
    kl_div: 0.029082101637031885 +/- 0.05092255837851319
    choice_probs: [0.15881    0.16727097 0.16780667 0.18644628 0.16629749 0.15336861] +/- [0.03923527 0.0311606  0.02561575 0.03122669 0.03168    0.05228561]
    all_seq_probs: [[0.15881    0.16727097 0.16780667 0.18644628 0.16629749 0.15336861]] +/- [[0.03923527 0.0311606  0.02561575 0.03122669 0.03168    0.05228561]]
    tvd: 0.07906164322048426 +/- 0.042536517373432774
    expected_dist: [0.15999994 0.15999994 0.15999994 0.1999999  0.15999994 0.15999994] +/- [7.4505806e-08 7.4505806e-08 7.4505806e-08 1.1920929e-07 7.4505806e-08
 7.4505806e-08]
  tvd_auc: 0.0 +/- 0.0
