biased_point
  tvd_auc: 0.0 +/- 0.0
  When you roll dice, they land on 3 40% of the time.
    kl_div: 1.7728403593688271 +/- 1.1884154646458969
    all_seq_probs: [[0.04641268 0.11252129 0.56443378 0.10161604 0.10472683 0.07108002]] +/- [[0.09401706 0.27121733 0.38873771 0.18746886 0.24638652 0.15988816]]
    expected_dist: [0.12000033 0.12000033 0.40000096 0.12000033 0.12000033 0.12000033] +/- [3.3527613e-07 3.3527613e-07 9.2387199e-07 3.3527613e-07 3.3527613e-07
 3.3527613e-07]
    tvd: 0.5480260817967355 +/- 0.15710152458413723
    choice_probs: [0.04641268 0.11252129 0.56443378 0.10161604 0.10472683 0.07108002] +/- [0.09401706 0.27121733 0.38873771 0.18746886 0.24638652 0.15988816]
