biased_point
  tvd_auc: 0.0 +/- 0.0
  When I roll dice, they land on 3 20% of the time.
    tvd: 0.04625081285834312 +/- 0.014579318496727053
    all_seq_probs: [[0.16547853 0.15968688 0.17118934 0.1581874  0.16528441 0.18017346]] +/- [[0.0145681  0.01257321 0.01321292 0.00828097 0.01223468 0.02033448]]
    choice_probs: [0.16547853 0.15968688 0.17118934 0.1581874  0.16528441 0.18017346] +/- [0.0145681  0.01257321 0.01321292 0.00828097 0.01223468 0.02033448]
    kl_div: 0.007070767220575362 +/- 0.00438033356026603
    expected_dist: [0.15999995 0.15999995 0.1999999  0.15999995 0.15999995 0.15999995] +/- [8.9406967e-08 8.9406967e-08 1.3411045e-07 8.9406967e-08 8.9406967e-08
 8.9406967e-08]
