unconditional_point
  all_seq_probs: [[0.62510954 0.37489046]] +/- [[0.08272189 0.08272191]]
  kl_div: 0.049490815579891205 +/- 0.04940289997885689
  expected_dist: [0.5 0.5] +/- [0. 0.]
  choice_probs: [0.62510954 0.37489046] +/- [0.08272189 0.08272191]
  tvd: 0.12934820306301117 +/- 0.07592333593017364
biased_point
  When you flip coins, they land on heads 80% of the time.
    all_seq_probs: [[0.70975142 0.29024856]] +/- [[0.07916498 0.07916498]]
    kl_div: 0.034672540749423206 +/- 0.03644717378875009
    expected_dist: [0.8000019  0.20000048] +/- [1.9073486e-06 4.6193600e-07]
    choice_probs: [0.70975142 0.29024856] +/- [0.07916498 0.07916498]
    tvd: 0.10006268991529942 +/- 0.06632763602104863
  tvd_auc: 0.0 +/- 0.0
