biased_point
  tvd_auc: 0.0 +/- 0.0
  When you roll dice, they land on 3 20% of the time.
    tvd: 0.44632150899002593 +/- 0.10877458392677869
    choice_probs: [0.06146597 0.10785745 0.16564392 0.12747947 0.24313942 0.29441375] +/- [0.0800326  0.12652388 0.18931545 0.12896866 0.23231443 0.2062928 ]
    expected_dist: [0.15999988 0.15999988 0.20000048 0.15999988 0.15999988 0.15999988] +/- [1.6391277e-07 1.6391277e-07 4.4703484e-07 1.6391277e-07 1.6391277e-07
 1.6391277e-07]
    kl_div: 0.9945178069584654 +/- 0.5380507214587184
    all_seq_probs: [[0.06146597 0.10785745 0.16564392 0.12747947 0.24313942 0.29441375]] +/- [[0.0800326  0.12652388 0.18931545 0.12896866 0.23231443 0.2062928 ]]
