biased_point
  tvd_auc: 0.0 +/- 0.0
  When you roll dice, they land on 2 20% of the time.
    all_seq_probs: [[0.05471801 0.16663825 0.15971872 0.16829914 0.15381041 0.29681547]] +/- [[0.11364665 0.17311191 0.19484681 0.20260044 0.17647485 0.23652078]]
    kl_div: 1.0193572354093194 +/- 0.5321263231330512
    tvd: 0.4715747604196731 +/- 0.11685742402518859
    expected_dist: [0.15999988 0.20000048 0.15999988 0.15999988 0.15999988 0.15999988] +/- [1.6391277e-07 4.4703484e-07 1.6391277e-07 1.6391277e-07 1.6391277e-07
 1.6391277e-07]
    choice_probs: [0.05471801 0.16663825 0.15971872 0.16829914 0.15381041 0.29681547] +/- [0.11364665 0.17311191 0.19484681 0.20260044 0.17647485 0.23652078]
