biased_point
  tvd_auc: 0.0 +/- 0.0
  When you roll dice, they land on 4 40% of the time.
    choice_probs: [0.03107443 0.05524073 0.13449814 0.3836314  0.14658539 0.24896992] +/- [0.07016814 0.09511152 0.19973608 0.38020404 0.22267374 0.30797598]
    kl_div: 2.002266059483634 +/- 1.2670698558977154
    all_seq_probs: [[0.03107443 0.05524073 0.13449814 0.3836314  0.14658539 0.24896992]] +/- [[0.07016814 0.09511152 0.19973608 0.38020404 0.22267374 0.30797598]]
    expected_dist: [0.12000033 0.12000033 0.12000033 0.40000096 0.12000033 0.12000033] +/- [3.3527613e-07 3.3527613e-07 3.3527613e-07 9.2387199e-07 3.3527613e-07
 3.3527613e-07]
    tvd: 0.5494519290997653 +/- 0.16056674515552719
