biased_point
  When I roll dice, they land on 1 40% of the time.
    all_seq_probs: [[0.20860148 0.20086775 0.14534673 0.27434241 0.0795314  0.09131021]] +/- [[0.09681083 0.10515092 0.13070482 0.15653434 0.05685559 0.05692241]]
    kl_div: 0.32115990787628107 +/- 0.26846675581783697
    expected_dist: [0.3999998  0.11999992 0.11999992 0.11999992 0.11999992 0.11999992] +/- [2.3841858e-07 7.4505806e-08 7.4505806e-08 7.4505806e-08 7.4505806e-08
 7.4505806e-08]
    tvd: 0.3264757837727666 +/- 0.14927952147246987
    choice_probs: [0.20860148 0.20086775 0.14534673 0.27434241 0.0795314  0.09131021] +/- [0.09681083 0.10515092 0.13070482 0.15653434 0.05685559 0.05692241]
  tvd_auc: 0.0 +/- 0.0
unconditional_point
  all_seq_probs: [[0.1211904  0.27138475 0.16769495 0.16888107 0.13863551 0.1322133 ]] +/- [[0.06175663 0.17198748 0.05365072 0.05950356 0.06209069 0.04641945]]
  kl_div: 0.1652882567679626 +/- 0.20432298940189814
  expected_dist: [0.16666663 0.16666663 0.16666663 0.16666663 0.16666663 0.16666663] +/- [5.9604645e-08 5.9604645e-08 5.9604645e-08 5.9604645e-08 5.9604645e-08
 5.9604645e-08]
  tvd: 0.19199641313403845 +/- 0.12310631872919703
  choice_probs: [0.1211904  0.27138475 0.16769495 0.16888107 0.13863551 0.1322133 ] +/- [0.06175663 0.17198748 0.05365072 0.05950356 0.06209069 0.04641945]
