unconditional_point
  all_seq_probs: [[0.01300943 0.0155954  0.11673872 0.10674411 0.40386831 0.34404403]] +/- [[0.05826842 0.06518811 0.27416959 0.10518168 0.2377071  0.25837484]]
  tvd: 0.5894498853540877 +/- 0.09230033553153229
  kl_div: 2.513312581165548 +/- 1.0639326356402794
  choice_probs: [0.01300943 0.0155954  0.11673872 0.10674411 0.40386831 0.34404403] +/- [0.05826842 0.06518811 0.27416959 0.10518168 0.2377071  0.25837484]
  expected_dist: [0.16666676 0.16666676 0.16666676 0.16666676 0.16666676 0.16666676] +/- [7.4505806e-08 7.4505806e-08 7.4505806e-08 7.4505806e-08 7.4505806e-08
 7.4505806e-08]
biased_point
  tvd_auc: 0.0 +/- 0.0
  When you roll dice, they land on 3 80% of the time.
    all_seq_probs: [[0.04759911 0.03368845 0.25708165 0.12081909 0.07911591 0.46169579]] +/- [[0.12665932 0.1318725  0.29954958 0.17603531 0.12572134 0.30649831]]
    tvd: 0.6429654894214653 +/- 0.25568241602644864
    kl_div: 2.0136364193361076 +/- 1.4738350226795345
    choice_probs: [0.04759911 0.03368845 0.25708165 0.12081909 0.07911591 0.46169579] +/- [0.12665932 0.1318725  0.29954958 0.17603531 0.12572134 0.30649831]
    expected_dist: [0.03999997 0.03999997 0.8000019  0.03999997 0.03999997 0.03999997] +/- [4.0978193e-08 4.0978193e-08 1.9073486e-06 4.0978193e-08 4.0978193e-08
 4.0978193e-08]
