biased_point
  tvd_auc: 0.0 +/- 0.0
  When I roll dice, they land on 4 60% of the time.
    all_seq_probs: [[0.07411723 0.10265787 0.11911371 0.43144677 0.14508615 0.12757827]] +/- [[0.06742907 0.04463995 0.04602582 0.14266782 0.07182394 0.07239365]]
    tvd: 0.22557668560184538 +/- 0.1187121092387114
    choice_probs: [0.07411723 0.10265787 0.11911371 0.43144677 0.14508615 0.12757827] +/- [0.06742907 0.04463995 0.04602582 0.14266782 0.07182394 0.07239365]
    kl_div: 0.16576312429795506 +/- 0.14522404684265858
    expected_dist: [0.07999997 0.07999997 0.07999997 0.60000026 0.07999997 0.07999997] +/- [2.9802322e-08 2.9802322e-08 2.9802322e-08 2.3841858e-07 2.9802322e-08
 2.9802322e-08]
