biased_point
  tvd_auc: 0.0 +/- 0.0
  When you roll dice, they land on 1 60% of the time.
    choice_probs: [0.23780552 0.1262259  0.13123302 0.09213241 0.11817404 0.29442912] +/- [0.35774728 0.17270306 0.17052288 0.15345739 0.15123954 0.27345156]
    all_seq_probs: [[0.23780552 0.1262259  0.13123302 0.09213241 0.11817404 0.29442912]] +/- [[0.35774728 0.17270306 0.17052288 0.15345739 0.15123954 0.27345156]]
    kl_div: 2.4413839662627526 +/- 1.6321885468531645
    tvd: 0.5869528859006387 +/- 0.1723809718392179
    expected_dist: [0.6        0.07999994 0.07999994 0.07999994 0.07999994 0.07999994] +/- [5.9604645e-08 8.1956387e-08 8.1956387e-08 8.1956387e-08 8.1956387e-08
 8.1956387e-08]
