biased_point
  tvd_auc: 0.0 +/- 0.0
  When I flip coins they land on heads 40% of the time.
    expected_dist: [0.3999998  0.60000026] +/- [2.3841858e-07 2.3841858e-07]
    kl_div: 1.0130518360435963 +/- 0.35145991791357967
    tvd: 0.5200881290435792 +/- 0.07127388131812791
    choice_probs: [0.91574219 0.08436279] +/- [0.09846231 0.09802108]
    all_seq_probs: [[0.91574219 0.08436279]] +/- [[0.09846231 0.09802108]]
