biased_point
  tvd_auc: 0.0 +/- 0.0
  When I roll dice, they land on 1 40% of the time.
    expected_dist: [0.3999998  0.11999992 0.11999992 0.11999992 0.11999992 0.11999992] +/- [2.3841858e-07 7.4505806e-08 7.4505806e-08 7.4505806e-08 7.4505806e-08
 7.4505806e-08]
    all_seq_probs: [[0.25114698 0.17355253 0.15761259 0.15357595 0.12643511 0.13767686]] +/- [[0.15593539 0.06364328 0.06158904 0.15277499 0.05800847 0.06658185]]
    choice_probs: [0.25114698 0.17355253 0.15761259 0.15357595 0.12643511 0.13767686] +/- [0.15593539 0.06364328 0.06158904 0.15277499 0.05800847 0.06658185]
    tvd: 0.24681328992359342 +/- 0.12932794607463746
    kl_div: 0.21387127544381657 +/- 0.28395201449351615
unconditional_point
  expected_dist: [0.16666663 0.16666663 0.16666663 0.16666663 0.16666663 0.16666663] +/- [5.9604645e-08 5.9604645e-08 5.9604645e-08 5.9604645e-08 5.9604645e-08
 5.9604645e-08]
  all_seq_probs: [[0.18192565 0.17924927 0.16160157 0.16610562 0.15145535 0.15966254]] +/- [[0.1519199  0.07239516 0.06054151 0.15370145 0.07868607 0.11775206]]
  choice_probs: [0.18192565 0.17924927 0.16160157 0.16610562 0.15145535 0.15966254] +/- [0.1519199  0.07239516 0.06054151 0.15370145 0.07868607 0.11775206]
  tvd: 0.20546350454911588 +/- 0.17128578802230576
  kl_div: 0.19037904429016636 +/- 0.3236328306264878
