biased_point
  When I roll dice, they land on 1 20% of the time.
    choice_probs: [0.21605742 0.18853395 0.15592438 0.15896856 0.14901682 0.13149888] +/- [0.09124774 0.08635721 0.04849779 0.11982535 0.06043159 0.04762123]
    kl_div: 0.10857627125747968 +/- 0.2645584744648779
    expected_dist: [0.1999999  0.15999995 0.15999995 0.15999995 0.15999995 0.15999995] +/- [1.3411045e-07 8.9406967e-08 8.9406967e-08 8.9406967e-08 8.9406967e-08
 8.9406967e-08]
    all_seq_probs: [[0.21605742 0.18853395 0.15592438 0.15896856 0.14901682 0.13149888]] +/- [[0.09124774 0.08635721 0.04849779 0.11982535 0.06043159 0.04762123]]
    tvd: 0.15290670707821846 +/- 0.12701377265902886
  tvd_auc: 0.0 +/- 0.0
