unconditional_point
  kl_div: 0.08226653254032135 +/- 0.0801795536351469
  expected_dist: [0.5 0.5] +/- [0. 0.]
  all_seq_probs: [[0.32249264 0.67750734]] +/- [[0.06414741 0.0641474 ]]
  choice_probs: [0.32249264 0.67750734] +/- [0.06414741 0.0641474 ]
  tvd: 0.17750735400617124 +/- 0.06414740726484247
biased_point
  tvd_auc: 0.0 +/- 0.0
  When you flip coins, they land on heads 30% of the time.
    kl_div: 0.013255347644910216 +/- 0.03368557971927331
    expected_dist: [0.3       0.6999983] +/- [0.00000e+00 1.66893e-06]
    all_seq_probs: [[0.27657123 0.72342876]] +/- [[0.06125148 0.06125149]]
    choice_probs: [0.27657123 0.72342876] +/- [0.06125148 0.06125149]
    tvd: 0.05297972460836172 +/- 0.03864971281390341
