biased_point
  When you flip coins, they land on heads 100% of the time.
    expected_dist: [1.0000000e+00 9.9999795e-09] +/- [0.0000000e+00 1.8651747e-14]
    kl_div: 0.8532640736969045 +/- 1.3507926490429725
    all_seq_probs: [[0.64956655 0.35043345]] +/- [[0.34610148 0.34610147]]
    tvd: 0.35043344500210777 +/- 0.3461014753294999
    choice_probs: [0.64956655 0.35043345] +/- [0.34610148 0.34610147]
  tvd_auc: 0.0 +/- 0.0
unconditional_point
  expected_dist: [0.5 0.5] +/- [0. 0.]
  kl_div: 2.9351328976750373 +/- 1.0474123396491657
  all_seq_probs: [[0.00571577 0.99428424]] +/- [[0.02416227 0.02416227]]
  tvd: 0.4942842341315322 +/- 0.024162270990262063
  choice_probs: [0.00571577 0.99428424] +/- [0.02416227 0.02416227]
