biased_point
  tvd_auc: 0.0 +/- 0.0
  When I roll dice, they land on 4 0% of the time.
    tvd: 0.2649073323526344 +/- 0.10676557906589254
    all_seq_probs: [[0.16168212 0.16433504 0.17762346 0.22177967 0.14089229 0.13368744]] +/- [[0.05881053 0.05639022 0.07488999 0.09953391 0.05683062 0.04462687]]
    choice_probs: [0.16168212 0.16433504 0.17762346 0.22177967 0.14089229 0.13368744] +/- [0.05881053 0.05639022 0.07488999 0.09953391 0.05683062 0.04462687]
    kl_div: 0.33923593070554486 +/- 0.2762226621649545
    expected_dist: [1.9999990e-01 1.9999990e-01 1.9999990e-01 1.0000003e-08 1.9999990e-01
 1.9999990e-01] +/- [1.1920929e-07 1.1920929e-07 1.1920929e-07 4.4408921e-15 1.1920929e-07
 1.1920929e-07]
