biased_point
  tvd_auc: 0.0 +/- 0.0
  When you flip coins, they land on heads 60% of the time.
    all_seq_probs: [[0.69376706 0.30623294]] +/- [[0.34534569 0.34534569]]
    choice_probs: [0.69376706 0.30623294] +/- [0.34534569 0.34534569]
    tvd: 0.33628104126732794 +/- 0.12235591121429244
    expected_dist: [0.6        0.40000096] +/- [0.00000e+00 9.23872e-07]
    kl_div: 0.6516644201595336 +/- 0.4812026871820243
unconditional_point
  all_seq_probs: [[0.55685712 0.44314289]] +/- [[0.47406595 0.47406594]]
  choice_probs: [0.55685712 0.44314289] +/- [0.47406595 0.47406594]
  tvd: 0.4750850422213552 +/- 0.04759679347590847
  expected_dist: [0.5 0.5] +/- [0. 0.]
  kl_div: 1.574788909137249 +/- 0.5907944050794409
