biased_point
  When I roll dice, they land on 4 80% of the time.
    choice_probs: [0.05565502 0.08643225 0.08322448 0.57510683 0.10012433 0.09945709] +/- [0.06931595 0.07212658 0.06762404 0.18036826 0.08569044 0.08308416]
    expected_dist: [0.03999999 0.03999999 0.03999999 0.7999996  0.03999999 0.03999999] +/- [2.2351742e-08 2.2351742e-08 2.2351742e-08 4.1723251e-07 2.2351742e-08
 2.2351742e-08]
    all_seq_probs: [[0.05565502 0.08643225 0.08322448 0.57510683 0.10012433 0.09945709]] +/- [[0.06931595 0.07212658 0.06762404 0.18036826 0.08569044 0.08308416]]
    tvd: 0.2680315611255355 +/- 0.1432005910431519
    kl_div: 0.24862467740604188 +/- 0.218327359599614
  tvd_auc: 0.0 +/- 0.0
