unconditional_point
  expected_dist: [0.16666663 0.16666663 0.16666663 0.16666663 0.16666663 0.16666663] +/- [5.9604645e-08 5.9604645e-08 5.9604645e-08 5.9604645e-08 5.9604645e-08
 5.9604645e-08]
  tvd: 0.32256994967348873 +/- 0.08413659797549862
  kl_div: 0.41603561369294767 +/- 0.18240355123146432
  choice_probs: [0.06022631 0.2006668  0.29565914 0.18768719 0.12485474 0.13090583] +/- [0.03217045 0.15437022 0.13844534 0.11984693 0.07897348 0.09024551]
  all_seq_probs: [[0.06022631 0.2006668  0.29565914 0.18768719 0.12485474 0.13090583]] +/- [[0.03217045 0.15437022 0.13844534 0.11984693 0.07897348 0.09024551]]
biased_point
  When I roll dice, they land on 3 20% of the time.
    expected_dist: [0.15999995 0.15999995 0.1999999  0.15999995 0.15999995 0.15999995] +/- [8.9406967e-08 8.9406967e-08 1.3411045e-07 8.9406967e-08 8.9406967e-08
 8.9406967e-08]
    tvd: 0.2188683239929378 +/- 0.08100627612553066
    kl_div: 0.19372178739577067 +/- 0.14647361293423497
    choice_probs: [0.11989131 0.26236252 0.18865285 0.17734129 0.13314056 0.11861147] +/- [0.05625379 0.13554277 0.06559566 0.08139394 0.0782547  0.04828617]
    all_seq_probs: [[0.11989131 0.26236252 0.18865285 0.17734129 0.13314056 0.11861147]] +/- [[0.05625379 0.13554277 0.06559566 0.08139394 0.0782547  0.04828617]]
  tvd_auc: 0.0 +/- 0.0
