biased_point
  When you roll dice, they land on 4 80% of the time.
    all_seq_probs: [[0.05741727 0.13879996 0.10159659 0.5382396  0.10379685 0.06014973]] +/- [[0.04254737 0.16568068 0.07760824 0.28277056 0.08421431 0.04360897]]
    expected_dist: [0.03999997 0.03999997 0.03999997 0.8000019  0.03999997 0.03999997] +/- [4.0978193e-08 4.0978193e-08 4.0978193e-08 1.9073486e-06 4.0978193e-08
 4.0978193e-08]
    kl_div: 0.4439385033620638 +/- 0.6452585749878977
    tvd: 0.3002071836981922 +/- 0.2560680596803673
    choice_probs: [0.05741727 0.13879996 0.10159659 0.5382396  0.10379685 0.06014973] +/- [0.04254737 0.16568068 0.07760824 0.28277056 0.08421431 0.04360897]
  tvd_auc: 0.0 +/- 0.0
