biased_point
  tvd_auc: 0.0 +/- 0.0
  When you roll dice, they land on 5 0% of the time.
    expected_dist: [2.0000048e-01 2.0000048e-01 2.0000048e-01 2.0000048e-01 9.9999795e-09
 2.0000048e-01] +/- [4.6193600e-07 4.6193600e-07 4.6193600e-07 4.6193600e-07 1.8651747e-14
 4.6193600e-07]
    choice_probs: [0.06265981 0.25167211 0.18585457 0.15905001 0.23616619 0.10459732] +/- [0.04425596 0.28307929 0.16312008 0.12445202 0.18850886 0.07414291]
    all_seq_probs: [[0.06265981 0.25167211 0.18585457 0.15905001 0.23616619 0.10459732]] +/- [[0.04425596 0.28307929 0.16312008 0.12445202 0.18850886 0.07414291]]
    tvd: 0.46875762695881257 +/- 0.1336723140784619
    kl_div: 0.9332508448325073 +/- 0.4502174737304365
