unconditional_point
  choice_probs: [0.0258282  0.29484506 0.21099929 0.18845019 0.21971297 0.06016429] +/- [0.01985462 0.24795077 0.14917766 0.1197536  0.17679787 0.06465861]
  all_seq_probs: [[0.0258282  0.29484506 0.21099929 0.18845019 0.21971297 0.06016429]] +/- [[0.01985462 0.24795077 0.14917766 0.1197536  0.17679787 0.06465861]]
  expected_dist: [0.16666676 0.16666676 0.16666676 0.16666676 0.16666676 0.16666676] +/- [7.4505806e-08 7.4505806e-08 7.4505806e-08 7.4505806e-08 7.4505806e-08
 7.4505806e-08]
  kl_div: 0.9166283581529279 +/- 0.46303191058726595
  tvd: 0.41740028645942223 +/- 0.11818049418830762
biased_point
  tvd_auc: 0.0 +/- 0.0
  When you roll dice, they land on 4 20% of the time.
    choice_probs: [0.09078025 0.27170018 0.11968239 0.23171098 0.15657376 0.12955245] +/- [0.05762376 0.27776317 0.10071923 0.18658921 0.14569214 0.10117872]
    all_seq_probs: [[0.09078025 0.27170018 0.11968239 0.23171098 0.15657376 0.12955245]] +/- [[0.05762376 0.27776317 0.10071923 0.18658921 0.14569214 0.10117872]]
    expected_dist: [0.15999988 0.15999988 0.15999988 0.20000048 0.15999988 0.15999988] +/- [1.3411045e-07 1.3411045e-07 1.3411045e-07 4.6193600e-07 1.3411045e-07
 1.3411045e-07]
    kl_div: 0.5498543282627288 +/- 0.5676567688762345
    tvd: 0.3484113658454735 +/- 0.183348163884582
