biased_point
  tvd_auc: 0.0 +/- 0.0
  When I roll dice, they land on 4 20% of the time.
    expected_dist: [0.15999994 0.15999994 0.15999994 0.1999999  0.15999994 0.15999994] +/- [7.4505806e-08 7.4505806e-08 7.4505806e-08 1.1920929e-07 7.4505806e-08
 7.4505806e-08]
    tvd: 0.09230949049349874 +/- 0.07163319846697556
    all_seq_probs: [[0.13475231 0.18484013 0.1625427  0.21939794 0.15782033 0.1406466 ]] +/- [[0.04328154 0.03687968 0.02596908 0.04551164 0.04695598 0.04883962]]
    kl_div: 0.05978320416761562 +/- 0.1333414953836944
    choice_probs: [0.13475231 0.18484013 0.1625427  0.21939794 0.15782033 0.1406466 ] +/- [0.04328154 0.03687968 0.02596908 0.04551164 0.04695598 0.04883962]
