biased_point
  When I roll dice, they land on 3 20% of the time.
    tvd: 0.26054458434693517 +/- 0.14168931820579686
    kl_div: 0.24279779012256766 +/- 0.22658464396483538
    all_seq_probs: [[0.11216818 0.27822965 0.27958738 0.10505975 0.12944066 0.09551438]] +/- [[0.03677084 0.18609445 0.13942243 0.04946518 0.11534751 0.0466643 ]]
    choice_probs: [0.11216818 0.27822965 0.27958738 0.10505975 0.12944066 0.09551438] +/- [0.03677084 0.18609445 0.13942243 0.04946518 0.11534751 0.0466643 ]
    expected_dist: [0.15999995 0.15999995 0.1999999  0.15999995 0.15999995 0.15999995] +/- [8.9406967e-08 8.9406967e-08 1.3411045e-07 8.9406967e-08 8.9406967e-08
 8.9406967e-08]
  tvd_auc: 0.0 +/- 0.0
unconditional_point
  tvd: 0.16036915009841324 +/- 0.09118916993214034
  kl_div: 0.11753806036751485 +/- 0.130009337670577
  all_seq_probs: [[0.14449519 0.20433546 0.17550881 0.17004827 0.16687603 0.13873624]] +/- [[0.04299941 0.1362164  0.0568624  0.06560843 0.069526   0.04777609]]
  choice_probs: [0.14449519 0.20433546 0.17550881 0.17004827 0.16687603 0.13873624] +/- [0.04299941 0.1362164  0.0568624  0.06560843 0.069526   0.04777609]
  expected_dist: [0.16666663 0.16666663 0.16666663 0.16666663 0.16666663 0.16666663] +/- [5.9604645e-08 5.9604645e-08 5.9604645e-08 5.9604645e-08 5.9604645e-08
 5.9604645e-08]
