biased_point
  tvd_auc: 0.0 +/- 0.0
  When you roll dice, they land on 1 80% of the time.
    choice_probs: [0.59424233 0.10156672 0.07625229 0.06349515 0.06738572 0.09705778] +/- [0.27402277 0.08253575 0.07379827 0.05668944 0.05040635 0.1029424 ]
    expected_dist: [0.8000019  0.03999997 0.03999997 0.03999997 0.03999997 0.03999997] +/- [1.9669533e-06 4.0978193e-08 4.0978193e-08 4.0978193e-08 4.0978193e-08
 4.0978193e-08]
    all_seq_probs: [[0.59424233 0.10156672 0.07625229 0.06349515 0.06738572 0.09705778]] +/- [[0.27402277 0.08253575 0.07379827 0.05668944 0.05040635 0.1029424 ]]
    tvd: 0.3006308895358234 +/- 0.17664883692103514
    kl_div: 0.390905575484765 +/- 0.3409581858937856
