biased_point
  When I roll dice, they land on 1 20% of the time.
    choice_probs: [0.20897693 0.20768719 0.1708198  0.1300319  0.13273476 0.14974941] +/- [0.10480743 0.1195887  0.10387197 0.13533585 0.06492865 0.08494592]
    tvd: 0.2294002902833745 +/- 0.12579944526558112
    all_seq_probs: [[0.20897693 0.20768719 0.1708198  0.1300319  0.13273476 0.14974941]] +/- [[0.10480743 0.1195887  0.10387197 0.13533585 0.06492865 0.08494592]]
    expected_dist: [0.1999999  0.15999995 0.15999995 0.15999995 0.15999995 0.15999995] +/- [1.3411045e-07 8.9406967e-08 8.9406967e-08 8.9406967e-08 8.9406967e-08
 8.9406967e-08]
    kl_div: 0.21338291920925256 +/- 0.2936971159432741
  tvd_auc: 0.0 +/- 0.0
unconditional_point
  choice_probs: [0.13993264 0.22024113 0.21984081 0.15360433 0.12382215 0.14255894] +/- [0.09619005 0.17159732 0.1472647  0.15680645 0.09482612 0.0971279 ]
  tvd: 0.3169945634715259 +/- 0.13177262198863274
  all_seq_probs: [[0.13993264 0.22024113 0.21984081 0.15360433 0.12382215 0.14255894]] +/- [[0.09619005 0.17159732 0.1472647  0.15680645 0.09482612 0.0971279 ]]
  expected_dist: [0.16666663 0.16666663 0.16666663 0.16666663 0.16666663 0.16666663] +/- [5.9604645e-08 5.9604645e-08 5.9604645e-08 5.9604645e-08 5.9604645e-08
 5.9604645e-08]
  kl_div: 0.4271108327805996 +/- 0.36096373212292426
