biased_point
  tvd_auc: 0.0 +/- 0.0
  When you roll dice, they land on 2 80% of the time.
    tvd: 0.34677772146090863 +/- 0.26824275767771044
    expected_dist: [0.03999997 0.8000019  0.03999997 0.03999997 0.03999997 0.03999997] +/- [4.0978193e-08 1.9669533e-06 4.0978193e-08 4.0978193e-08 4.0978193e-08
 4.0978193e-08]
    all_seq_probs: [[0.14462335 0.53605849 0.13900037 0.0687046  0.03841751 0.07198241]] +/- [[0.14544834 0.32561993 0.1855124  0.10234869 0.04903073 0.12212753]]
    choice_probs: [0.14462335 0.53605849 0.13900037 0.0687046  0.03841751 0.07198241] +/- [0.14544834 0.32561993 0.1855124  0.10234869 0.04903073 0.12212753]
    kl_div: 0.8885870829158885 +/- 1.348381961639115
