biased_point
  When I roll dice, they land on 1 100% of the time.
    expected_dist: [1.0000000e+00 1.0000003e-08 1.0000003e-08 1.0000003e-08 1.0000003e-08
 1.0000003e-08] +/- [0.000000e+00 4.440892e-15 4.440892e-15 4.440892e-15 4.440892e-15
 4.440892e-15]
    choice_probs: [0.91640678 0.04536728 0.00927807 0.00630045 0.00789566 0.01475176] +/- [0.04364359 0.02344015 0.00511989 0.00330656 0.00451267 0.00949477]
    kl_div: 0.08848556188709863 +/- 0.04942920773970945
    tvd: 0.08359319626023932 +/- 0.043643592373432544
    all_seq_probs: [[0.91640678 0.04536728 0.00927807 0.00630045 0.00789566 0.01475176]] +/- [[0.04364359 0.02344015 0.00511989 0.00330656 0.00451267 0.00949477]]
  tvd_auc: 0.0 +/- 0.0
