biased_point
  When you roll dice, they land on 1 40% of the time.
    kl_div: 1.7085428682679775 +/- 1.003965769618875
    choice_probs: [0.17489896 0.16325206 0.14957645 0.21433631 0.0585978  0.23933842] +/- [0.24687443 0.1764062  0.18149585 0.25457252 0.10700576 0.24493274]
    tvd: 0.5436330785682816 +/- 0.13308703847800651
    all_seq_probs: [[0.17489896 0.16325206 0.14957645 0.21433631 0.0585978  0.23933842]] +/- [[0.24687443 0.1764062  0.18149585 0.25457252 0.10700576 0.24493274]]
    expected_dist: [0.40000096 0.12000033 0.12000033 0.12000033 0.12000033 0.12000033] +/- [9.2387199e-07 3.3527613e-07 3.3527613e-07 3.3527613e-07 3.3527613e-07
 3.3527613e-07]
  tvd_auc: 0.0 +/- 0.0
