biased_point
  When I roll dice, they land on 6 60% of the time.
    expected_dist: [0.07999997 0.07999997 0.07999997 0.07999997 0.07999997 0.60000026] +/- [2.9802322e-08 2.9802322e-08 2.9802322e-08 2.9802322e-08 2.9802322e-08
 2.3841858e-07]
    choice_probs: [0.10022446 0.1193165  0.12145153 0.10633685 0.15503318 0.39763746] +/- [0.06200148 0.08722572 0.08085829 0.05599664 0.05881533 0.22230259]
    kl_div: 0.25636740093585103 +/- 0.19199859020749613
    tvd: 0.28836094150319697 +/- 0.1264051530115941
    all_seq_probs: [[0.10022446 0.1193165  0.12145153 0.10633685 0.15503318 0.39763746]] +/- [[0.06200148 0.08722572 0.08085829 0.05599664 0.05881533 0.22230259]]
  tvd_auc: 0.0 +/- 0.0
