biased_point
  tvd_auc: 0.0 +/- 0.0
  When I roll dice, they land on 1 20% of the time.
    tvd: 0.04800593577325344 +/- 0.021309813215944568
    all_seq_probs: [[0.18194172 0.15557449 0.15936897 0.16421624 0.16912957 0.16976903]] +/- [[0.02328353 0.01785352 0.01315545 0.01761248 0.01301159 0.02550832]]
    choice_probs: [0.18194172 0.15557449 0.15936897 0.16421624 0.16912957 0.16976903] +/- [0.02328353 0.01785352 0.01315545 0.01761248 0.01301159 0.02550832]
    expected_dist: [0.1999999  0.15999995 0.15999995 0.15999995 0.15999995 0.15999995] +/- [1.3411045e-07 8.9406967e-08 8.9406967e-08 8.9406967e-08 8.9406967e-08
 8.9406967e-08]
    kl_div: 0.008105607698671519 +/- 0.007761630812376133
