biased_point
  When I roll dice, they land on 1 40% of the time.
    choice_probs: [0.25260476 0.17648044 0.14284796 0.13643447 0.13478002 0.15685234] +/- [0.11601105 0.06083861 0.06273705 0.05791612 0.06845411 0.07434379]
    tvd: 0.2224746453948319 +/- 0.06962783592115576
    expected_dist: [0.3999998  0.11999992 0.11999992 0.11999992 0.11999992 0.11999992] +/- [2.3841858e-07 7.4505806e-08 7.4505806e-08 7.4505806e-08 7.4505806e-08
 7.4505806e-08]
    all_seq_probs: [[0.25260476 0.17648044 0.14284796 0.13643447 0.13478002 0.15685234]] +/- [[0.11601105 0.06083861 0.06273705 0.05791612 0.06845411 0.07434379]]
    kl_div: 0.15862865428440273 +/- 0.10945793979502037
  tvd_auc: 0.0 +/- 0.0
