biased_point
  When I roll dice, they land on 3 80% of the time.
    kl_div: 0.1525238801039086 +/- 0.1707019276698643
    choice_probs: [0.05447643 0.07205258 0.62238822 0.09825077 0.08057744 0.07225456] +/- [0.03592555 0.04278909 0.17257116 0.06252877 0.05280494 0.05161566]
    tvd: 0.2049550001695752 +/- 0.14175465503742588
    all_seq_probs: [[0.05447643 0.07205258 0.62238822 0.09825077 0.08057744 0.07225456]] +/- [[0.03592555 0.04278909 0.17257116 0.06252877 0.05280494 0.05161566]]
    expected_dist: [0.03999999 0.03999999 0.7999996  0.03999999 0.03999999 0.03999999] +/- [2.2351742e-08 2.2351742e-08 4.1723251e-07 2.2351742e-08 2.2351742e-08
 2.2351742e-08]
  tvd_auc: 0.0 +/- 0.0
