biased_point
  When I roll dice, they land on 1 80% of the time.
    kl_div: 0.11722866390889976 +/- 0.13949565265158503
    all_seq_probs: [[0.63706149 0.08448475 0.07045048 0.05926185 0.07027366 0.07846778]] +/- [[0.15673685 0.03182903 0.02867991 0.02976255 0.03653138 0.04773937]]
    choice_probs: [0.63706149 0.08448475 0.07045048 0.05926185 0.07027366 0.07846778] +/- [0.15673685 0.03182903 0.02867991 0.02976255 0.03653138 0.04773937]
    expected_dist: [0.7999996  0.03999999 0.03999999 0.03999999 0.03999999 0.03999999] +/- [3.5762787e-07 2.2351742e-08 2.2351742e-08 2.2351742e-08 2.2351742e-08
 2.2351742e-08]
    tvd: 0.17890716125257314 +/- 0.1392310911210905
  tvd_auc: 0.0 +/- 0.0
