biased_point
  When you roll dice, they land on 1 80% of the time.
    all_seq_probs: [[0.63831449 0.05506571 0.05897058 0.02793196 0.04463622 0.17508105]] +/- [[0.29614004 0.08807677 0.12476318 0.05001865 0.07250887 0.19854107]]
    kl_div: 0.637546356141138 +/- 0.6465768251050849
    tvd: 0.3060494442041932 +/- 0.22323448320008915
    choice_probs: [0.63831449 0.05506571 0.05897058 0.02793196 0.04463622 0.17508105] +/- [0.29614004 0.08807677 0.12476318 0.05001865 0.07250887 0.19854107]
    expected_dist: [0.8000019  0.03999997 0.03999997 0.03999997 0.03999997 0.03999997] +/- [1.9669533e-06 4.0978193e-08 4.0978193e-08 4.0978193e-08 4.0978193e-08
 4.0978193e-08]
  tvd_auc: 0.0 +/- 0.0
