biased_point
  tvd_auc: 0.0 +/- 0.0
  When you roll dice, they land on 3 80% of the time.
    all_seq_probs: [[0.00773189 0.0191813  0.64853858 0.10402991 0.08806943 0.1324489 ]] +/- [[0.03168792 0.05589284 0.42251963 0.16262451 0.15186507 0.20702063]]
    tvd: 0.39502508002775716 +/- 0.2841382685436588
    expected_dist: [0.03999997 0.03999997 0.8000019  0.03999997 0.03999997 0.03999997] +/- [4.0978193e-08 4.0978193e-08 1.9073486e-06 4.0978193e-08 4.0978193e-08
 4.0978193e-08]
    kl_div: 1.800046814935049 +/- 1.508790528902938
    choice_probs: [0.00773189 0.0191813  0.64853858 0.10402991 0.08806943 0.1324489 ] +/- [0.03168792 0.05589284 0.42251963 0.16262451 0.15186507 0.20702063]
