biased_point
  When I roll dice, they land on 4 20% of the time.
    all_seq_probs: [[0.12226721 0.16393383 0.15356877 0.22903961 0.17482277 0.15636782]] +/- [[0.06507089 0.07615247 0.05437315 0.09557484 0.09535637 0.07842761]]
    kl_div: 0.12653445188712795 +/- 0.08748997322716791
    choice_probs: [0.12226721 0.16393383 0.15356877 0.22903961 0.17482277 0.15636782] +/- [0.06507089 0.07615247 0.05437315 0.09557484 0.09535637 0.07842761]
    tvd: 0.19003737669438123 +/- 0.06828824778942277
    expected_dist: [0.15999994 0.15999994 0.15999994 0.1999999  0.15999994 0.15999994] +/- [7.4505806e-08 7.4505806e-08 7.4505806e-08 1.1920929e-07 7.4505806e-08
 7.4505806e-08]
  tvd_auc: 0.0 +/- 0.0
