biased_point
  tvd_auc: 0.0 +/- 0.0
  When I roll dice, they land on 3 100% of the time.
    all_seq_probs: [[0.01133846 0.0052422  0.96892502 0.00368504 0.00167405 0.00913525]] +/- [[0.00333885 0.00183037 0.01077557 0.00118159 0.00059971 0.00496873]]
    choice_probs: [0.01133846 0.0052422  0.96892502 0.00368504 0.00167405 0.00913525] +/- [0.00333885 0.00183037 0.01077557 0.00118159 0.00059971 0.00496873]
    kl_div: 0.0316295001588918 +/- 0.011157152789600156
    tvd: 0.031074961286698777 +/- 0.010775579172463757
    expected_dist: [1.0000003e-08 1.0000003e-08 1.0000000e+00 1.0000003e-08 1.0000003e-08
 1.0000003e-08] +/- [4.440892e-15 4.440892e-15 0.000000e+00 4.440892e-15 4.440892e-15
 4.440892e-15]
