biased_point
  tvd_auc: 0.0 +/- 0.0
  When you roll dice, they land on 4 40% of the time.
    all_seq_probs: [[0.05095282 0.13794423 0.2369029  0.13317665 0.17030499 0.27071841]] +/- [[0.08768196 0.15018183 0.20859124 0.25223139 0.18809902 0.23376328]]
    expected_dist: [0.12000033 0.12000033 0.12000033 0.40000096 0.12000033 0.12000033] +/- [3.3527613e-07 3.3527613e-07 3.3527613e-07 9.2387199e-07 3.3527613e-07
 3.3527613e-07]
    tvd: 0.5475955980427828 +/- 0.126565221366472
    kl_div: 1.9410656482675113 +/- 1.3174913810008684
    choice_probs: [0.05095282 0.13794423 0.2369029  0.13317665 0.17030499 0.27071841] +/- [0.08768196 0.15018183 0.20859124 0.25223139 0.18809902 0.23376328]
