biased_point
  tvd_auc: 0.0 +/- 0.0
  When I roll dice, they land on 5 0% of the time.
    kl_div: 0.1900259634453397 +/- 0.01574740479736654
    all_seq_probs: [[0.16031898 0.17248291 0.17041838 0.16642843 0.16452417 0.16582714]] +/- [[0.02446032 0.01797378 0.01980831 0.02007845 0.01245396 0.03005533]]
    tvd: 0.16993450789832687 +/- 0.01409310780449338
    choice_probs: [0.16031898 0.17248291 0.17041838 0.16642843 0.16452417 0.16582714] +/- [0.02446032 0.01797378 0.01980831 0.02007845 0.01245396 0.03005533]
    expected_dist: [1.9999990e-01 1.9999990e-01 1.9999990e-01 1.9999990e-01 1.0000003e-08
 1.9999990e-01] +/- [1.1920929e-07 1.1920929e-07 1.1920929e-07 1.1920929e-07 4.4408921e-15
 1.1920929e-07]
