biased_point
  When I roll dice, they land on 3 40% of the time.
    choice_probs: [0.12456156 0.18931096 0.25399766 0.15864643 0.13656862 0.13691479] +/- [0.09335357 0.07976025 0.14620835 0.0707152  0.07982043 0.06377722]
    all_seq_probs: [[0.12456156 0.18931096 0.25399766 0.15864643 0.13656862 0.13691479]] +/- [[0.09335357 0.07976025 0.14620835 0.0707152  0.07982043 0.06377722]]
    kl_div: 0.2098009646020364 +/- 0.13747915278616027
    expected_dist: [0.11999992 0.11999992 0.3999998  0.11999992 0.11999992 0.11999992] +/- [7.4505806e-08 7.4505806e-08 2.3841858e-07 7.4505806e-08 7.4505806e-08
 7.4505806e-08]
    tvd: 0.2568962609581649 +/- 0.08721533537628334
  tvd_auc: 0.0 +/- 0.0
