biased_point
  tvd_auc: 0.0 +/- 0.0
  When you roll dice, they land on 6 40% of the time.
    tvd: 0.673601714715311 +/- 0.17417578664332495
    all_seq_probs: [[0.03922062 0.21777376 0.15257748 0.38487521 0.09189949 0.11365344]] +/- [[0.08561781 0.28717531 0.25856421 0.43017903 0.15924923 0.2001516 ]]
    kl_div: 3.429125610427931 +/- 2.0768513186375857
    expected_dist: [0.12000033 0.12000033 0.12000033 0.12000033 0.12000033 0.40000096] +/- [3.3527613e-07 3.3527613e-07 3.3527613e-07 3.3527613e-07 3.3527613e-07
 9.2387199e-07]
    choice_probs: [0.03922062 0.21777376 0.15257748 0.38487521 0.09189949 0.11365344] +/- [0.08561781 0.28717531 0.25856421 0.43017903 0.15924923 0.2001516 ]
