biased_point
  tvd_auc: 0.0 +/- 0.0
  When you roll dice, they land on 1 40% of the time.
    expected_dist: [0.40000096 0.12000033 0.12000033 0.12000033 0.12000033 0.12000033] +/- [9.2387199e-07 3.3527613e-07 3.3527613e-07 3.3527613e-07 3.3527613e-07
 3.3527613e-07]
    kl_div: 0.915624320743198 +/- 1.2594846834150755
    all_seq_probs: [[0.15167715 0.18747825 0.16977423 0.15342566 0.13691423 0.20073049]] +/- [[0.22042784 0.11982786 0.12610141 0.18870801 0.11631615 0.14696203]]
    tvd: 0.4315567058542788 +/- 0.1437741646075571
    choice_probs: [0.15167715 0.18747825 0.16977423 0.15342566 0.13691423 0.20073049] +/- [0.22042784 0.11982786 0.12610141 0.18870801 0.11631615 0.14696203]
