biased_point
  When I flip coins they land on heads 70% of the time.
    all_seq_probs: [[0.6425     0.36791504]] +/- [[0.22225463 0.21807118]]
    kl_div: 0.21791863471269607 +/- 0.23284586526604972
    expected_dist: [0.7000003  0.30000013] +/- [2.9802322e-07 1.1920929e-07]
    tvd: 0.22529247522354126 +/- 0.04057247967827374
    choice_probs: [0.6425     0.36791504] +/- [0.22225463 0.21807118]
  tvd_auc: 0.0 +/- 0.0
