biased_point
  When I roll dice, they land on 1 80% of the time.
    kl_div: 0.5464962611091323 +/- 0.396193772485542
    choice_probs: [0.38165455 0.18874146 0.12470694 0.08105258 0.07220778 0.15163668] +/- [0.20069548 0.07679182 0.08218271 0.04769922 0.03928503 0.12466807]
    tvd: 0.4274670834466815 +/- 0.18653395841857578
    all_seq_probs: [[0.38165455 0.18874146 0.12470694 0.08105258 0.07220778 0.15163668]] +/- [[0.20069548 0.07679182 0.08218271 0.04769922 0.03928503 0.12466807]]
    expected_dist: [0.7999996  0.03999999 0.03999999 0.03999999 0.03999999 0.03999999] +/- [3.5762787e-07 2.2351742e-08 2.2351742e-08 2.2351742e-08 2.2351742e-08
 2.2351742e-08]
  tvd_auc: 0.0 +/- 0.0
