unconditional_point
  all_seq_probs: [[0.66735498 0.33264502]] +/- [[0.20130047 0.20130047]]
  expected_dist: [0.5 0.5] +/- [0. 0.]
  choice_probs: [0.66735498 0.33264502] +/- [0.20130047 0.20130047]
  kl_div: 0.1970475576519966 +/- 0.20976227585610163
  tvd: 0.2293641485385597 +/- 0.12618103707852543
biased_point
  When you flip coins, they land on heads 40% of the time.
    all_seq_probs: [[0.62286276 0.37713725]] +/- [[0.1260958  0.12609581]]
    expected_dist: [0.40000096 0.6       ] +/- [9.23872e-07 0.00000e+00]
    choice_probs: [0.62286276 0.37713725] +/- [0.1260958  0.12609581]
    kl_div: 0.1435860172268003 +/- 0.11304713850547746
    tvd: 0.2310866146683693 +/- 0.110303827675833
  tvd_auc: 0.0 +/- 0.0
