biased_point
  tvd_auc: 0.0 +/- 0.0
  When you flip coins, they land on heads 10% of the time.
    kl_div: 0.8764857758639846 +/- 0.7478656060256562
    choice_probs: [0.64174445 0.35825555] +/- [0.20271823 0.20271823]
    all_seq_probs: [[0.64174445 0.35825555]] +/- [[0.20271823 0.20271823]]
    expected_dist: [0.10000024 0.899998  ] +/- [2.3841858e-07 1.9669533e-06]
    tvd: 0.5417444362305105 +/- 0.20271822762172786
unconditional_point
  kl_div: 0.4393009882569313 +/- 0.46045078641825266
  choice_probs: [0.82427377 0.17572622] +/- [0.10550715 0.10550714]
  all_seq_probs: [[0.82427377 0.17572622]] +/- [[0.10550715 0.10550714]]
  expected_dist: [0.5 0.5] +/- [0. 0.]
  tvd: 0.3274832043135539 +/- 0.09507886829650644
