biased_point
  When I roll dice, they land on 1 40% of the time.
    choice_probs: [0.25850607 0.15875798 0.14337482 0.16063565 0.13989185 0.13883363] +/- [0.07317648 0.02055069 0.0250853  0.0211979  0.03229542 0.02430242]
    all_seq_probs: [[0.25850607 0.15875798 0.14337482 0.16063565 0.13989185 0.13883363]] +/- [[0.07317648 0.02055069 0.0250853  0.0211979  0.03229542 0.02430242]]
    expected_dist: [0.3999998  0.11999992 0.11999992 0.11999992 0.11999992 0.11999992] +/- [2.3841858e-07 7.4505806e-08 7.4505806e-08 7.4505806e-08 7.4505806e-08
 7.4505806e-08]
    kl_div: 0.07263375327194808 +/- 0.04516520613248855
    tvd: 0.15612857908010483 +/- 0.052806995131251415
  tvd_auc: 0.0 +/- 0.0
