biased_point
  When I roll dice, they land on 1 100% of the time.
    all_seq_probs: [[0.9779076  0.01347521 0.00191562 0.00150331 0.00206734 0.00313092]] +/- [[0.00758805 0.00479349 0.00066621 0.00054278 0.00072052 0.0017108 ]]
    kl_div: 0.022369706804422976 +/- 0.007785671711319048
    expected_dist: [1.0000000e+00 1.0000003e-08 1.0000003e-08 1.0000003e-08 1.0000003e-08
 1.0000003e-08] +/- [0.000000e+00 4.440892e-15 4.440892e-15 4.440892e-15 4.440892e-15
 4.440892e-15]
    tvd: 0.02209237309192245 +/- 0.007588049687723622
    choice_probs: [0.9779076  0.01347521 0.00191562 0.00150331 0.00206734 0.00313092] +/- [0.00758805 0.00479349 0.00066621 0.00054278 0.00072052 0.0017108 ]
  tvd_auc: 0.0 +/- 0.0
