biased_point
  When you roll dice, they land on 4 80% of the time.
    all_seq_probs: [[0.15714902 0.1769475  0.09307311 0.26677099 0.08720665 0.21885274]] +/- [[0.19797146 0.28783555 0.14838078 0.30183034 0.13563549 0.24661067]]
    expected_dist: [0.03999997 0.03999997 0.03999997 0.8000019  0.03999997 0.03999997] +/- [4.0978193e-08 4.0978193e-08 4.0978193e-08 1.9073486e-06 4.0978193e-08
 4.0978193e-08]
    tvd: 0.6078823191971664 +/- 0.2783274315395543
    choice_probs: [0.15714902 0.1769475  0.09307311 0.26677099 0.08720665 0.21885274] +/- [0.19797146 0.28783555 0.14838078 0.30183034 0.13563549 0.24661067]
    kl_div: 2.3733011585605857 +/- 3.1258883234291264
  tvd_auc: 0.0 +/- 0.0
