biased_point
  tvd_auc: 0.0 +/- 0.0
  When I roll dice, they land on 2 20% of the time.
    choice_probs: [0.12878092 0.3777898  0.12077526 0.15244464 0.10701602 0.11319336] +/- [0.04103096 0.2033001  0.04735611 0.13538614 0.06026457 0.06161622]
    kl_div: 0.23687696670880543 +/- 0.2560847633072397
    all_seq_probs: [[0.12878092 0.3777898  0.12077526 0.15244464 0.10701602 0.11319336]] +/- [[0.04103096 0.2033001  0.04735611 0.13538614 0.06026457 0.06161622]]
    expected_dist: [0.15999995 0.1999999  0.15999995 0.15999995 0.15999995 0.15999995] +/- [8.9406967e-08 1.3411045e-07 8.9406967e-08 8.9406967e-08 8.9406967e-08
 8.9406967e-08]
    tvd: 0.25473939945921303 +/- 0.16703193964893776
unconditional_point
  choice_probs: [0.14211192 0.17989148 0.17847288 0.18038648 0.18228583 0.13685142] +/- [0.04324757 0.10068205 0.05369038 0.06160469 0.05729521 0.04777436]
  kl_div: 0.09963409362360835 +/- 0.08900435814062804
  all_seq_probs: [[0.14211192 0.17989148 0.17847288 0.18038648 0.18228583 0.13685142]] +/- [[0.04324757 0.10068205 0.05369038 0.06160469 0.05729521 0.04777436]]
  expected_dist: [0.16666663 0.16666663 0.16666663 0.16666663 0.16666663 0.16666663] +/- [5.9604645e-08 5.9604645e-08 5.9604645e-08 5.9604645e-08 5.9604645e-08
 5.9604645e-08]
  tvd: 0.14250809974968434 +/- 0.06225982120512223
