biased_point
  tvd_auc: 0.0 +/- 0.0
  When you roll dice, they land on 3 40% of the time.
    choice_probs: [0.10988643 0.12392196 0.19969716 0.46056228 0.03931678 0.0666154 ] +/- [0.24448416 0.29584863 0.32276753 0.44585639 0.14321454 0.17858003]
    kl_div: 4.284719042186102 +/- 2.8134451223569594
    all_seq_probs: [[0.10988643 0.12392196 0.19969716 0.46056228 0.03931678 0.0666154 ]] +/- [[0.24448416 0.29584863 0.32276753 0.44585639 0.14321454 0.17858003]]
    expected_dist: [0.12000033 0.12000033 0.40000096 0.12000033 0.12000033 0.12000033] +/- [3.3527613e-07 3.3527613e-07 9.2387199e-07 3.3527613e-07 3.3527613e-07
 3.3527613e-07]
    tvd: 0.7077568054747105 +/- 0.18365815439803176
unconditional_point
  choice_probs: [0.03903851 0.08498905 0.2181763  0.11274586 0.26586391 0.27918637] +/- [0.14768767 0.20630407 0.27429344 0.15860727 0.25985469 0.27313131]
  kl_div: 2.329487504915538 +/- 1.0892446156021542
  all_seq_probs: [[0.03903851 0.08498905 0.2181763  0.11274586 0.26586391 0.27918637]] +/- [[0.14768767 0.20630407 0.27429344 0.15860727 0.25985469 0.27313131]]
  expected_dist: [0.16666676 0.16666676 0.16666676 0.16666676 0.16666676 0.16666676] +/- [7.4505806e-08 7.4505806e-08 7.4505806e-08 7.4505806e-08 7.4505806e-08
 7.4505806e-08]
  tvd: 0.5741451451138276 +/- 0.11499008454901659
