biased_point
  When you flip coins, they land on heads 100% of the time.
    expected_dist: [1.0000000e+00 9.9999795e-09] +/- [0.0000000e+00 1.8651747e-14]
    choice_probs: [0.96190544 0.03809456] +/- [0.06150145 0.06150145]
    all_seq_probs: [[0.96190544 0.03809456]] +/- [[0.06150145 0.06150145]]
    tvd: 0.038094556842271116 +/- 0.06150145226047654
    kl_div: 0.04111035104771815 +/- 0.0692286068600457
  tvd_auc: 0.0 +/- 0.0
unconditional_point
  expected_dist: [0.5 0.5] +/- [0. 0.]
  choice_probs: [0.0544438  0.94555621] +/- [0.0314877 0.0314877]
  all_seq_probs: [[0.0544438  0.94555621]] +/- [[0.0314877 0.0314877]]
  tvd: 0.4455562044959515 +/- 0.031487699817499985
  kl_div: 0.8841527737379075 +/- 0.3132078128867271
