biased_point
  When I roll dice, they land on 4 40% of the time.
    expected_dist: [0.11999992 0.11999992 0.11999992 0.3999998  0.11999992 0.11999992] +/- [7.4505806e-08 7.4505806e-08 7.4505806e-08 2.3841858e-07 7.4505806e-08
 7.4505806e-08]
    choice_probs: [0.12204282 0.1518696  0.1420796  0.27428201 0.13439286 0.1753331 ] +/- [0.07019124 0.08907932 0.07314689 0.17008414 0.09861434 0.09596553]
    tvd: 0.2533406238351017 +/- 0.11526481108627762
    all_seq_probs: [[0.12204282 0.1518696  0.1420796  0.27428201 0.13439286 0.1753331 ]] +/- [[0.07019124 0.08907932 0.07314689 0.17008414 0.09861434 0.09596553]]
    kl_div: 0.24998763048439288 +/- 0.2638896443625358
  tvd_auc: 0.0 +/- 0.0
