biased_point
  When I roll dice, they land on 6 0% of the time.
    all_seq_probs: [[0.15977066 0.18250895 0.16624403 0.13825647 0.15821253 0.19500735]] +/- [[0.11136683 0.15337297 0.1042658  0.06293994 0.08276377 0.08376577]]
    choice_probs: [0.15977066 0.18250895 0.16624403 0.13825647 0.15821253 0.19500735] +/- [0.11136683 0.15337297 0.1042658  0.06293994 0.08276377 0.08376577]
    tvd: 0.3057209236326552 +/- 0.12038981723866356
    expected_dist: [1.9999990e-01 1.9999990e-01 1.9999990e-01 1.9999990e-01 1.9999990e-01
 1.0000003e-08] +/- [1.1920929e-07 1.1920929e-07 1.1920929e-07 1.1920929e-07 1.1920929e-07
 4.4408921e-15]
    kl_div: 0.40840113359624014 +/- 0.2832201270672042
  tvd_auc: 0.0 +/- 0.0
