biased_point
  tvd_auc: 0.0 +/- 0.0
  When you roll dice, they land on 6 20% of the time.
    expected_dist: [0.15999988 0.15999988 0.15999988 0.15999988 0.15999988 0.20000048] +/- [1.6391277e-07 1.6391277e-07 1.6391277e-07 1.6391277e-07 1.6391277e-07
 4.4703484e-07]
    tvd: 0.34169796219374987 +/- 0.09928927886462388
    choice_probs: [0.06834849 0.1815716  0.14882013 0.1048185  0.16434585 0.33209544] +/- [0.07208732 0.15133779 0.11898988 0.08397189 0.11878776 0.15671402]
    all_seq_probs: [[0.06834849 0.1815716  0.14882013 0.1048185  0.16434585 0.33209544]] +/- [[0.07208732 0.15133779 0.11898988 0.08397189 0.11878776 0.15671402]]
    kl_div: 0.4267317372718026 +/- 0.2584967134886106
