biased_point
  When you roll dice, they land on 6 0% of the time.
    expected_dist: [2.0000048e-01 2.0000048e-01 2.0000048e-01 2.0000048e-01 2.0000048e-01
 9.9999795e-09] +/- [4.6193600e-07 4.6193600e-07 4.6193600e-07 4.6193600e-07 4.6193600e-07
 1.8651747e-14]
    kl_div: 0.8759410520223564 +/- 0.5337129250946344
    all_seq_probs: [[0.08900155 0.11652896 0.12538716 0.09655643 0.14989269 0.4226332 ]] +/- [[0.07286907 0.09837529 0.09872573 0.08204856 0.09252753 0.17502118]]
    choice_probs: [0.08900155 0.11652896 0.12538716 0.09655643 0.14989269 0.4226332 ] +/- [0.07286907 0.09837529 0.09872573 0.08204856 0.09252753 0.17502118]
    tvd: 0.4857626734797768 +/- 0.16696853560067196
  tvd_auc: 0.0 +/- 0.0
