biased_point
  tvd_auc: 0.0 +/- 0.0
  When I roll dice, they land on 4 0% of the time.
    all_seq_probs: [[0.18066993 0.16963373 0.16696177 0.21388878 0.15800525 0.11084053]] +/- [[0.0262266  0.08633973 0.03686208 0.03717544 0.04129525 0.06447999]]
    choice_probs: [0.18066993 0.16963373 0.16696177 0.21388878 0.15800525 0.11084053] +/- [0.0262266  0.08633973 0.03686208 0.03717544 0.04129525 0.06447999]
    expected_dist: [1.9999990e-01 1.9999990e-01 1.9999990e-01 1.0000003e-08 1.9999990e-01
 1.9999990e-01] +/- [1.1920929e-07 1.1920929e-07 1.1920929e-07 4.4408921e-15 1.1920929e-07
 1.1920929e-07]
    tvd: 0.253647807642158 +/- 0.03585841971512412
    kl_div: 0.3192909575868936 +/- 0.05258426974468883
unconditional_point
  all_seq_probs: [[0.18302278 0.19005798 0.18097009 0.19069011 0.1440602  0.11119883]] +/- [[0.04397034 0.09632762 0.04900938 0.03785361 0.05458562 0.05574874]]
  choice_probs: [0.18302278 0.19005798 0.18097009 0.19069011 0.1440602  0.11119883] +/- [0.04397034 0.09632762 0.04900938 0.03785361 0.05458562 0.05574874]
  expected_dist: [0.16666663 0.16666663 0.16666663 0.16666663 0.16666663 0.16666663] +/- [5.9604645e-08 5.9604645e-08 5.9604645e-08 5.9604645e-08 5.9604645e-08
 5.9604645e-08]
  tvd: 0.14283154465258122 +/- 0.07002036461773574
  kl_div: 0.08780915880750399 +/- 0.07871642716868367
