unconditional_point
  tvd: 0.21698796644806861 +/- 0.11580651601506514
  expected_dist: [0.5 0.5] +/- [0. 0.]
  kl_div: 0.1580916866660118 +/- 0.14577012014949303
  all_seq_probs: [[0.54466875 0.45533125]] +/- [[0.24186697 0.24186697]]
  choice_probs: [0.54466875 0.45533125] +/- [0.24186697 0.24186697]
biased_point
  tvd_auc: 0.0 +/- 0.0
  When I flip coins they land on heads 30% of the time.
    tvd: 0.3661976343765855 +/- 0.1848716670115107
    expected_dist: [0.30000013 0.7000003 ] +/- [1.1920929e-07 2.9802322e-07]
    kl_div: 0.4133482540305704 +/- 0.34470603742466893
    all_seq_probs: [[0.66004262 0.33995738]] +/- [[0.19658984 0.19658983]]
    choice_probs: [0.66004262 0.33995738] +/- [0.19658984 0.19658983]
