biased_point
  tvd_auc: 0.0 +/- 0.0
  When I flip coins they land on heads 60% of the time.
    choice_probs: [0.54762952 0.4523705 ] +/- [0.10051964 0.10051965]
    all_seq_probs: [[0.54762952 0.4523705 ]] +/- [[0.10051964 0.10051965]]
    kl_div: 0.027214398831129073 +/- 0.03507404948140777
    expected_dist: [0.60000026 0.3999998 ] +/- [2.3841858e-07 2.3841858e-07]
    tvd: 0.0909887771308422 +/- 0.06758630686998826
unconditional_point
  choice_probs: [0.56653658 0.43346343] +/- [0.09685045 0.09685045]
  all_seq_probs: [[0.56653658 0.43346343]] +/- [[0.09685045 0.09685045]]
  kl_div: 0.03101663738489151 +/- 0.05484846083743643
  expected_dist: [0.5 0.5] +/- [0. 0.]
  tvd: 0.09376124307513237 +/- 0.07082340439518557
