biased_point
  tvd_auc: 0.0 +/- 0.0
  When you roll dice, they land on 3 40% of the time.
    kl_div: 1.1142877237475768 +/- 0.6653961512237916
    expected_dist: [0.12000033 0.12000033 0.40000096 0.12000033 0.12000033 0.12000033] +/- [3.3527613e-07 3.3527613e-07 9.2387199e-07 3.3527613e-07 3.3527613e-07
 3.3527613e-07]
    choice_probs: [0.03850801 0.06600617 0.21168578 0.19949324 0.15283081 0.331476  ] +/- [0.06083305 0.08689018 0.21846858 0.21348967 0.18368534 0.22307706]
    tvd: 0.4822294870429323 +/- 0.1452810115191323
    all_seq_probs: [[0.03850801 0.06600617 0.21168578 0.19949324 0.15283081 0.331476  ]] +/- [[0.06083305 0.08689018 0.21846858 0.21348967 0.18368534 0.22307706]]
