biased_point
  tvd_auc: 0.0 +/- 0.0
  When I flip coins they land on heads 10% of the time.
    choice_probs: [0.60065632 0.39934369] +/- [0.06619029 0.0661903 ]
    kl_div: 0.5664273983240128 +/- 0.1523693289395446
    tvd: 0.5006562988460064 +/- 0.06619029805223188
    all_seq_probs: [[0.60065632 0.39934369]] +/- [[0.06619029 0.0661903 ]]
    expected_dist: [0.09999995 0.9000002 ] +/- [5.2154064e-08 2.3841858e-07]
unconditional_point
  choice_probs: [0.5122239  0.48777611] +/- [0.13831267 0.13831267]
  kl_div: 0.04531032115221024 +/- 0.07612897636082303
  tvd: 0.10408544600009918 +/- 0.09190232354540909
  all_seq_probs: [[0.5122239  0.48777611]] +/- [[0.13831267 0.13831267]]
  expected_dist: [0.5 0.5] +/- [0. 0.]
