biased_point
  When you roll dice, they land on 1 0% of the time.
    kl_div: 2.41013127178628 +/- 1.0117692493806152
    all_seq_probs: [[0.45499065 0.10142511 0.11912    0.04745516 0.07543997 0.20156912]] +/- [[0.2567946  0.16000043 0.16156305 0.06691543 0.14035494 0.18094323]]
    expected_dist: [9.9999795e-09 2.0000048e-01 2.0000048e-01 2.0000048e-01 2.0000048e-01
 2.0000048e-01] +/- [1.8651747e-14 4.6193600e-07 4.6193600e-07 4.6193600e-07 4.6193600e-07
 4.6193600e-07]
    choice_probs: [0.45499065 0.10142511 0.11912    0.04745516 0.07543997 0.20156912] +/- [0.2567946  0.16000043 0.16156305 0.06691543 0.14035494 0.18094323]
    tvd: 0.6389935488419571 +/- 0.15045425427170278
  tvd_auc: 0.0 +/- 0.0
