biased_point
  tvd_auc: 0.0 +/- 0.0
  When I flip coins they land on heads 0% of the time.
    kl_div: 3.1699998203182225 +/- 3.4615093879900014
    expected_dist: [1.0000003e-08 1.0000000e+00] +/- [4.440892e-15 0.000000e+00]
    choice_probs: [0.67195313 0.3320681 ] +/- [0.23549276 0.2381358 ]
    all_seq_probs: [[0.67195313 0.3320681 ]] +/- [[0.23549276 0.2381358 ]]
    tvd: 0.6699425075122081 +/- 0.23677429060260835
