biased_point
  tvd_auc: 0.0 +/- 0.0
  When I roll dice, they land on 4 80% of the time.
    kl_div: 0.300376102909795 +/- 0.30031022914607247
    choice_probs: [0.09410077 0.10381314 0.08546853 0.47498329 0.11087025 0.13076403] +/- [0.03562298 0.09385243 0.03888329 0.15206064 0.03308373 0.03542117]
    tvd: 0.3250503034517169 +/- 0.15200569041788076
    all_seq_probs: [[0.09410077 0.10381314 0.08546853 0.47498329 0.11087025 0.13076403]] +/- [[0.03562298 0.09385243 0.03888329 0.15206064 0.03308373 0.03542117]]
    expected_dist: [0.03999999 0.03999999 0.03999999 0.7999996  0.03999999 0.03999999] +/- [2.2351742e-08 2.2351742e-08 2.2351742e-08 4.1723251e-07 2.2351742e-08
 2.2351742e-08]
