biased_point
  When I flip coins they land on heads 40% of the time.
    tvd: 0.17627410024404525 +/- 0.09956344686247053
    all_seq_probs: [[0.52598821 0.47401178]] +/- [[0.15846895 0.15846896]]
    kl_div: 0.0884930732101202 +/- 0.08603098980267274
    choice_probs: [0.52598821 0.47401178] +/- [0.15846895 0.15846896]
    expected_dist: [0.3999998  0.60000026] +/- [2.3841858e-07 2.3841858e-07]
  tvd_auc: 0.0 +/- 0.0
unconditional_point
  tvd: 0.16530205436050893 +/- 0.10981886874190044
  all_seq_probs: [[0.465036 0.534964]] +/- [[0.19535217 0.19535218]]
  kl_div: 0.10015728414058685 +/- 0.12965064615744132
  choice_probs: [0.465036 0.534964] +/- [0.19535217 0.19535218]
  expected_dist: [0.5 0.5] +/- [0. 0.]
