biased_point
  When I roll dice, they land on 5 20% of the time.
    expected_dist: [0.15999994 0.15999994 0.15999994 0.15999994 0.1999999  0.15999994] +/- [7.4505806e-08 7.4505806e-08 7.4505806e-08 7.4505806e-08 1.1920929e-07
 7.4505806e-08]
    kl_div: 0.11296078066312475 +/- 0.1002582215760947
    tvd: 0.1787797656096518 +/- 0.07467943330962046
    all_seq_probs: [[0.14297927 0.1989311  0.14614097 0.14788492 0.21095018 0.15311357]] +/- [[0.07479182 0.09981236 0.05940087 0.06119877 0.0794457  0.06588817]]
    choice_probs: [0.14297927 0.1989311  0.14614097 0.14788492 0.21095018 0.15311357] +/- [0.07479182 0.09981236 0.05940087 0.06119877 0.0794457  0.06588817]
  tvd_auc: 0.0 +/- 0.0
