biased_point
  tvd_auc: 0.0 +/- 0.0
  When I roll dice, they land on 6 40% of the time.
    expected_dist: [0.11999992 0.11999992 0.11999992 0.11999992 0.11999992 0.3999998 ] +/- [7.4505806e-08 7.4505806e-08 7.4505806e-08 7.4505806e-08 7.4505806e-08
 2.3841858e-07]
    choice_probs: [0.13930683 0.11945349 0.12292978 0.12908051 0.13137235 0.35785701] +/- [0.01952156 0.01993967 0.01674547 0.02061793 0.0208096  0.06972316]
    kl_div: 0.019590962597867474 +/- 0.020771427626347472
    all_seq_probs: [[0.13930683 0.11945349 0.12292978 0.12908051 0.13137235 0.35785701]] +/- [[0.01952156 0.01993967 0.01674547 0.02061793 0.0208096  0.06972316]]
    tvd: 0.07687174785882235 +/- 0.04077652011563018
