biased_point
  tvd_auc: 0.0 +/- 0.0
  When you roll dice, they land on 1 60% of the time.
    expected_dist: [0.6        0.07999994 0.07999994 0.07999994 0.07999994 0.07999994] +/- [5.9604645e-08 8.1956387e-08 8.1956387e-08 8.1956387e-08 8.1956387e-08
 8.1956387e-08]
    all_seq_probs: [[0.33457493 0.16010501 0.12339153 0.09414364 0.11776719 0.1700177 ]] +/- [[0.1870716  0.0885953  0.06958325 0.05286835 0.06908465 0.09432984]]
    kl_div: 0.34597048124851426 +/- 0.3237390379572798
    tvd: 0.32678176345079557 +/- 0.11800333186942392
    choice_probs: [0.33457493 0.16010501 0.12339153 0.09414364 0.11776719 0.1700177 ] +/- [0.1870716  0.0885953  0.06958325 0.05286835 0.06908465 0.09432984]
