biased_point
  tvd_auc: 0.0 +/- 0.0
  When I roll dice, they land on 3 0% of the time.
    expected_dist: [1.9999990e-01 1.9999990e-01 1.0000003e-08 1.9999990e-01 1.9999990e-01
 1.9999990e-01] +/- [1.1920929e-07 1.1920929e-07 4.4408921e-15 1.1920929e-07 1.1920929e-07
 1.1920929e-07]
    tvd: 0.10260770111465072 +/- 0.025685632089728717
    kl_div: 0.08343126429541656 +/- 0.013304463688135195
    choice_probs: [0.19171944 0.16207352 0.06431431 0.17962731 0.1859142  0.21635121] +/- [0.02760971 0.02962888 0.0142113  0.02702819 0.02601939 0.03312168]
    all_seq_probs: [[0.19171944 0.16207352 0.06431431 0.17962731 0.1859142  0.21635121]] +/- [[0.02760971 0.02962888 0.0142113  0.02702819 0.02601939 0.03312168]]
