unconditional_point
  all_seq_probs: [[0.17986576 0.21623213 0.18168882 0.15838158 0.16540266 0.09842906]] +/- [[0.04522403 0.13448192 0.04894001 0.05719842 0.06124026 0.04195612]]
  kl_div: 0.11200378625231679 +/- 0.15366948354450405
  expected_dist: [0.16666663 0.16666663 0.16666663 0.16666663 0.16666663 0.16666663] +/- [5.9604645e-08 5.9604645e-08 5.9604645e-08 5.9604645e-08 5.9604645e-08
 5.9604645e-08]
  tvd: 0.16597507549449803 +/- 0.09754261985505344
  choice_probs: [0.17986576 0.21623213 0.18168882 0.15838158 0.16540266 0.09842906] +/- [0.04522403 0.13448192 0.04894001 0.05719842 0.06124026 0.04195612]
biased_point
  When I roll dice, they land on 3 20% of the time.
    all_seq_probs: [[0.17183092 0.21906113 0.21311084 0.13772916 0.16073781 0.09753015]] +/- [[0.03867017 0.1321432  0.05234919 0.04094078 0.07580974 0.04196448]]
    kl_div: 0.09986881355609512 +/- 0.15466464467471328
    expected_dist: [0.15999995 0.15999995 0.1999999  0.15999995 0.15999995 0.15999995] +/- [8.9406967e-08 8.9406967e-08 1.3411045e-07 8.9406967e-08 8.9406967e-08
 8.9406967e-08]
    tvd: 0.15424464749172329 +/- 0.09982478026531995
    choice_probs: [0.17183092 0.21906113 0.21311084 0.13772916 0.16073781 0.09753015] +/- [0.03867017 0.1321432  0.05234919 0.04094078 0.07580974 0.04196448]
  tvd_auc: 0.0 +/- 0.0
