biased_point
  When I roll dice, they land on 4 80% of the time.
    choice_probs: [0.06301928 0.11708401 0.13361176 0.32380949 0.17531149 0.18716396] +/- [0.06264536 0.04483969 0.03585798 0.1154788  0.05484844 0.0523135 ]
    expected_dist: [0.03999999 0.03999999 0.03999999 0.7999996  0.03999999 0.03999999] +/- [2.2351742e-08 2.2351742e-08 2.2351742e-08 4.1723251e-07 2.2351742e-08
 2.2351742e-08]
    tvd: 0.47883221907541157 +/- 0.11223296009549145
    all_seq_probs: [[0.06301928 0.11708401 0.13361176 0.32380949 0.17531149 0.18716396]] +/- [[0.06264536 0.04483969 0.03585798 0.1154788  0.05484844 0.0523135 ]]
    kl_div: 0.5684671627380885 +/- 0.29115531823085516
  tvd_auc: 0.0 +/- 0.0
