biased_point
  tvd_auc: 0.0 +/- 0.0
  When you roll dice, they land on 5 60% of the time.
    choice_probs: [0.04178832 0.14771699 0.1679495  0.12597873 0.38364912 0.13291735] +/- [0.07912277 0.14906546 0.12133836 0.08717027 0.24190079 0.12009369]
    all_seq_probs: [[0.04178832 0.14771699 0.1679495  0.12597873 0.38364912 0.13291735]] +/- [[0.07912277 0.14906546 0.12133836 0.08717027 0.24190079 0.12009369]]
    expected_dist: [0.07999994 0.07999994 0.07999994 0.07999994 0.6        0.07999994] +/- [5.9604645e-08 5.9604645e-08 5.9604645e-08 5.9604645e-08 0.0000000e+00
 5.9604645e-08]
    kl_div: 0.4826445311239804 +/- 0.3254043871515157
    tvd: 0.3673054090456571 +/- 0.15303622774405534
