unconditional_point
  choice_probs: [0.85695424 0.14304576] +/- [0.22669751 0.22669751]
  kl_div: 0.6875000441074371 +/- 0.24728263276869908
  expected_dist: [0.5 0.5] +/- [0. 0.]
  all_seq_probs: [[0.85695424 0.14304576]] +/- [[0.22669751 0.22669751]]
  tvd: 0.42067176148295404 +/- 0.04293438758833777
biased_point
  When I flip coins they land on heads 10% of the time.
    choice_probs: [0.71512591 0.28487407] +/- [0.24941434 0.24941436]
    kl_div: 1.1758489824086427 +/- 0.7190888024261759
    expected_dist: [0.09999995 0.9000002 ] +/- [5.2154064e-08 2.3841858e-07]
    all_seq_probs: [[0.71512591 0.28487407]] +/- [[0.24941434 0.24941436]]
    tvd: 0.6181579407677055 +/- 0.24180189644113353
  tvd_auc: 0.0 +/- 0.0
