biased_point
  When I roll dice, they land on 4 100% of the time.
    choice_probs: [0.00460511 0.00283772 0.00440698 0.97791151 0.00482094 0.00541774] +/- [0.00372648 0.00259761 0.00368045 0.01791246 0.0041809  0.00407464]
    kl_div: 0.022507018971437275 +/- 0.018627654283089556
    tvd: 0.022088469002823654 +/- 0.017912466166789615
    expected_dist: [1.0000003e-08 1.0000003e-08 1.0000003e-08 1.0000000e+00 1.0000003e-08
 1.0000003e-08] +/- [4.440892e-15 4.440892e-15 4.440892e-15 0.000000e+00 4.440892e-15
 4.440892e-15]
    all_seq_probs: [[0.00460511 0.00283772 0.00440698 0.97791151 0.00482094 0.00541774]] +/- [[0.00372648 0.00259761 0.00368045 0.01791246 0.0041809  0.00407464]]
  tvd_auc: 0.0 +/- 0.0
