biased_point
  When I roll dice, they land on 5 0% of the time.
    choice_probs: [0.16387686 0.16505437 0.18190729 0.15084691 0.19441592 0.14389866] +/- [0.03163597 0.0476159  0.02997191 0.03046821 0.03845308 0.05591379]
    tvd: 0.21211649826848122 +/- 0.054532687136049175
    expected_dist: [1.9999990e-01 1.9999990e-01 1.9999990e-01 1.9999990e-01 1.0000003e-08
 1.9999990e-01] +/- [1.1920929e-07 1.1920929e-07 1.1920929e-07 1.1920929e-07 4.4408921e-15
 1.1920929e-07]
    kl_div: 0.24982359062767415 +/- 0.07681267450569668
    all_seq_probs: [[0.16387686 0.16505437 0.18190729 0.15084691 0.19441592 0.14389866]] +/- [[0.03163597 0.0476159  0.02997191 0.03046821 0.03845308 0.05591379]]
  tvd_auc: 0.0 +/- 0.0
