biased_point
  When I roll dice, they land on 2 60% of the time.
    choice_probs: [0.13451999 0.38711157 0.15063586 0.1235055  0.10775961 0.09646746] +/- [0.06301098 0.15188205 0.06624119 0.06958407 0.06312423 0.07409231]
    all_seq_probs: [[0.13451999 0.38711157 0.15063586 0.1235055  0.10775961 0.09646746]] +/- [[0.06301098 0.15188205 0.06624119 0.06958407 0.06312423 0.07409231]]
    tvd: 0.27078707261942325 +/- 0.10534709170243277
    kl_div: 0.21834185978979803 +/- 0.1405042291477777
    expected_dist: [0.07999998 0.60000026 0.07999998 0.07999998 0.07999998 0.07999998] +/- [4.4703484e-08 1.7881393e-07 4.4703484e-08 4.4703484e-08 4.4703484e-08
 4.4703484e-08]
  tvd_auc: 0.0 +/- 0.0
