biased_point
  tvd_auc: 0.0 +/- 0.0
  When I roll dice, they land on 2 20% of the time.
    tvd: 0.04944811344146729 +/- 0.01632389271066315
    all_seq_probs: [[0.16848368 0.172231   0.16159035 0.1551888  0.16329793 0.17920828]] +/- [[0.01568192 0.02153976 0.01250923 0.01119717 0.01352929 0.02368473]]
    kl_div: 0.008558326484053396 +/- 0.0056487177794033745
    choice_probs: [0.16848368 0.172231   0.16159035 0.1551888  0.16329793 0.17920828] +/- [0.01568192 0.02153976 0.01250923 0.01119717 0.01352929 0.02368473]
    expected_dist: [0.15999995 0.1999999  0.15999995 0.15999995 0.15999995 0.15999995] +/- [8.9406967e-08 1.3411045e-07 8.9406967e-08 8.9406967e-08 8.9406967e-08
 8.9406967e-08]
