biased_point
  tvd_auc: 0.0 +/- 0.0
  When I flip coins they land on heads 50% of the time.
    tvd: 0.424678955078125 +/- 0.05356173569802752
    expected_dist: [0.5 0.5] +/- [0. 0.]
    choice_probs: [0.925      0.07564209] +/- [0.05420546 0.05299362]
    kl_div: 0.7445786476135254 +/- 0.2938640325590639
    all_seq_probs: [[0.925      0.07564209]] +/- [[0.05420546 0.05299362]]
