biased_point
  tvd_auc: 0.0 +/- 0.0
  When I roll dice, they land on 6 20% of the time.
    kl_div: 0.008818263474968262 +/- 0.023411315514940897
    choice_probs: [0.16567446 0.15150383 0.15141375 0.1557926  0.16304395 0.21257143] +/- [0.01776045 0.01696312 0.01358474 0.01148989 0.01325189 0.04633954]
    expected_dist: [0.15999995 0.15999995 0.15999995 0.15999995 0.15999995 0.1999999 ] +/- [8.9406967e-08 8.9406967e-08 8.9406967e-08 8.9406967e-08 8.9406967e-08
 1.3411045e-07]
    all_seq_probs: [[0.16567446 0.15150383 0.15141375 0.1557926  0.16304395 0.21257143]] +/- [[0.01776045 0.01696312 0.01358474 0.01148989 0.01325189 0.04633954]]
    tvd: 0.04192132718861103 +/- 0.03843497858764228
