biased_point
  When I roll dice, they land on 4 60% of the time.
    tvd: 0.3155820674262941 +/- 0.14061037405480334
    all_seq_probs: [[0.09859872 0.13454004 0.14372386 0.35352356 0.13875342 0.1308604 ]] +/- [[0.04429927 0.078381   0.0658709  0.23397301 0.06496984 0.05951781]]
    choice_probs: [0.09859872 0.13454004 0.14372386 0.35352356 0.13875342 0.1308604 ] +/- [0.04429927 0.078381   0.0658709  0.23397301 0.06496984 0.05951781]
    expected_dist: [0.07999997 0.07999997 0.07999997 0.60000026 0.07999997 0.07999997] +/- [2.9802322e-08 2.9802322e-08 2.9802322e-08 2.3841858e-07 2.9802322e-08
 2.9802322e-08]
    kl_div: 0.30866447715321554 +/- 0.21224079716389568
  tvd_auc: 0.0 +/- 0.0
