biased_point
  tvd_auc: 0.0 +/- 0.0
  When I roll dice, they land on 4 100% of the time.
    choice_probs: [0.0016405  0.00125368 0.00170758 0.98944686 0.00352613 0.00242523] +/- [0.00035278 0.0002537  0.00027887 0.00192054 0.00078624 0.00052972]
    all_seq_probs: [[0.0016405  0.00125368 0.00170758 0.98944686 0.00352613 0.00242523]] +/- [[0.00035278 0.0002537  0.00027887 0.00192054 0.00078624 0.00052972]]
    tvd: 0.010553105643679696 +/- 0.0019205519320109141
    expected_dist: [1.0000003e-08 1.0000003e-08 1.0000003e-08 1.0000000e+00 1.0000003e-08
 1.0000003e-08] +/- [4.440892e-15 4.440892e-15 4.440892e-15 0.000000e+00 4.440892e-15
 4.440892e-15]
    kl_div: 0.010610494858961629 +/- 0.0019427495658412884
