biased_point
  tvd_auc: 0.0 +/- 0.0
  When I roll dice, they land on 3 0% of the time.
    choice_probs: [0.16196426 0.16346443 0.16229736 0.16140125 0.17358769 0.17728503] +/- [0.02591667 0.023025   0.01599968 0.01655703 0.01669112 0.0216397 ]
    tvd: 0.1691646554985008 +/- 0.015576126141294179
    all_seq_probs: [[0.16196426 0.16346443 0.16229736 0.16140125 0.17358769 0.17728503]] +/- [[0.02591667 0.023025   0.01599968 0.01655703 0.01669112 0.0216397 ]]
    expected_dist: [1.9999990e-01 1.9999990e-01 1.0000003e-08 1.9999990e-01 1.9999990e-01
 1.9999990e-01] +/- [1.1920929e-07 1.1920929e-07 4.4408921e-15 1.1920929e-07 1.1920929e-07
 1.1920929e-07]
    kl_div: 0.1854297206430803 +/- 0.016447677948762205
