biased_point
  tvd_auc: 0.0 +/- 0.0
  When I roll dice, they land on 1 80% of the time.
    expected_dist: [0.7999996  0.03999999 0.03999999 0.03999999 0.03999999 0.03999999] +/- [3.5762787e-07 2.2351742e-08 2.2351742e-08 2.2351742e-08 2.2351742e-08
 2.2351742e-08]
    kl_div: 0.15455286307260394 +/- 0.1566437287149115
    choice_probs: [0.67375673 0.08398967 0.06949466 0.04835452 0.06440297 0.06000143] +/- [0.17802358 0.0491015  0.05331901 0.03335515 0.04532584 0.03924625]
    tvd: 0.18422205027949531 +/- 0.12346600382943618
    all_seq_probs: [[0.67375673 0.08398967 0.06949466 0.04835452 0.06440297 0.06000143]] +/- [[0.17802358 0.0491015  0.05331901 0.03335515 0.04532584 0.03924625]]
