biased_point
  tvd_auc: 0.0 +/- 0.0
  When I roll dice, they land on 5 80% of the time.
    choice_probs: [0.09782858 0.07112025 0.09043951 0.08555954 0.44525016 0.20980196] +/- [0.04857899 0.06705261 0.05136836 0.05256541 0.17636598 0.08999157]
    kl_div: 0.387847754660761 +/- 0.29447417062737385
    expected_dist: [0.03999999 0.03999999 0.03999999 0.03999999 0.7999996  0.03999999] +/- [2.2351742e-08 2.2351742e-08 2.2351742e-08 2.2351742e-08 4.1723251e-07
 2.2351742e-08]
    tvd: 0.3601505524106324 +/- 0.16922803548986895
    all_seq_probs: [[0.09782858 0.07112025 0.09043951 0.08555954 0.44525016 0.20980196]] +/- [[0.04857899 0.06705261 0.05136836 0.05256541 0.17636598 0.08999157]]
unconditional_point
  choice_probs: [0.18871681 0.17565356 0.18545556 0.18933133 0.10575801 0.15508474] +/- [0.03222798 0.05871006 0.03092059 0.02494739 0.04397051 0.05667256]
  kl_div: 0.0605183972461964 +/- 0.05522066823085432
  expected_dist: [0.16666663 0.16666663 0.16666663 0.16666663 0.16666663 0.16666663] +/- [5.9604645e-08 5.9604645e-08 5.9604645e-08 5.9604645e-08 5.9604645e-08
 5.9604645e-08]
  tvd: 0.11620593644678592 +/- 0.050456763284006834
  all_seq_probs: [[0.18871681 0.17565356 0.18545556 0.18933133 0.10575801 0.15508474]] +/- [[0.03222798 0.05871006 0.03092059 0.02494739 0.04397051 0.05667256]]
