unconditional_point
  all_seq_probs: [[0.3212143 0.6787857]] +/- [[0.32041508 0.32041509]]
  choice_probs: [0.3212143 0.6787857] +/- [0.32041508 0.32041509]
  tvd: 0.34946693101525306 +/- 0.11181689509666777
  expected_dist: [0.5 0.5] +/- [0. 0.]
  kl_div: 0.4856144443154335 +/- 0.3314004015385168
biased_point
  When you flip coins, they land on heads 70% of the time.
    all_seq_probs: [[0.4453393  0.55466071]] +/- [[0.25773478 0.25773478]]
    choice_probs: [0.4453393  0.55466071] +/- [0.25773478 0.25773478]
    tvd: 0.31372925578057764 +/- 0.18125462553189414
    expected_dist: [0.6999983 0.3      ] +/- [1.66893e-06 0.00000e+00]
    kl_div: 0.3269265442378819 +/- 0.3272899985145117
  tvd_auc: 0.0 +/- 0.0
