biased_point
  tvd_auc: 0.0 +/- 0.0
  When you flip coins, they land on heads 100% of the time.
    all_seq_probs: [[0.9311195  0.06888051]] +/- [[0.0568952 0.0568952]]
    tvd: 0.06888049956903967 +/- 0.05689519714100655
    expected_dist: [1.0000000e+00 9.9999795e-09] +/- [0.0000000e+00 1.8651747e-14]
    kl_div: 0.07338419886223511 +/- 0.06479695330191289
    choice_probs: [0.9311195  0.06888051] +/- [0.0568952 0.0568952]
unconditional_point
  all_seq_probs: [[0.17691646 0.82308353]] +/- [[0.07327124 0.07327124]]
  tvd: 0.3230835348106921 +/- 0.07327124146906684
  expected_dist: [0.5 0.5] +/- [0. 0.]
  kl_div: 0.32337719690799716 +/- 0.20160910411644373
  choice_probs: [0.17691646 0.82308353] +/- [0.07327124 0.07327124]
