biased_point
  tvd_auc: 0.0 +/- 0.0
  When I roll dice, they land on 4 60% of the time.
    kl_div: 0.10891692033868822 +/- 0.0983152019910032
    tvd: 0.18817762104794383 +/- 0.09745566153295995
    choice_probs: [0.09205595 0.09430142 0.11932802 0.47032824 0.12003168 0.10395469] +/- [0.04362134 0.03375643 0.03627625 0.15849299 0.04155574 0.05172204]
    expected_dist: [0.07999997 0.07999997 0.07999997 0.60000026 0.07999997 0.07999997] +/- [2.9802322e-08 2.9802322e-08 2.9802322e-08 2.3841858e-07 2.9802322e-08
 2.9802322e-08]
    all_seq_probs: [[0.09205595 0.09430142 0.11932802 0.47032824 0.12003168 0.10395469]] +/- [[0.04362134 0.03375643 0.03627625 0.15849299 0.04155574 0.05172204]]
