biased_point
  tvd_auc: 0.0 +/- 0.0
  When I flip coins they land on heads 70% of the time.
    choice_probs: [0.92601563 0.07512512] +/- [0.05855421 0.05887099]
    tvd: 0.22676557540893555 +/- 0.053298222396271314
    expected_dist: [0.7000003  0.30000013] +/- [2.9802322e-07 1.1920929e-07]
    kl_div: 0.31131160117685797 +/- 0.20965569834482675
    all_seq_probs: [[0.92601563 0.07512512]] +/- [[0.05855421 0.05887099]]
