biased_point
  tvd_auc: 0.0 +/- 0.0
  When I flip coins they land on heads 10% of the time.
    choice_probs: [0.85621094 0.14508057] +/- [0.12740059 0.12697885]
    tvd: 0.755565172880888 +/- 0.1271641745489782
    kl_div: 1.8332980699837207 +/- 0.9465344373825164
    all_seq_probs: [[0.85621094 0.14508057]] +/- [[0.12740059 0.12697885]]
    expected_dist: [0.09999995 0.9000002 ] +/- [5.2154064e-08 2.3841858e-07]
