biased_point
  When I roll dice, they land on 6 20% of the time.
    choice_probs: [0.13329296 0.14881513 0.16515548 0.13455396 0.15977369 0.2584088 ] +/- [0.04597393 0.06146408 0.05510825 0.04495204 0.0619371  0.07612192]
    kl_div: 0.07211586195393466 +/- 0.07966525874908272
    tvd: 0.14141349103301765 +/- 0.06919407110699918
    all_seq_probs: [[0.13329296 0.14881513 0.16515548 0.13455396 0.15977369 0.2584088 ]] +/- [[0.04597393 0.06146408 0.05510825 0.04495204 0.0619371  0.07612192]]
    expected_dist: [0.15999995 0.15999995 0.15999995 0.15999995 0.15999995 0.1999999 ] +/- [8.9406967e-08 8.9406967e-08 8.9406967e-08 8.9406967e-08 8.9406967e-08
 1.3411045e-07]
  tvd_auc: 0.0 +/- 0.0
