biased_point
  tvd_auc: 0.0 +/- 0.0
  When I roll dice, they land on 4 0% of the time.
    tvd: 0.20675445833363745 +/- 0.06324475764288309
    all_seq_probs: [[0.17188016 0.15679446 0.16626013 0.13977536 0.18426139 0.18102851]] +/- [[0.08487718 0.05921185 0.04855902 0.02236941 0.05596732 0.06650452]]
    choice_probs: [0.17188016 0.15679446 0.16626013 0.13977536 0.18426139 0.18102851] +/- [0.08487718 0.05921185 0.04855902 0.02236941 0.05596732 0.06650452]
    expected_dist: [1.9999990e-01 1.9999990e-01 1.9999990e-01 1.0000003e-08 1.9999990e-01
 1.9999990e-01] +/- [1.1920929e-07 1.1920929e-07 1.1920929e-07 4.4408921e-15 1.1920929e-07
 1.1920929e-07]
    kl_div: 0.21971308570277556 +/- 0.10500771119739004
