biased_point
  When I flip coins they land on heads 70% of the time.
    tvd: 0.19823292016983032 +/- 0.07904425251755771
    kl_div: 0.23375312746036797 +/- 0.18984154411149437
    all_seq_probs: [[0.87609375 0.12589355]] +/- [[0.12269864 0.12138926]]
    choice_probs: [0.87609375 0.12589355] +/- [0.12269864 0.12138926]
    expected_dist: [0.7000003  0.30000013] +/- [2.9802322e-07 1.1920929e-07]
  tvd_auc: 0.0 +/- 0.0
