biased_point
  When I roll dice, they land on 4 60% of the time.
    expected_dist: [0.07999997 0.07999997 0.07999997 0.60000026 0.07999997 0.07999997] +/- [2.9802322e-08 2.9802322e-08 2.9802322e-08 2.3841858e-07 2.9802322e-08
 2.9802322e-08]
    all_seq_probs: [[0.08692957 0.09279694 0.09902749 0.37793043 0.11961874 0.22369683]] +/- [[0.05891353 0.04466021 0.05039384 0.12008686 0.04876694 0.07478529]]
    tvd: 0.2761844653834123 +/- 0.08882704993488062
    choice_probs: [0.08692957 0.09279694 0.09902749 0.37793043 0.11961874 0.22369683] +/- [0.05891353 0.04466021 0.05039384 0.12008686 0.04876694 0.07478529]
    kl_div: 0.2417946405801922 +/- 0.205160850829981
  tvd_auc: 0.0 +/- 0.0
