biased_point
  tvd_auc: 0.0 +/- 0.0
  When I roll dice, they land on 1 0% of the time.
    choice_probs: [0.15746526 0.15265666 0.16754243 0.17519766 0.17630381 0.17083419] +/- [0.03368657 0.03354645 0.03901638 0.04033852 0.05107643 0.04691714]
    all_seq_probs: [[0.15746526 0.15265666 0.16754243 0.17519766 0.17630381 0.17083419]] +/- [[0.03368657 0.03354645 0.03901638 0.04033852 0.05107643 0.04691714]]
    expected_dist: [1.0000003e-08 1.9999990e-01 1.9999990e-01 1.9999990e-01 1.9999990e-01
 1.9999990e-01] +/- [4.4408921e-15 1.1920929e-07 1.1920929e-07 1.1920929e-07 1.1920929e-07
 1.1920929e-07]
    kl_div: 0.20742855509465016 +/- 0.0637861399962495
    tvd: 0.18950932218813513 +/- 0.040231091417886077
