biased_point
  When you flip coins, they land on heads 30% of the time.
    choice_probs: [0.77902101 0.22097899] +/- [0.30859202 0.30859202]
    tvd: 0.5280556934571158 +/- 0.21411990567073294
    all_seq_probs: [[0.77902101 0.22097899]] +/- [[0.30859202 0.30859202]]
    expected_dist: [0.3       0.6999983] +/- [0.00000e+00 1.66893e-06]
    kl_div: 2.1497836489006876 +/- 2.1134623666130294
  tvd_auc: 0.0 +/- 0.0
unconditional_point
  choice_probs: [0.84545999 0.15454001] +/- [0.28084685 0.28084685]
  tvd: 0.42755067307014977 +/- 0.12416916994333886
  all_seq_probs: [[0.84545999 0.15454001]] +/- [[0.28084685 0.28084685]]
  expected_dist: [0.5 0.5] +/- [0. 0.]
  kl_div: 2.1655430923104286 +/- 1.7090055056674516
