unconditional_point
  tvd: 0.5595509880768934 +/- 0.08457601601228049
  all_seq_probs: [[0.01563338 0.1472644  0.41913804 0.25192463 0.14946837 0.01657118]] +/- [[0.0240406  0.1702382  0.29513891 0.19152374 0.24541069 0.03434545]]
  kl_div: 2.351149037326919 +/- 0.9389692295493011
  choice_probs: [0.01563338 0.1472644  0.41913804 0.25192463 0.14946837 0.01657118] +/- [0.0240406  0.1702382  0.29513891 0.19152374 0.24541069 0.03434545]
  expected_dist: [0.16666676 0.16666676 0.16666676 0.16666676 0.16666676 0.16666676] +/- [7.4505806e-08 7.4505806e-08 7.4505806e-08 7.4505806e-08 7.4505806e-08
 7.4505806e-08]
biased_point
  tvd_auc: 0.0 +/- 0.0
  When you roll dice, they land on 2 0% of the time.
    tvd: 0.5591457617028861 +/- 0.1306392713196774
    all_seq_probs: [[0.20431458 0.03453684 0.2428603  0.26781566 0.19201392 0.0584587 ]] +/- [[0.23007514 0.09135709 0.32932622 0.2940861  0.26269566 0.13922674]]
    kl_div: 3.5452227290134353 +/- 1.58517995100022
    choice_probs: [0.20431458 0.03453684 0.2428603  0.26781566 0.19201392 0.0584587 ] +/- [0.23007514 0.09135709 0.32932622 0.2940861  0.26269566 0.13922674]
    expected_dist: [2.0000048e-01 9.9999795e-09 2.0000048e-01 2.0000048e-01 2.0000048e-01
 2.0000048e-01] +/- [4.6193600e-07 1.8651747e-14 4.6193600e-07 4.6193600e-07 4.6193600e-07
 4.6193600e-07]
