biased_point
  tvd_auc: 0.0 +/- 0.0
  When you roll dice, they land on 6 40% of the time.
    tvd: 0.6151233193083969 +/- 0.15730739610038494
    expected_dist: [0.12000033 0.12000033 0.12000033 0.12000033 0.12000033 0.40000096] +/- [3.3527613e-07 3.3527613e-07 3.3527613e-07 3.3527613e-07 3.3527613e-07
 9.2387199e-07]
    choice_probs: [0.09137146 0.20740313 0.32604469 0.13875683 0.08053799 0.1558859 ] +/- [0.1455752  0.28150592 0.32406736 0.20716746 0.16761185 0.26284351]
    kl_div: 4.716459587365621 +/- 3.045730231788243
    all_seq_probs: [[0.09137146 0.20740313 0.32604469 0.13875683 0.08053799 0.1558859 ]] +/- [[0.1455752  0.28150592 0.32406736 0.20716746 0.16761185 0.26284351]]
