biased_point
  tvd_auc: 0.0 +/- 0.0
  When I roll dice, they land on 1 60% of the time.
    all_seq_probs: [[0.17718184 0.31866887 0.16205461 0.13029816 0.1047202  0.10707631]] +/- [[0.0834743  0.14328797 0.05640866 0.0441841  0.0502287  0.03854165]]
    expected_dist: [0.60000026 0.07999998 0.07999998 0.07999998 0.07999998 0.07999998] +/- [1.7881393e-07 4.4703484e-08 4.4703484e-08 4.4703484e-08 4.4703484e-08
 4.4703484e-08]
    choice_probs: [0.17718184 0.31866887 0.16205461 0.13029816 0.1047202  0.10707631] +/- [0.0834743  0.14328797 0.05640866 0.0441841  0.0502287  0.03854165]
    tvd: 0.44233711403794584 +/- 0.08311238768841525
    kl_div: 0.5936787924176314 +/- 0.2905694280880049
unconditional_point
  all_seq_probs: [[0.0929001  0.31886208 0.19728462 0.15679234 0.12746065 0.10670022]] +/- [[0.05022528 0.13857921 0.03748035 0.04224628 0.05957265 0.03428908]]
  expected_dist: [0.16666663 0.16666663 0.16666663 0.16666663 0.16666663 0.16666663] +/- [5.9604645e-08 5.9604645e-08 5.9604645e-08 5.9604645e-08 5.9604645e-08
 5.9604645e-08]
  choice_probs: [0.0929001  0.31886208 0.19728462 0.15679234 0.12746065 0.10670022] +/- [0.05022528 0.13857921 0.03748035 0.04224628 0.05957265 0.03428908]
  tvd: 0.22073695641010999 +/- 0.09696827584238123
  kl_div: 0.17727279790095055 +/- 0.13090122660047715
