unconditional_point
  expected_dist: [0.5 0.5] +/- [0. 0.]
  kl_div: 1.42670696079731 +/- 0.20024879430821738
  tvd: 0.4840500567108393 +/- 0.007020890323275529
  all_seq_probs: [[0.01594994 0.98405005]] +/- [[0.00702089 0.00702089]]
  choice_probs: [0.01594994 0.98405005] +/- [0.00702089 0.00702089]
biased_point
  When I flip coins they land on heads 0% of the time.
    expected_dist: [1.0000003e-08 1.0000000e+00] +/- [4.440892e-15 0.000000e+00]
    kl_div: 0.008528639182655411 +/- 0.0015209416756125104
    tvd: 0.008491341826777781 +/- 0.0015070725218111966
    all_seq_probs: [[0.00849133 0.99150864]] +/- [[0.00150708 0.00150706]]
    choice_probs: [0.00849133 0.99150864] +/- [0.00150708 0.00150706]
  tvd_auc: 0.0 +/- 0.0
