biased_point
  When I roll dice, they land on 3 60% of the time.
    kl_div: 0.1812723583204206 +/- 0.10175988486918872
    all_seq_probs: [[0.10908255 0.12044874 0.39243791 0.13229056 0.09785081 0.14788942]] +/- [[0.05777104 0.04953725 0.13934379 0.04693729 0.04165233 0.07048438]]
    tvd: 0.25296571384184063 +/- 0.09306296810105667
    expected_dist: [0.07999998 0.07999998 0.60000026 0.07999998 0.07999998 0.07999998] +/- [4.4703484e-08 4.4703484e-08 1.7881393e-07 4.4703484e-08 4.4703484e-08
 4.4703484e-08]
    choice_probs: [0.10908255 0.12044874 0.39243791 0.13229056 0.09785081 0.14788942] +/- [0.05777104 0.04953725 0.13934379 0.04693729 0.04165233 0.07048438]
  tvd_auc: 0.0 +/- 0.0
