unconditional_point
  kl_div: 0.3072565816044807 +/- 0.23999579717784156
  choice_probs: [0.81573735 0.18426264] +/- [0.06576692 0.06576691]
  all_seq_probs: [[0.81573735 0.18426264]] +/- [[0.06576692 0.06576691]]
  expected_dist: [0.5 0.5] +/- [0. 0.]
  tvd: 0.3157373533323407 +/- 0.06576691647583387
biased_point
  tvd_auc: 0.0 +/- 0.0
  When you flip coins, they land on heads 0% of the time.
    kl_div: 0.1922904922448119 +/- 0.10550905954655558
    choice_probs: [0.17043738 0.82956261] +/- [0.08453267 0.08453267]
    all_seq_probs: [[0.17043738 0.82956261]] +/- [[0.08453267 0.08453267]]
    expected_dist: [9.9999795e-09 1.0000000e+00] +/- [1.8651747e-14 0.0000000e+00]
    tvd: 0.17043738112905238 +/- 0.08453266925073198
