biased_point
  When I roll dice, they land on 6 40% of the time.
    expected_dist: [0.11999992 0.11999992 0.11999992 0.11999992 0.11999992 0.3999998 ] +/- [7.4505806e-08 7.4505806e-08 7.4505806e-08 7.4505806e-08 7.4505806e-08
 2.3841858e-07]
    all_seq_probs: [[0.10597806 0.13879399 0.12641468 0.15365489 0.16611824 0.30904015]] +/- [[0.05207132 0.06265258 0.05202393 0.06347598 0.06873327 0.11029023]]
    choice_probs: [0.10597806 0.13879399 0.12641468 0.15365489 0.16611824 0.30904015] +/- [0.05207132 0.06265258 0.05202393 0.06347598 0.06873327 0.11029023]
    tvd: 0.18240041555836797 +/- 0.07612595968240088
    kl_div: 0.1115352019004058 +/- 0.10321072508252703
  tvd_auc: 0.0 +/- 0.0
