biased_point
  tvd_auc: 0.0 +/- 0.0
  When you roll dice, they land on 6 20% of the time.
    all_seq_probs: [[0.15219439 0.19615216 0.14691229 0.12382317 0.03845537 0.34246262]] +/- [[0.2623668  0.30846688 0.25251775 0.23270604 0.09200383 0.36579596]]
    tvd: 0.636763828739019 +/- 0.12089026228474622
    expected_dist: [0.15999988 0.15999988 0.15999988 0.15999988 0.15999988 0.20000048] +/- [1.6391277e-07 1.6391277e-07 1.6391277e-07 1.6391277e-07 1.6391277e-07
 4.4703484e-07]
    choice_probs: [0.15219439 0.19615216 0.14691229 0.12382317 0.03845537 0.34246262] +/- [0.2623668  0.30846688 0.25251775 0.23270604 0.09200383 0.36579596]
    kl_div: 5.104480914942745 +/- 2.5983031238944827
