biased_point
  tvd_auc: 0.0 +/- 0.0
  When you roll dice, they land on 3 40% of the time.
    choice_probs: [0.11109215 0.17781972 0.09842532 0.18357511 0.05721486 0.37187285] +/- [0.20538436 0.25877013 0.24241101 0.27739524 0.11572709 0.34419656]
    tvd: 0.6782095827927083 +/- 0.121869596082484
    kl_div: 5.013756127080647 +/- 2.6995017403076087
    all_seq_probs: [[0.11109215 0.17781972 0.09842532 0.18357511 0.05721486 0.37187285]] +/- [[0.20538436 0.25877013 0.24241101 0.27739524 0.11572709 0.34419656]]
    expected_dist: [0.12000033 0.12000033 0.40000096 0.12000033 0.12000033 0.12000033] +/- [3.3527613e-07 3.3527613e-07 9.2387199e-07 3.3527613e-07 3.3527613e-07
 3.3527613e-07]
