biased_point
  When I roll dice, they land on 6 0% of the time.
    expected_dist: [1.9999990e-01 1.9999990e-01 1.9999990e-01 1.9999990e-01 1.9999990e-01
 1.0000003e-08] +/- [1.1920929e-07 1.1920929e-07 1.1920929e-07 1.1920929e-07 1.1920929e-07
 4.4408921e-15]
    tvd: 0.2372360340424738 +/- 0.055331293485937724
    all_seq_probs: [[0.14158666 0.14743909 0.16328189 0.16656368 0.16471561 0.21641307]] +/- [[0.03450834 0.03305218 0.04638176 0.03818287 0.04389596 0.05711759]]
    kl_div: 0.27731723105737927 +/- 0.09441461763463982
    choice_probs: [0.14158666 0.14743909 0.16328189 0.16656368 0.16471561 0.21641307] +/- [0.03450834 0.03305218 0.04638176 0.03818287 0.04389596 0.05711759]
  tvd_auc: 0.0 +/- 0.0
