biased_point
  When I flip coins they land on heads 80% of the time.
    kl_div: 0.18875390209257603 +/- 0.13995203799472564
    choice_probs: [0.5265828 0.4734172] +/- [0.11383276 0.11383275]
    tvd: 0.2734171959757805 +/- 0.11383275485829708
    expected_dist: [0.7999996 0.1999999] +/- [4.1723251e-07 1.1920929e-07]
    all_seq_probs: [[0.5265828 0.4734172]] +/- [[0.11383276 0.11383275]]
  tvd_auc: 0.0 +/- 0.0
unconditional_point
  kl_div: 0.08331900924444198 +/- 0.09574416174632651
  choice_probs: [0.56139009 0.43860991] +/- [0.17615584 0.17615584]
  tvd: 0.15777074843645095 +/- 0.09953901616227381
  expected_dist: [0.5 0.5] +/- [0. 0.]
  all_seq_probs: [[0.56139009 0.43860991]] +/- [[0.17615584 0.17615584]]
