biased_point
  When you flip coins, they land on heads 0% of the time.
    expected_dist: [9.9999795e-09 1.0000000e+00] +/- [1.8651747e-14 0.0000000e+00]
    all_seq_probs: [[0.4394539  0.56054611]] +/- [[0.18587843 0.18587841]]
    kl_div: 0.6577268900218571 +/- 0.4420258966626731
    tvd: 0.4394538919993602 +/- 0.18587842007373206
    choice_probs: [0.4394539  0.56054611] +/- [0.18587843 0.18587841]
  tvd_auc: 0.0 +/- 0.0
unconditional_point
  expected_dist: [0.5 0.5] +/- [0. 0.]
  all_seq_probs: [[0.96504903 0.03495097]] +/- [[0.04119633 0.04119632]]
  kl_div: 1.3344045312404633 +/- 0.6341831397750415
  tvd: 0.4650490282375249 +/- 0.04119632247881976
  choice_probs: [0.96504903 0.03495097] +/- [0.04119633 0.04119632]
