biased_point
  When I roll dice, they land on 1 40% of the time.
    kl_div: 0.26317077142419293 +/- 0.2906982197556556
    all_seq_probs: [[0.24517397 0.16591834 0.14508129 0.22853273 0.10714402 0.10814967]] +/- [[0.14063378 0.06921091 0.06446548 0.14931022 0.06591607 0.0703785 ]]
    choice_probs: [0.24517397 0.16591834 0.14508129 0.22853273 0.10714402 0.10814967] +/- [0.14063378 0.06921091 0.06446548 0.14931022 0.06591607 0.0703785 ]
    expected_dist: [0.3999998  0.11999992 0.11999992 0.11999992 0.11999992 0.11999992] +/- [2.3841858e-07 7.4505806e-08 7.4505806e-08 7.4505806e-08 7.4505806e-08
 7.4505806e-08]
    tvd: 0.2724123001471162 +/- 0.11502856138038427
  tvd_auc: 0.0 +/- 0.0
