biased_point
  tvd_auc: 0.0 +/- 0.0
  When you roll dice, they land on 2 40% of the time.
    choice_probs: [0.06045551 0.11974174 0.16268191 0.21608399 0.12855117 0.31248568] +/- [0.11912645 0.18388056 0.15947089 0.19303851 0.1647048  0.21463548]
    expected_dist: [0.12000033 0.40000096 0.12000033 0.12000033 0.12000033 0.12000033] +/- [3.3527613e-07 9.2387199e-07 3.3527613e-07 3.3527613e-07 3.3527613e-07
 3.3527613e-07]
    all_seq_probs: [[0.06045551 0.11974174 0.16268191 0.21608399 0.12855117 0.31248568]] +/- [[0.11912645 0.18388056 0.15947089 0.19303851 0.1647048  0.21463548]]
    tvd: 0.5305000660944789 +/- 0.13132544469136292
    kl_div: 1.4613193928999244 +/- 0.7179581983388529
