biased_point
  When I roll dice, they land on 1 80% of the time.
    choice_probs: [0.57022496 0.13882146 0.08696368 0.05818266 0.06482462 0.08098261] +/- [0.14107642 0.05146743 0.05040016 0.03227826 0.04580812 0.0534151 ]
    tvd: 0.24487952732713894 +/- 0.12764350211133219
    all_seq_probs: [[0.57022496 0.13882146 0.08696368 0.05818266 0.06482462 0.08098261]] +/- [[0.14107642 0.05146743 0.05040016 0.03227826 0.04580812 0.0534151 ]]
    kl_div: 0.19102147322846577 +/- 0.15172364904113514
    expected_dist: [0.7999996  0.03999999 0.03999999 0.03999999 0.03999999 0.03999999] +/- [3.5762787e-07 2.2351742e-08 2.2351742e-08 2.2351742e-08 2.2351742e-08
 2.2351742e-08]
  tvd_auc: 0.0 +/- 0.0
