unconditional_point
  all_seq_probs: [[0.75891888 0.24108112]] +/- [[0.26879243 0.26879243]]
  tvd: 0.3487976217860123 +/- 0.13277265185248793
  kl_div: 0.6473752654194832 +/- 0.6232215232342546
  choice_probs: [0.75891888 0.24108112] +/- [0.26879243 0.26879243]
  expected_dist: [0.5 0.5] +/- [0. 0.]
biased_point
  When you flip coins, they land on heads 30% of the time.
    all_seq_probs: [[0.70642602 0.29357398]] +/- [[0.25138676 0.25138676]]
    tvd: 0.4383297251464683 +/- 0.19037976049250274
    kl_div: 0.8106155938133598 +/- 0.9339495459360095
    choice_probs: [0.70642602 0.29357398] +/- [0.25138676 0.25138676]
    expected_dist: [0.3       0.6999983] +/- [0.00000e+00 1.66893e-06]
  tvd_auc: 0.0 +/- 0.0
