biased_point
  When I roll dice, they land on 1 80% of the time.
    kl_div: 0.03178018756341771 +/- 0.03441142527403642
    choice_probs: [0.75213202 0.05792284 0.04985392 0.04405772 0.04450129 0.05153221] +/- [0.08058219 0.02186995 0.01781601 0.01619915 0.01748318 0.0260894 ]
    expected_dist: [0.7999996  0.03999999 0.03999999 0.03999999 0.03999999 0.03999999] +/- [3.5762787e-07 2.2351742e-08 2.2351742e-08 2.2351742e-08 2.2351742e-08
 2.2351742e-08]
    all_seq_probs: [[0.75213202 0.05792284 0.04985392 0.04405772 0.04450129 0.05153221]] +/- [[0.08058219 0.02186995 0.01781601 0.01619915 0.01748318 0.0260894 ]]
    tvd: 0.08240520034451038 +/- 0.048749356061699285
  tvd_auc: 0.0 +/- 0.0
