biased_point
  tvd_auc: 0.0 +/- 0.0
  When you roll dice, they land on 2 80% of the time.
    all_seq_probs: [[0.03445794 0.50042334 0.12786939 0.09223235 0.07345231 0.17156468]] +/- [[0.11645392 0.37242439 0.19731573 0.13746166 0.10047968 0.19399166]]
    choice_probs: [0.03445794 0.50042334 0.12786939 0.09223235 0.07345231 0.17156468] +/- [0.11645392 0.37242439 0.19731573 0.13746166 0.10047968 0.19399166]
    kl_div: 1.150000901065272 +/- 1.1748415917733108
    expected_dist: [0.03999997 0.8000019  0.03999997 0.03999997 0.03999997 0.03999997] +/- [4.0978193e-08 1.9669533e-06 4.0978193e-08 4.0978193e-08 4.0978193e-08
 4.0978193e-08]
    tvd: 0.43373650835365607 +/- 0.28857257627258875
