biased_point
  When I roll dice, they land on 4 40% of the time.
    kl_div: 0.06839666609172128 +/- 0.029451067109697443
    expected_dist: [0.11999992 0.11999992 0.11999992 0.3999998  0.11999992 0.11999992] +/- [7.4505806e-08 7.4505806e-08 7.4505806e-08 2.3841858e-07 7.4505806e-08
 7.4505806e-08]
    choice_probs: [0.1281388  0.14049449 0.15489316 0.27567735 0.15842388 0.14237232] +/- [0.03140649 0.02880248 0.02969709 0.07068605 0.03683803 0.03983229]
    all_seq_probs: [[0.1281388  0.14049449 0.15489316 0.27567735 0.15842388 0.14237232]] +/- [[0.03140649 0.02880248 0.02969709 0.07068605 0.03683803 0.03983229]]
    tvd: 0.15415549077093602 +/- 0.039219346129304354
  tvd_auc: 0.0 +/- 0.0
