unconditional_point
  tvd: 0.3627458574809134 +/- 0.09849725971773682
  expected_dist: [0.5 0.5] +/- [0. 0.]
  kl_div: 0.6830592346191406 +/- 0.6810903305214472
  choice_probs: [0.13974121 0.8602588 ] +/- [0.10723743 0.10723743]
  all_seq_probs: [[0.13974121 0.8602588 ]] +/- [[0.10723743 0.10723743]]
biased_point
  tvd_auc: 0.0 +/- 0.0
  When I flip coins they land on heads 10% of the time.
    tvd: 0.09325360214337707 +/- 0.05822166703068019
    expected_dist: [0.09999995 0.9000002 ] +/- [5.2154064e-08 2.3841858e-07]
    kl_div: 0.04461332218721509 +/- 0.039905693484772825
    choice_probs: [0.15925647 0.84074354] +/- [0.09259951 0.09259951]
    all_seq_probs: [[0.15925647 0.84074354]] +/- [[0.09259951 0.09259951]]
