biased_point
  tvd_auc: 0.0 +/- 0.0
  When I roll dice, they land on 4 0% of the time.
    choice_probs: [0.17001252 0.16884838 0.15926492 0.22639924 0.12859358 0.14688138] +/- [0.09801598 0.08550112 0.08569687 0.1045789  0.06172495 0.05347868]
    all_seq_probs: [[0.17001252 0.16884838 0.15926492 0.22639924 0.12859358 0.14688138]] +/- [[0.09801598 0.08550112 0.08569687 0.1045789  0.06172495 0.05347868]]
    kl_div: 0.4065917986291592 +/- 0.29164322678815413
    expected_dist: [1.9999990e-01 1.9999990e-01 1.9999990e-01 1.0000003e-08 1.9999990e-01
 1.9999990e-01] +/- [1.1920929e-07 1.1920929e-07 1.1920929e-07 4.4408921e-15 1.1920929e-07
 1.1920929e-07]
    tvd: 0.3011165243399254 +/- 0.12081155529165166
unconditional_point
  choice_probs: [0.15369102 0.16300089 0.18645123 0.25803279 0.10039617 0.1384279 ] +/- [0.11884208 0.13407239 0.14508541 0.13749577 0.07799668 0.08152874]
  all_seq_probs: [[0.15369102 0.16300089 0.18645123 0.25803279 0.10039617 0.1384279 ]] +/- [[0.11884208 0.13407239 0.14508541 0.13749577 0.07799668 0.08152874]]
  kl_div: 0.4176474076270824 +/- 0.3556053042837665
  expected_dist: [0.16666663 0.16666663 0.16666663 0.16666663 0.16666663 0.16666663] +/- [5.9604645e-08 5.9604645e-08 5.9604645e-08 5.9604645e-08 5.9604645e-08
 5.9604645e-08]
  tvd: 0.29810306036379186 +/- 0.13895864198295363
