biased_point
  When you flip coins, they land on heads 40% of the time.
    expected_dist: [0.40000096 0.6       ] +/- [9.23872e-07 0.00000e+00]
    tvd: 0.167083763923496 +/- 0.11354894612077138
    kl_div: 0.12272755990177393 +/- 0.16759334999379405
    all_seq_probs: [[0.36757512 0.63242489]] +/- [[0.19939652 0.19939652]]
    choice_probs: [0.36757512 0.63242489] +/- [0.19939652 0.19939652]
  tvd_auc: 0.0 +/- 0.0
unconditional_point
  expected_dist: [0.5 0.5] +/- [0. 0.]
  tvd: 0.21131784404069184 +/- 0.14444543533288082
  kl_div: 0.20104571330547333 +/- 0.2499320810137473
  all_seq_probs: [[0.41614386 0.58385616]] +/- [[0.24184264 0.24184264]]
  choice_probs: [0.41614386 0.58385616] +/- [0.24184264 0.24184264]
