unconditional_point
  kl_div: 0.5078371420502663 +/- 0.3570782150519742
  expected_dist: [0.5 0.5] +/- [0. 0.]
  all_seq_probs: [[0.56897943 0.43102058]] +/- [[0.3633259 0.3633259]]
  tvd: 0.3524361680150032 +/- 0.11203845959152128
  choice_probs: [0.56897943 0.43102058] +/- [0.3633259 0.3633259]
biased_point
  tvd_auc: 0.0 +/- 0.0
  When you flip coins, they land on heads 40% of the time.
    kl_div: 0.37680245270393786 +/- 0.3639613508348859
    expected_dist: [0.40000096 0.6       ] +/- [9.23872e-07 0.00000e+00]
    all_seq_probs: [[0.51759105 0.48240895]] +/- [[0.32220814 0.32220814]]
    tvd: 0.30691991371661426 +/- 0.15312055807296562
    choice_probs: [0.51759105 0.48240895] +/- [0.32220814 0.32220814]
