biased_point
  When I roll dice, they land on 2 40% of the time.
    all_seq_probs: [[0.12441828 0.27560808 0.15054461 0.20131856 0.12603884 0.12207164]] +/- [[0.05359741 0.07881725 0.03992201 0.04194958 0.04679594 0.0625744 ]]
    choice_probs: [0.12441828 0.27560808 0.15054461 0.20131856 0.12603884 0.12207164] +/- [0.05359741 0.07881725 0.03992201 0.04194958 0.04679594 0.0625744 ]
    expected_dist: [0.11999992 0.3999998  0.11999992 0.11999992 0.11999992 0.11999992] +/- [7.4505806e-08 2.3841858e-07 7.4505806e-08 7.4505806e-08 7.4505806e-08
 7.4505806e-08]
    kl_div: 0.12427556089212885 +/- 0.08753086255094103
    tvd: 0.1959351594746113 +/- 0.05532995912009795
  tvd_auc: 0.0 +/- 0.0
