biased_point
  When I roll dice, they land on 3 60% of the time.
    expected_dist: [0.07999998 0.07999998 0.60000026 0.07999998 0.07999998 0.07999998] +/- [4.4703484e-08 4.4703484e-08 1.7881393e-07 4.4703484e-08 4.4703484e-08
 4.4703484e-08]
    kl_div: 0.029999617054854752 +/- 0.029158681203641398
    tvd: 0.08974804842844605 +/- 0.050985376007537615
    choice_probs: [0.09539646 0.09040308 0.546236   0.08509382 0.07962527 0.10324536] +/- [0.02917441 0.02966613 0.07523618 0.01852577 0.017771   0.03225689]
    all_seq_probs: [[0.09539646 0.09040308 0.546236   0.08509382 0.07962527 0.10324536]] +/- [[0.02917441 0.02966613 0.07523618 0.01852577 0.017771   0.03225689]]
  tvd_auc: 0.0 +/- 0.0
