biased_point
  tvd_auc: 0.0 +/- 0.0
  When I flip coins they land on heads 50% of the time.
    expected_dist: [0.5 0.5] +/- [0. 0.]
    kl_div: 0.6827329444885254 +/- 0.3085966718728529
    tvd: 0.4116046142578125 +/- 0.0685952659370991
    choice_probs: [0.91148438 0.08827515] +/- [0.07045823 0.0669561 ]
    all_seq_probs: [[0.91148438 0.08827515]] +/- [[0.07045823 0.0669561 ]]
