unconditional_point
  choice_probs: [0.90433949 0.09566052] +/- [0.08907696 0.08907696]
  all_seq_probs: [[0.90433949 0.09566052]] +/- [[0.08907696 0.08907696]]
  tvd: 0.40433948661142494 +/- 0.08907695991497945
  expected_dist: [0.5 0.5] +/- [0. 0.]
  kl_div: 0.7845905386209487 +/- 0.5406747066947312
biased_point
  tvd_auc: 0.0 +/- 0.0
  When you flip coins, they land on heads 90% of the time.
    choice_probs: [0.92731703 0.07268297] +/- [0.07012245 0.07012245]
    all_seq_probs: [[0.92731703 0.07268297]] +/- [[0.07012245 0.07012245]]
    tvd: 0.06255113200878258 +/- 0.04184177913057244
    expected_dist: [0.899998   0.10000024] +/- [1.9669533e-06 2.3841858e-07]
    kl_div: 0.06194670112826862 +/- 0.08561934199590088
