unconditional_point
  choice_probs: [0.70771406 0.29228595] +/- [0.11522802 0.11522803]
  kl_div: 0.15065972685813903 +/- 0.17204786709029898
  expected_dist: [0.5 0.5] +/- [0. 0.]
  all_seq_probs: [[0.70771406 0.29228595]] +/- [[0.11522802 0.11522803]]
  tvd: 0.21266909282654523 +/- 0.1058039865076428
biased_point
  tvd_auc: 0.0 +/- 0.0
  When I flip coins they land on heads 80% of the time.
    choice_probs: [0.68342884 0.31657116] +/- [0.11545112 0.11545113]
    kl_div: 0.06404968096874654 +/- 0.06844924749296544
    expected_dist: [0.7999996 0.1999999] +/- [4.1723251e-07 1.1920929e-07]
    all_seq_probs: [[0.68342884 0.31657116]] +/- [[0.11545112 0.11545113]]
    tvd: 0.13484206665307283 +/- 0.0934634391302379
