biased_point
  tvd_auc: 0.0 +/- 0.0
  When you roll dice, they land on 3 0% of the time.
    choice_probs: [0.1342253  0.18273165 0.15483625 0.21073187 0.17166761 0.14580732] +/- [0.15950458 0.24610429 0.11883368 0.22591529 0.23864649 0.1817412 ]
    all_seq_probs: [[0.1342253  0.18273165 0.15483625 0.21073187 0.17166761 0.14580732]] +/- [[0.15950458 0.24610429 0.11883368 0.22591529 0.23864649 0.1817412 ]]
    tvd: 0.5122271870581792 +/- 0.13020045555978227
    expected_dist: [2.0000048e-01 2.0000048e-01 9.9999795e-09 2.0000048e-01 2.0000048e-01
 2.0000048e-01] +/- [4.6193600e-07 4.6193600e-07 1.8651747e-14 4.6193600e-07 4.6193600e-07
 4.6193600e-07]
    kl_div: 2.0825178578086705 +/- 1.3865126536789807
