biased_point
  When I flip coins they land on heads 90% of the time.
    expected_dist: [0.9000002  0.09999995] +/- [2.3841858e-07 5.2154064e-08]
    kl_div: 0.07935822190716862 +/- 0.0715052146682413
    all_seq_probs: [[0.79690693 0.20309306]] +/- [[0.10733799 0.10733798]]
    choice_probs: [0.79690693 0.20309306] +/- [0.10733799 0.10733798]
    tvd: 0.12539762255270034 +/- 0.08015645709084168
  tvd_auc: 0.0 +/- 0.0
unconditional_point
  expected_dist: [0.5 0.5] +/- [0. 0.]
  kl_div: 0.4252502465248108 +/- 0.5691581078831865
  all_seq_probs: [[0.79801763 0.20198235]] +/- [[0.11576804 0.11576803]]
  choice_probs: [0.79801763 0.20198235] +/- [0.11576804 0.11576803]
  tvd: 0.2980176405631937 +/- 0.11576803781204517
