biased_point
  tvd_auc: 0.0 +/- 0.0
  When you flip coins, they land on heads 80% of the time.
    kl_div: 0.9063136027157307 +/- 1.0766837166506533
    all_seq_probs: [[0.40809051 0.59190951]] +/- [[0.31435933 0.31435933]]
    tvd: 0.4360340110231191 +/- 0.2495780115256508
    expected_dist: [0.8000019  0.20000048] +/- [1.9073486e-06 4.6193600e-07]
    choice_probs: [0.40809051 0.59190951] +/- [0.31435933 0.31435933]
unconditional_point
  kl_div: 1.202913766503334 +/- 0.6683489553436701
  all_seq_probs: [[0.267804   0.73219599]] +/- [[0.3834845  0.38348451]]
  tvd: 0.43855837801948655 +/- 0.09296178285531079
  expected_dist: [0.5 0.5] +/- [0. 0.]
  choice_probs: [0.267804   0.73219599] +/- [0.3834845  0.38348451]
