biased_point
  tvd_auc: 0.0 +/- 0.0
  When I flip coins they land on heads 60% of the time.
    tvd: 0.29840772032737733 +/- 0.09200991245288906
    expected_dist: [0.60000026 0.3999998 ] +/- [2.3841858e-07 2.3841858e-07]
    kl_div: 0.42561096031218765 +/- 0.26301645525975964
    all_seq_probs: [[0.86720703 0.13338379]] +/- [[0.16214778 0.1620834 ]]
    choice_probs: [0.86720703 0.13338379] +/- [0.16214778 0.1620834 ]
