biased_point
  When you roll dice, they land on 2 80% of the time.
    tvd: 0.3416519649641705 +/- 0.25569720251299755
    expected_dist: [0.03999997 0.8000019  0.03999997 0.03999997 0.03999997 0.03999997] +/- [4.0978193e-08 1.9669533e-06 4.0978193e-08 4.0978193e-08 4.0978193e-08
 4.0978193e-08]
    kl_div: 0.6084157907883637 +/- 0.6020693453073546
    all_seq_probs: [[0.02421998 0.62727139 0.06118846 0.04954661 0.12074656 0.117027  ]] +/- [[0.02769699 0.38340081 0.06514202 0.05350904 0.15505096 0.1648702 ]]
    choice_probs: [0.02421998 0.62727139 0.06118846 0.04954661 0.12074656 0.117027  ] +/- [0.02769699 0.38340081 0.06514202 0.05350904 0.15505096 0.1648702 ]
  tvd_auc: 0.0 +/- 0.0
