biased_point
  tvd_auc: 0.0 +/- 0.0
  When I flip coins they land on heads 10% of the time.
    tvd: 0.7175031250715256 +/- 0.1750133993302133
    all_seq_probs: [[0.81750314 0.18249686]] +/- [[0.1750134 0.1750134]]
    choice_probs: [0.81750314 0.18249686] +/- [0.1750134 0.1750134]
    kl_div: 1.5693995063006878 +/- 0.7572446263840654
    expected_dist: [0.09999995 0.9000002 ] +/- [5.2154064e-08 2.3841858e-07]
unconditional_point
  tvd: 0.25072357315570115 +/- 0.14862213154361464
  all_seq_probs: [[0.65654585 0.34345413]] +/- [[0.24585411 0.24585411]]
  choice_probs: [0.65654585 0.34345413] +/- [0.24585411 0.24585411]
  kl_div: 0.28511380970478056 +/- 0.30690084032502724
  expected_dist: [0.5 0.5] +/- [0. 0.]
