unconditional_point
  all_seq_probs: [[0.16951799 0.06493962 0.23653537 0.21695316 0.1833755  0.12867836]] +/- [[0.02822506 0.02001725 0.03105638 0.01974045 0.0227274  0.02062183]]
  tvd: 0.15180252701044084 +/- 0.03376846939425966
  expected_dist: [0.16666663 0.16666663 0.16666663 0.16666663 0.16666663 0.16666663] +/- [5.9604645e-08 5.9604645e-08 5.9604645e-08 5.9604645e-08 5.9604645e-08
 5.9604645e-08]
  kl_div: 0.09530001077626366 +/- 0.04866264983589013
  choice_probs: [0.16951799 0.06493962 0.23653537 0.21695316 0.1833755  0.12867836] +/- [0.02822506 0.02001725 0.03105638 0.01974045 0.0227274  0.02062183]
biased_point
  tvd_auc: 0.0 +/- 0.0
  When I roll dice, they land on 2 100% of the time.
    all_seq_probs: [[0.1427125  0.70740128 0.06565938 0.04328735 0.01706011 0.02387937]] +/- [[0.08935698 0.15366359 0.04362243 0.01954309 0.01158584 0.01405528]]
    tvd: 0.2925986955049069 +/- 0.15366359362769708
    expected_dist: [1.0000003e-08 1.0000000e+00 1.0000003e-08 1.0000003e-08 1.0000003e-08
 1.0000003e-08] +/- [4.440892e-15 0.000000e+00 4.440892e-15 4.440892e-15 4.440892e-15
 4.440892e-15]
    kl_div: 0.3770221150238822 +/- 0.2676330573481652
    choice_probs: [0.1427125  0.70740128 0.06565938 0.04328735 0.01706011 0.02387937] +/- [0.08935698 0.15366359 0.04362243 0.01954309 0.01158584 0.01405528]
