unconditional_point
  all_seq_probs: [[0.51142205 0.48857795]] +/- [[0.14964475 0.14964475]]
  kl_div: 0.05148092567920685 +/- 0.06830747988299686
  tvd: 0.12438056990504265 +/- 0.08398504492774558
  choice_probs: [0.51142205 0.48857795] +/- [0.14964475 0.14964475]
  expected_dist: [0.5 0.5] +/- [0. 0.]
biased_point
  tvd_auc: 0.0 +/- 0.0
  When I flip coins they land on heads 90% of the time.
    all_seq_probs: [[0.55612435 0.44387567]] +/- [[0.09350123 0.09350125]]
    kl_div: 0.30017934292554854 +/- 0.13996612179929627
    tvd: 0.34387564435601237 +/- 0.09350124228647917
    choice_probs: [0.55612435 0.44387567] +/- [0.09350123 0.09350125]
    expected_dist: [0.9000002  0.09999995] +/- [2.3841858e-07 5.2154064e-08]
