biased_point
  tvd_auc: 0.0 +/- 0.0
  When I roll dice, they land on 6 60% of the time.
    tvd: 0.26018980008549986 +/- 0.12259347017130064
    all_seq_probs: [[0.10029272 0.10545088 0.10533531 0.11499892 0.12872176 0.4452004 ]] +/- [[0.08626157 0.06802239 0.05868114 0.08353525 0.10464229 0.21306   ]]
    choice_probs: [0.10029272 0.10545088 0.10533531 0.11499892 0.12872176 0.4452004 ] +/- [0.08626157 0.06802239 0.05868114 0.08353525 0.10464229 0.21306   ]
    expected_dist: [0.07999997 0.07999997 0.07999997 0.07999997 0.07999997 0.60000026] +/- [2.9802322e-08 2.9802322e-08 2.9802322e-08 2.9802322e-08 2.9802322e-08
 2.3841858e-07]
    kl_div: 0.22881977652461502 +/- 0.1744754728658688
