biased_point
  When I roll dice, they land on 3 100% of the time.
    expected_dist: [1.0000003e-08 1.0000003e-08 1.0000000e+00 1.0000003e-08 1.0000003e-08
 1.0000003e-08] +/- [4.440892e-15 4.440892e-15 0.000000e+00 4.440892e-15 4.440892e-15
 4.440892e-15]
    kl_div: 0.809686380497929 +/- 0.6379355594808797
    tvd: 0.4738148781996773 +/- 0.2566752599620784
    choice_probs: [0.08132039 0.09990872 0.5261851  0.13511579 0.07407821 0.0833918 ] +/- [0.0481659  0.05276508 0.25667526 0.07553814 0.04703843 0.04005999]
    all_seq_probs: [[0.08132039 0.09990872 0.5261851  0.13511579 0.07407821 0.0833918 ]] +/- [[0.0481659  0.05276508 0.25667526 0.07553814 0.04703843 0.04005999]]
  tvd_auc: 0.0 +/- 0.0
unconditional_point
  expected_dist: [0.16666663 0.16666663 0.16666663 0.16666663 0.16666663 0.16666663] +/- [5.9604645e-08 5.9604645e-08 5.9604645e-08 5.9604645e-08 5.9604645e-08
 5.9604645e-08]
  kl_div: 0.06472922460743576 +/- 0.029961969428679132
  tvd: 0.1259894809871912 +/- 0.02596572277629758
  choice_probs: [0.15871858 0.20035211 0.07794221 0.22736074 0.19573426 0.1398921 ] +/- [0.01273263 0.01756572 0.02106059 0.02364737 0.01524067 0.01692542]
  all_seq_probs: [[0.15871858 0.20035211 0.07794221 0.22736074 0.19573426 0.1398921 ]] +/- [[0.01273263 0.01756572 0.02106059 0.02364737 0.01524067 0.01692542]]
