biased_point
  tvd_auc: 0.0 +/- 0.0
  When I roll dice, they land on 6 20% of the time.
    tvd: 0.05827931515872478 +/- 0.03770464326472905
    all_seq_probs: [[0.15461083 0.14801593 0.15443375 0.16990645 0.17276677 0.20026628]] +/- [[0.02133745 0.02149454 0.01950767 0.01965232 0.01502015 0.04963882]]
    choice_probs: [0.15461083 0.14801593 0.15443375 0.16990645 0.17276677 0.20026628] +/- [0.02133745 0.02149454 0.01950767 0.01965232 0.01502015 0.04963882]
    kl_div: 0.012974906656891107 +/- 0.023558058827192346
    expected_dist: [0.15999995 0.15999995 0.15999995 0.15999995 0.15999995 0.1999999 ] +/- [8.9406967e-08 8.9406967e-08 8.9406967e-08 8.9406967e-08 8.9406967e-08
 1.3411045e-07]
