biased_point
  tvd_auc: 0.0 +/- 0.0
  When I roll dice, they land on 3 60% of the time.
    kl_div: 0.2530834975728067 +/- 0.1556369204126619
    tvd: 0.29298666305840015 +/- 0.10168251954305428
    expected_dist: [0.07999998 0.07999998 0.60000026 0.07999998 0.07999998 0.07999998] +/- [4.4703484e-08 4.4703484e-08 1.7881393e-07 4.4703484e-08 4.4703484e-08
 4.4703484e-08]
    choice_probs: [0.11094303 0.13798373 0.36099141 0.12990765 0.10160745 0.15856673] +/- [0.05982508 0.06430456 0.16394706 0.06544601 0.05330641 0.07100254]
    all_seq_probs: [[0.11094303 0.13798373 0.36099141 0.12990765 0.10160745 0.15856673]] +/- [[0.05982508 0.06430456 0.16394706 0.06544601 0.05330641 0.07100254]]
