biased_point
  tvd_auc: 0.0 +/- 0.0
  When you flip coins, they land on heads 50% of the time.
    tvd: 0.3044763191246309 +/- 0.16923457794641386
    choice_probs: [0.67566738 0.32433262] +/- [0.30081081 0.30081081]
    kl_div: 0.782996937930584 +/- 1.0693063092506283
    all_seq_probs: [[0.67566738 0.32433262]] +/- [[0.30081081 0.30081081]]
    expected_dist: [0.5 0.5] +/- [0. 0.]
unconditional_point
  tvd: 0.2987071796997443 +/- 0.15915816266356278
  choice_probs: [0.61238612 0.38761389] +/- [0.31925955 0.31925955]
  kl_div: 0.5922591857910157 +/- 0.8068961785217509
  all_seq_probs: [[0.61238612 0.38761389]] +/- [[0.31925955 0.31925955]]
  expected_dist: [0.5 0.5] +/- [0. 0.]
