unconditional_point
  all_seq_probs: [[0.18872944 0.17565193 0.20565109 0.17708221 0.16023712 0.09264823]] +/- [[0.04434179 0.08793682 0.05569396 0.04114132 0.04942975 0.04223033]]
  tvd: 0.1566097481176257 +/- 0.05351510125657433
  expected_dist: [0.16666663 0.16666663 0.16666663 0.16666663 0.16666663 0.16666663] +/- [5.9604645e-08 5.9604645e-08 5.9604645e-08 5.9604645e-08 5.9604645e-08
 5.9604645e-08]
  kl_div: 0.08963767443783581 +/- 0.05382178339285572
  choice_probs: [0.18872944 0.17565193 0.20565109 0.17708221 0.16023712 0.09264823] +/- [0.04434179 0.08793682 0.05569396 0.04114132 0.04942975 0.04223033]
biased_point
  tvd_auc: 0.0 +/- 0.0
  When I roll dice, they land on 2 40% of the time.
    all_seq_probs: [[0.13560579 0.26233598 0.12081825 0.27678965 0.09840322 0.1060471 ]] +/- [[0.05584247 0.09353084 0.05031984 0.13393837 0.0616322  0.0455491 ]]
    tvd: 0.25022523265331986 +/- 0.08221256003597473
    expected_dist: [0.11999992 0.3999998  0.11999992 0.11999992 0.11999992 0.11999992] +/- [7.4505806e-08 2.3841858e-07 7.4505806e-08 7.4505806e-08 7.4505806e-08
 7.4505806e-08]
    kl_div: 0.1952550971409073 +/- 0.11844003477883391
    choice_probs: [0.13560579 0.26233598 0.12081825 0.27678965 0.09840322 0.1060471 ] +/- [0.05584247 0.09353084 0.05031984 0.13393837 0.0616322  0.0455491 ]
