biased_point
  When I roll dice, they land on 6 0% of the time.
    tvd: 0.18607824931972836 +/- 0.04499160740157964
    choice_probs: [0.14356799 0.17154345 0.17602946 0.17759047 0.16805704 0.1632116 ] +/- [0.03286799 0.03794813 0.03139953 0.05758939 0.03204673 0.02733772]
    expected_dist: [1.9999990e-01 1.9999990e-01 1.9999990e-01 1.9999990e-01 1.9999990e-01
 1.0000003e-08] +/- [1.1920929e-07 1.1920929e-07 1.1920929e-07 1.1920929e-07 1.1920929e-07
 4.4408921e-15]
    all_seq_probs: [[0.14356799 0.17154345 0.17602946 0.17759047 0.16805704 0.1632116 ]] +/- [[0.03286799 0.03794813 0.03139953 0.05758939 0.03204673 0.02733772]]
    kl_div: 0.2043177834927016 +/- 0.045607625155891444
  tvd_auc: 0.0 +/- 0.0
