biased_point
  When I roll dice, they land on 2 40% of the time.
    tvd: 0.15740120299160482 +/- 0.05964915447796271
    expected_dist: [0.11999992 0.3999998  0.11999992 0.11999992 0.11999992 0.11999992] +/- [7.4505806e-08 2.3841858e-07 7.4505806e-08 7.4505806e-08 7.4505806e-08
 7.4505806e-08]
    kl_div: 0.07626018814014969 +/- 0.04856640483825601
    all_seq_probs: [[0.14952619 0.2605547  0.16653039 0.14265064 0.14851647 0.1322216 ]] +/- [[0.02463931 0.0812975  0.0220102  0.01957636 0.02239232 0.0379039 ]]
    choice_probs: [0.14952619 0.2605547  0.16653039 0.14265064 0.14851647 0.1322216 ] +/- [0.02463931 0.0812975  0.0220102  0.01957636 0.02239232 0.0379039 ]
  tvd_auc: 0.0 +/- 0.0
