biased_point
  When I roll dice, they land on 6 40% of the time.
    expected_dist: [0.11999992 0.11999992 0.11999992 0.11999992 0.11999992 0.3999998 ] +/- [7.4505806e-08 7.4505806e-08 7.4505806e-08 7.4505806e-08 7.4505806e-08
 2.3841858e-07]
    kl_div: 0.07039340805786196 +/- 0.05353422493841589
    all_seq_probs: [[0.12747738 0.12867983 0.1460759  0.14170908 0.1362307  0.31982711]] +/- [[0.04353395 0.06336989 0.04120295 0.05397146 0.03225124 0.10174763]]
    choice_probs: [0.12747738 0.12867983 0.1460759  0.14170908 0.1362307  0.31982711] +/- [0.04353395 0.06336989 0.04120295 0.05397146 0.03225124 0.10174763]
    tvd: 0.15169250674545764 +/- 0.06405174505322743
  tvd_auc: 0.0 +/- 0.0
