biased_point
  tvd_auc: 0.0 +/- 0.0
  When I roll dice, they land on 2 60% of the time.
    kl_div: 0.26236141793167916 +/- 0.128841033201324
    all_seq_probs: [[0.16554522 0.32542339 0.12370177 0.1191054  0.11384002 0.1523842 ]] +/- [[0.06238088 0.12547925 0.04528627 0.05831601 0.05690508 0.06436151]]
    tvd: 0.30614090073388067 +/- 0.08664091820958707
    expected_dist: [0.07999998 0.60000026 0.07999998 0.07999998 0.07999998 0.07999998] +/- [4.4703484e-08 1.7881393e-07 4.4703484e-08 4.4703484e-08 4.4703484e-08
 4.4703484e-08]
    choice_probs: [0.16554522 0.32542339 0.12370177 0.1191054  0.11384002 0.1523842 ] +/- [0.06238088 0.12547925 0.04528627 0.05831601 0.05690508 0.06436151]
