unconditional_point
  kl_div: 0.45192912238591815 +/- 0.20709214347862998
  all_seq_probs: [[0.05868867 0.20079761 0.31992603 0.16628998 0.12124049 0.13305723]] +/- [[0.03234171 0.15756917 0.14687398 0.12526992 0.07813872 0.08451073]]
  expected_dist: [0.16666663 0.16666663 0.16666663 0.16666663 0.16666663 0.16666663] +/- [5.9604645e-08 5.9604645e-08 5.9604645e-08 5.9604645e-08 5.9604645e-08
 5.9604645e-08]
  choice_probs: [0.05868867 0.20079761 0.31992603 0.16628998 0.12124049 0.13305723] +/- [0.03234171 0.15756917 0.14687398 0.12526992 0.07813872 0.08451073]
  tvd: 0.330317974104546 +/- 0.09559709764689503
biased_point
  When I roll dice, they land on 4 40% of the time.
    kl_div: 0.3833867550133436 +/- 0.23497315888127182
    all_seq_probs: [[0.08862037 0.23855266 0.2560741  0.13870846 0.10816683 0.16987759]] +/- [[0.03996456 0.13994247 0.09726683 0.05291235 0.04570416 0.06749357]]
    expected_dist: [0.11999992 0.11999992 0.11999992 0.3999998  0.11999992 0.11999992] +/- [7.4505806e-08 7.4505806e-08 7.4505806e-08 2.3841858e-07 7.4505806e-08
 7.4505806e-08]
    choice_probs: [0.08862037 0.23855266 0.2560741  0.13870846 0.10816683 0.16987759] +/- [0.03996456 0.13994247 0.09726683 0.05291235 0.04570416 0.06749357]
    tvd: 0.3474437504354864 +/- 0.08378371961349292
  tvd_auc: 0.0 +/- 0.0
