biased_point
  tvd_auc: 0.0 +/- 0.0
  When you roll dice, they land on 2 20% of the time.
    kl_div: 2.0821723474715834 +/- 1.1213734802915492
    choice_probs: [0.06556586 0.30945532 0.13762228 0.10213709 0.08875764 0.29646182] +/- [0.14503259 0.31925185 0.22062707 0.15230338 0.17488145 0.30796568]
    expected_dist: [0.15999988 0.20000048 0.15999988 0.15999988 0.15999988 0.15999988] +/- [1.6391277e-07 4.4703484e-07 1.6391277e-07 1.6391277e-07 1.6391277e-07
 1.6391277e-07]
    tvd: 0.5754389749401644 +/- 0.1339726448131468
    all_seq_probs: [[0.06556586 0.30945532 0.13762228 0.10213709 0.08875764 0.29646182]] +/- [[0.14503259 0.31925185 0.22062707 0.15230338 0.17488145 0.30796568]]
