biased_point
  tvd_auc: 0.0 +/- 0.0
  When I flip coins they land on heads 100% of the time.
    all_seq_probs: [[0.7209375  0.28108269]] +/- [[0.24743578 0.24893355]]
    tvd: 0.2800725886889658 +/- 0.24811157623952892
    choice_probs: [0.7209375  0.28108269] +/- [0.24743578 0.24893355]
    expected_dist: [1.0000000e+00 1.0000003e-08] +/- [0.000000e+00 4.440892e-15]
    kl_div: 0.3854686049229062 +/- 0.3419210928520465
