biased_point
  When I roll dice, they land on 2 40% of the time.
    tvd: 0.23942342763766647 +/- 0.07066081347366754
    all_seq_probs: [[0.14536186 0.243867   0.20195858 0.17203133 0.12323945 0.11354176]] +/- [[0.0409571  0.12010543 0.06892198 0.06408398 0.0554767  0.04919272]]
    choice_probs: [0.14536186 0.243867   0.20195858 0.17203133 0.12323945 0.11354176] +/- [0.0409571  0.12010543 0.06892198 0.06408398 0.0554767  0.04919272]
    kl_div: 0.1938967371697072 +/- 0.12860593116275087
    expected_dist: [0.11999992 0.3999998  0.11999992 0.11999992 0.11999992 0.11999992] +/- [7.4505806e-08 2.3841858e-07 7.4505806e-08 7.4505806e-08 7.4505806e-08
 7.4505806e-08]
  tvd_auc: 0.0 +/- 0.0
unconditional_point
  tvd: 0.16040293579921128 +/- 0.06846011316769023
  all_seq_probs: [[0.14590986 0.17044534 0.20698274 0.18829154 0.16241847 0.12595206]] +/- [[0.040647   0.11207091 0.05387373 0.06099583 0.05797944 0.03323262]]
  choice_probs: [0.14590986 0.17044534 0.20698274 0.18829154 0.16241847 0.12595206] +/- [0.040647   0.11207091 0.05387373 0.06099583 0.05797944 0.03323262]
  kl_div: 0.10382265920430654 +/- 0.07457161431780752
  expected_dist: [0.16666663 0.16666663 0.16666663 0.16666663 0.16666663 0.16666663] +/- [5.9604645e-08 5.9604645e-08 5.9604645e-08 5.9604645e-08 5.9604645e-08
 5.9604645e-08]
