biased_point
  When I roll dice, they land on 3 40% of the time.
    kl_div: 0.18353534568333998 +/- 0.11442933136730855
    choice_probs: [0.12437805 0.13474901 0.25501191 0.2238103  0.13807309 0.12397763] +/- [0.07093241 0.05418561 0.12403113 0.08412952 0.06627433 0.07276694]
    expected_dist: [0.11999992 0.11999992 0.3999998  0.11999992 0.11999992 0.11999992] +/- [7.4505806e-08 7.4505806e-08 2.3841858e-07 7.4505806e-08 7.4505806e-08
 7.4505806e-08]
    tvd: 0.24469946910627186 +/- 0.07105015338724145
    all_seq_probs: [[0.12437805 0.13474901 0.25501191 0.2238103  0.13807309 0.12397763]] +/- [[0.07093241 0.05418561 0.12403113 0.08412952 0.06627433 0.07276694]]
  tvd_auc: 0.0 +/- 0.0
