biased_point
  tvd_auc: 0.0 +/- 0.0
  When I roll dice, they land on 6 20% of the time.
    expected_dist: [0.15999995 0.15999995 0.15999995 0.15999995 0.15999995 0.1999999 ] +/- [8.9406967e-08 8.9406967e-08 8.9406967e-08 8.9406967e-08 8.9406967e-08
 1.3411045e-07]
    all_seq_probs: [[0.13327062 0.20712406 0.16228612 0.15764569 0.14081765 0.19885587]] +/- [[0.05287946 0.13718062 0.05530265 0.07535912 0.0615924  0.07190145]]
    kl_div: 0.1593043465644587 +/- 0.19169559538091183
    choice_probs: [0.13327062 0.20712406 0.16228612 0.15764569 0.14081765 0.19885587] +/- [0.05287946 0.13718062 0.05530265 0.07535912 0.0615924  0.07190145]
    tvd: 0.16601462512277065 +/- 0.09926877080788662
unconditional_point
  expected_dist: [0.16666663 0.16666663 0.16666663 0.16666663 0.16666663 0.16666663] +/- [5.9604645e-08 5.9604645e-08 5.9604645e-08 5.9604645e-08 5.9604645e-08
 5.9604645e-08]
  all_seq_probs: [[0.1491138  0.21282368 0.1848048  0.16561844 0.15822486 0.12941442]] +/- [[0.04711034 0.11734594 0.05166764 0.06267617 0.05854994 0.03490411]]
  kl_div: 0.10106924724299461 +/- 0.1219317123235486
  choice_probs: [0.1491138  0.21282368 0.1848048  0.16561844 0.15822486 0.12941442] +/- [0.04711034 0.11734594 0.05166764 0.06267617 0.05854994 0.03490411]
  tvd: 0.1474935044720769 +/- 0.08933406923214213
