biased_point
  tvd_auc: 0.0 +/- 0.0
  When you roll dice, they land on 1 0% of the time.
    choice_probs: [0.18740643 0.15161895 0.15259954 0.10416879 0.17155345 0.23265284] +/- [0.05461489 0.04406972 0.04501905 0.03136253 0.06425924 0.0564979 ]
    kl_div: 0.2868212324728237 +/- 0.10340310937762105
    expected_dist: [9.9999795e-09 2.0000048e-01 2.0000048e-01 2.0000048e-01 2.0000048e-01
 2.0000048e-01] +/- [1.8651747e-14 4.6193600e-07 4.6193600e-07 4.6193600e-07 4.6193600e-07
 4.6193600e-07]
    tvd: 0.24970084758782002 +/- 0.07343232076287
    all_seq_probs: [[0.18740643 0.15161895 0.15259954 0.10416879 0.17155345 0.23265284]] +/- [[0.05461489 0.04406972 0.04501905 0.03136253 0.06425924 0.0564979 ]]
