biased_point
  When you roll dice, they land on 3 80% of the time.
    all_seq_probs: [[0.02749422 0.08149215 0.64888077 0.04792334 0.09839314 0.09581637]] +/- [[0.04318836 0.07877008 0.22760887 0.0401301  0.07790477 0.08278722]]
    expected_dist: [0.03999997 0.03999997 0.8000019  0.03999997 0.03999997 0.03999997] +/- [4.0978193e-08 4.0978193e-08 1.9073486e-06 4.0978193e-08 4.0978193e-08
 4.0978193e-08]
    choice_probs: [0.02749422 0.08149215 0.64888077 0.04792334 0.09839314 0.09581637] +/- [0.04318836 0.07877008 0.22760887 0.0401301  0.07790477 0.08278722]
    tvd: 0.24765801927134454 +/- 0.14807251342001054
    kl_div: 0.3015763986961683 +/- 0.2506596712569164
  tvd_auc: 0.0 +/- 0.0
