unconditional_point
  tvd: 0.22636867236346006 +/- 0.12140860003153406
  kl_div: 0.1917566552758217 +/- 0.21712892327150582
  expected_dist: [0.5 0.5] +/- [0. 0.]
  all_seq_probs: [[0.7214703 0.2785297]] +/- [[0.13012967 0.13012967]]
  choice_probs: [0.7214703 0.2785297] +/- [0.13012967 0.13012967]
biased_point
  When I flip coins they land on heads 90% of the time.
    tvd: 0.20480054453015328 +/- 0.10508477450213968
    kl_div: 0.1380282025039196 +/- 0.10045549949954383
    expected_dist: [0.9000002  0.09999995] +/- [2.3841858e-07 5.2154064e-08]
    all_seq_probs: [[0.69519944 0.30480056]] +/- [[0.10508477 0.10508478]]
    choice_probs: [0.69519944 0.30480056] +/- [0.10508477 0.10508478]
  tvd_auc: 0.0 +/- 0.0
