unconditional_point
  expected_dist: [0.16666676 0.16666676 0.16666676 0.16666676 0.16666676 0.16666676] +/- [7.4505806e-08 7.4505806e-08 7.4505806e-08 7.4505806e-08 7.4505806e-08
 7.4505806e-08]
  tvd: 0.435969578038028 +/- 0.05073488059270308
  choice_probs: [0.01970091 0.00529873 0.17669867 0.25568567 0.47827578 0.06434025] +/- [0.00921453 0.0037472  0.09920821 0.05705568 0.10803486 0.03769227]
  kl_div: 0.9483303795060055 +/- 0.22714915524135743
  all_seq_probs: [[0.01970091 0.00529873 0.17669867 0.25568567 0.47827578 0.06434025]] +/- [[0.00921453 0.0037472  0.09920821 0.05705568 0.10803486 0.03769227]]
biased_point
  When you roll dice, they land on 2 100% of the time.
    expected_dist: [9.9999795e-09 1.0000000e+00 9.9999795e-09 9.9999795e-09 9.9999795e-09
 9.9999795e-09] +/- [1.8651747e-14 0.0000000e+00 1.8651747e-14 1.8651747e-14 1.8651747e-14
 1.8651747e-14]
    tvd: 0.5593459727377253 +/- 0.25431678601358393
    choice_probs: [0.08633543 0.440654   0.20069314 0.11393664 0.07197319 0.0864076 ] +/- [0.05643012 0.25431679 0.13435715 0.07158094 0.05477317 0.0482913 ]
    kl_div: 1.0968017033006416 +/- 0.8859966141750115
    all_seq_probs: [[0.08633543 0.440654   0.20069314 0.11393664 0.07197319 0.0864076 ]] +/- [[0.05643012 0.25431679 0.13435715 0.07158094 0.05477317 0.0482913 ]]
  tvd_auc: 0.0 +/- 0.0
