biased_point
  tvd_auc: 0.0 +/- 0.0
  When you roll dice, they land on 6 40% of the time.
    kl_div: 1.7483685312662856 +/- 0.9428203993327137
    choice_probs: [0.02348367 0.05908873 0.09232302 0.35608998 0.06286301 0.40615158] +/- [0.04869382 0.10386457 0.13206151 0.33144251 0.1142895  0.3903339 ]
    all_seq_probs: [[0.02348367 0.05908873 0.09232302 0.35608998 0.06286301 0.40615158]] +/- [[0.04869382 0.10386457 0.13206151 0.33144251 0.1142895  0.3903339 ]]
    expected_dist: [0.12000033 0.12000033 0.12000033 0.12000033 0.12000033 0.40000096] +/- [3.3527613e-07 3.3527613e-07 3.3527613e-07 3.3527613e-07 3.3527613e-07
 9.2387199e-07]
    tvd: 0.539174966384613 +/- 0.15185786766331735
