biased_point
  When you flip coins, they land on heads 30% of the time.
    expected_dist: [0.3       0.6999983] +/- [0.00000e+00 1.66893e-06]
    kl_div: 0.12195367849245667 +/- 0.10780964729223878
    choice_probs: [0.14618588 0.85381413] +/- [0.07719969 0.07719969]
    tvd: 0.15937436433881522 +/- 0.06494915126494008
    all_seq_probs: [[0.14618588 0.85381413]] +/- [[0.07719969 0.07719969]]
  tvd_auc: 0.0 +/- 0.0
unconditional_point
  expected_dist: [0.5 0.5] +/- [0. 0.]
  kl_div: 0.3303052336573601 +/- 0.19965941345889668
  choice_probs: [0.17510778 0.82489222] +/- [0.07766697 0.07766698]
  tvd: 0.32489222182705996 +/- 0.07766697339613433
  all_seq_probs: [[0.17510778 0.82489222]] +/- [[0.07766697 0.07766698]]
