biased_point
  When I roll dice, they land on 6 60% of the time.
    all_seq_probs: [[0.11202947 0.09760998 0.10679742 0.10844133 0.1268341  0.44828771]] +/- [[0.07691476 0.06944992 0.08080418 0.07559968 0.08414421 0.33092985]]
    choice_probs: [0.11202947 0.09760998 0.10679742 0.10844133 0.1268341  0.44828771] +/- [0.07691476 0.06944992 0.08080418 0.07559968 0.08414421 0.33092985]
    tvd: 0.35914180054562167 +/- 0.07724380050571515
    expected_dist: [0.07999997 0.07999997 0.07999997 0.07999997 0.07999997 0.60000026] +/- [2.9802322e-08 2.9802322e-08 2.9802322e-08 2.9802322e-08 2.9802322e-08
 2.3841858e-07]
    kl_div: 0.4152320463722572 +/- 0.17685051628459864
  tvd_auc: 0.0 +/- 0.0
