biased_point
  When I flip coins they land on heads 0% of the time.
    all_seq_probs: [[0.67226562 0.33882812]] +/- [[0.23457836 0.22999705]]
    expected_dist: [1.0000003e-08 1.0000000e+00] +/- [4.440892e-15 0.000000e+00]
    choice_probs: [0.67226562 0.33882812] +/- [0.23457836 0.22999705]
    tvd: 0.6667187450000011 +/- 0.23228522771341714
    kl_div: 1.8099216953080914 +/- 1.5693174695302083
  tvd_auc: 0.0 +/- 0.0
