unconditional_point
  all_seq_probs: [[0.77356102 0.22643899]] +/- [[0.12780076 0.12780077]]
  expected_dist: [0.5 0.5] +/- [0. 0.]
  choice_probs: [0.77356102 0.22643899] +/- [0.12780076 0.12780077]
  tvd: 0.2745572929903865 +/- 0.1256461619896648
  kl_div: 0.30453647989034655 +/- 0.32165741083763283
biased_point
  When you flip coins, they land on heads 10% of the time.
    all_seq_probs: [[0.54750077 0.45249924]] +/- [[0.16990365 0.16990365]]
    expected_dist: [0.10000024 0.899998  ] +/- [2.3841858e-07 1.9669533e-06]
    choice_probs: [0.54750077 0.45249924] +/- [0.16990365 0.16990365]
    tvd: 0.44750075247883797 +/- 0.1699036480959296
    kl_div: 0.5330842625275254 +/- 0.37316199096419084
  tvd_auc: 0.0 +/- 0.0
