biased_point
  When you flip coins, they land on heads 80% of the time.
    tvd: 0.14769672347605228 +/- 0.09826582382770706
    expected_dist: [0.8000019  0.20000048] +/- [1.9073486e-06 4.6193600e-07]
    all_seq_probs: [[0.67042433 0.32957567]] +/- [[0.12116369 0.1211637 ]]
    choice_probs: [0.67042433 0.32957567] +/- [0.12116369 0.1211637 ]
    kl_div: 0.07137795309070498 +/- 0.0748351655474491
  tvd_auc: 0.0 +/- 0.0
unconditional_point
  tvd: 0.3168053904287517 +/- 0.11254063531434039
  expected_dist: [0.5 0.5] +/- [0. 0.]
  all_seq_probs: [[0.32770743 0.67229257]] +/- [[0.28869763 0.28869763]]
  choice_probs: [0.32770743 0.67229257] +/- [0.28869763 0.28869763]
  kl_div: 0.3539932290911674 +/- 0.24355933678391795
