biased_point
  When you flip coins, they land on heads 90% of the time.
    choice_probs: [0.49875738 0.50124262] +/- [0.35035573 0.35035573]
    tvd: 0.43572707177997 +/- 0.30640934678109605
    all_seq_probs: [[0.49875738 0.50124262]] +/- [[0.35035573 0.35035573]]
    kl_div: 0.8388024761322885 +/- 0.8224273383516653
    expected_dist: [0.899998   0.10000024] +/- [1.9669533e-06 2.3841858e-07]
  tvd_auc: 0.0 +/- 0.0
unconditional_point
  choice_probs: [0.14641157 0.85358844] +/- [0.32067852 0.32067852]
  tvd: 0.46801343057124906 +/- 0.09393042310539136
  all_seq_probs: [[0.14641157 0.85358844]] +/- [[0.32067852 0.32067852]]
  kl_div: 2.576867099940777 +/- 1.1169512986888341
  expected_dist: [0.5 0.5] +/- [0. 0.]
