unconditional_point
  choice_probs: [0.56289017 0.43710985] +/- [0.07633596 0.07633598]
  expected_dist: [0.5 0.5] +/- [0. 0.]
  tvd: 0.07655123248696327 +/- 0.062627963083339
  kl_div: 0.020900093019008636 +/- 0.03149127075555156
  all_seq_probs: [[0.56289017 0.43710985]] +/- [[0.07633596 0.07633598]]
biased_point
  tvd_auc: 0.0 +/- 0.0
  When you flip coins, they land on heads 50% of the time.
    choice_probs: [0.51630534 0.48369468] +/- [0.07036027 0.07036028]
    expected_dist: [0.5 0.5] +/- [0. 0.]
    tvd: 0.0564038445353508 +/- 0.04511139976884013
    kl_div: 0.010783946812152863 +/- 0.015743982265732325
    all_seq_probs: [[0.51630534 0.48369468]] +/- [[0.07036027 0.07036028]]
