biased_point
  tvd_auc: 0.0 +/- 0.0
  When I roll dice, they land on 2 40% of the time.
    tvd: 0.1416223697178066 +/- 0.05272358906020472
    all_seq_probs: [[0.12578691 0.32928876 0.14526887 0.14275911 0.12750272 0.12939362]] +/- [[0.03721961 0.09483881 0.03924704 0.04970505 0.0480076  0.0509254 ]]
    choice_probs: [0.12578691 0.32928876 0.14526887 0.14275911 0.12750272 0.12939362] +/- [0.03721961 0.09483881 0.03924704 0.04970505 0.0480076  0.0509254 ]
    expected_dist: [0.11999992 0.3999998  0.11999992 0.11999992 0.11999992 0.11999992] +/- [7.4505806e-08 2.3841858e-07 7.4505806e-08 7.4505806e-08 7.4505806e-08
 7.4505806e-08]
    kl_div: 0.06199256645242713 +/- 0.044318365363706154
