biased_point
  tvd_auc: 0.0 +/- 0.0
  When I flip coins they land on heads 70% of the time.
    tvd: 0.09819866612553596 +/- 0.07328820929908095
    choice_probs: [0.65539789 0.34460211] +/- [0.11412621 0.11412622]
    all_seq_probs: [[0.65539789 0.34460211]] +/- [[0.11412621 0.11412622]]
    kl_div: 0.03539644081145525 +/- 0.05665306553557505
    expected_dist: [0.7000003  0.30000013] +/- [2.9802322e-07 1.1920929e-07]
unconditional_point
  tvd: 0.17749232321977615 +/- 0.09572773457121377
  choice_probs: [0.67005023 0.32994978] +/- [0.10839854 0.10839855]
  all_seq_probs: [[0.67005023 0.32994978]] +/- [[0.10839854 0.10839855]]
  kl_div: 0.1009458565711975 +/- 0.11992676181488646
  expected_dist: [0.5 0.5] +/- [0. 0.]
