biased_point
  tvd_auc: 0.0 +/- 0.0
  When I roll dice, they land on 3 20% of the time.
    choice_probs: [0.15048122 0.15784538 0.225866   0.15827198 0.15476953 0.1527659 ] +/- [0.05060995 0.07102131 0.07228597 0.0703383  0.07394485 0.07181629]
    tvd: 0.15297369811683892 +/- 0.08035219263294972
    all_seq_probs: [[0.15048122 0.15784538 0.225866   0.15827198 0.15476953 0.1527659 ]] +/- [[0.05060995 0.07102131 0.07228597 0.0703383  0.07394485 0.07181629]]
    kl_div: 0.08189911514033156 +/- 0.078041479210634
    expected_dist: [0.15999995 0.15999995 0.1999999  0.15999995 0.15999995 0.15999995] +/- [8.9406967e-08 8.9406967e-08 1.3411045e-07 8.9406967e-08 8.9406967e-08
 8.9406967e-08]
unconditional_point
  choice_probs: [0.17196479 0.15657499 0.1717249  0.16433768 0.16750351 0.16789414] +/- [0.08231433 0.06816963 0.07526378 0.08263687 0.10073897 0.10011058]
  tvd: 0.17025528645142912 +/- 0.12475040352664601
  all_seq_probs: [[0.17196479 0.15657499 0.1717249  0.16433768 0.16750351 0.16789414]] +/- [[0.08231433 0.06816963 0.07526378 0.08263687 0.10073897 0.10011058]]
  kl_div: 0.10930308385984971 +/- 0.16378511189849188
  expected_dist: [0.16666663 0.16666663 0.16666663 0.16666663 0.16666663 0.16666663] +/- [5.9604645e-08 5.9604645e-08 5.9604645e-08 5.9604645e-08 5.9604645e-08
 5.9604645e-08]
