unconditional_point
  kl_div: 2.6103010299566667 +/- 1.0427478141916746
  choice_probs: [0.01076357 0.1107864  0.12272699 0.34161515 0.29861977 0.11548812] +/- [0.06644957 0.27322824 0.15385071 0.21876347 0.18979359 0.14892481]
  expected_dist: [0.16666676 0.16666676 0.16666676 0.16666676 0.16666676 0.16666676] +/- [7.4505806e-08 7.4505806e-08 7.4505806e-08 7.4505806e-08 7.4505806e-08
 7.4505806e-08]
  tvd: 0.5316824629011455 +/- 0.11947984112102324
  all_seq_probs: [[0.01076357 0.1107864  0.12272699 0.34161515 0.29861977 0.11548812]] +/- [[0.06644957 0.27322824 0.15385071 0.21876347 0.18979359 0.14892481]]
biased_point
  tvd_auc: 0.0 +/- 0.0
  When you roll dice, they land on 2 80% of the time.
    kl_div: 2.979304726149072 +/- 1.9190169855123675
    choice_probs: [0.02252525 0.17400721 0.02266252 0.1889149  0.04700291 0.54488723] +/- [0.09135399 0.28699466 0.06900325 0.30635046 0.07703985 0.37651116]
    expected_dist: [0.03999997 0.8000019  0.03999997 0.03999997 0.03999997 0.03999997] +/- [4.0978193e-08 1.9669533e-06 4.0978193e-08 4.0978193e-08 4.0978193e-08
 4.0978193e-08]
    tvd: 0.7360627308564708 +/- 0.24256064087266072
    all_seq_probs: [[0.02252525 0.17400721 0.02266252 0.1889149  0.04700291 0.54488723]] +/- [[0.09135399 0.28699466 0.06900325 0.30635046 0.07703985 0.37651116]]
