biased_point
  tvd_auc: 0.0 +/- 0.0
  When I flip coins they land on heads 50% of the time.
    all_seq_probs: [[0.5917587 0.4082413]] +/- [[0.30424778 0.30424777]]
    expected_dist: [0.5 0.5] +/- [0. 0.]
    choice_probs: [0.5917587 0.4082413] +/- [0.30424778 0.30424777]
    tvd: 0.29484495278447864 +/- 0.11854459743209629
    kl_div: 0.3345849457383156 +/- 0.3113765357001032
unconditional_point
  all_seq_probs: [[0.43635819 0.56364181]] +/- [[0.31623348 0.31623349]]
  expected_dist: [0.5 0.5] +/- [0. 0.]
  choice_probs: [0.43635819 0.56364181] +/- [0.31623348 0.31623349]
  tvd: 0.29663890663534404 +/- 0.12672512278372058
  kl_div: 0.3258926120400429 +/- 0.2494824470207929
