biased_point
  When I roll dice, they land on 3 80% of the time.
    kl_div: 0.02981153735985572 +/- 0.024459906520193683
    expected_dist: [0.03999999 0.03999999 0.7999996  0.03999999 0.03999999 0.03999999] +/- [2.2351742e-08 2.2351742e-08 4.1723251e-07 2.2351742e-08 2.2351742e-08
 2.2351742e-08]
    choice_probs: [0.04077802 0.05277613 0.7717783  0.05249812 0.04401584 0.0381536 ] +/- [0.0177893  0.02307166 0.07006935 0.02128117 0.01695885 0.01957392]
    all_seq_probs: [[0.04077802 0.05277613 0.7717783  0.05249812 0.04401584 0.0381536 ]] +/- [[0.0177893  0.02307166 0.07006935 0.02128117 0.01695885 0.01957392]]
    tvd: 0.07469927343539894 +/- 0.0343604978079594
  tvd_auc: 0.0 +/- 0.0
