biased_point
  tvd_auc: 0.0 +/- 0.0
  When you roll dice, they land on 3 60% of the time.
    all_seq_probs: [[0.05485077 0.15349898 0.29537493 0.10560089 0.16075139 0.22992303]] +/- [[0.03939733 0.12154516 0.31548012 0.12744843 0.12345606 0.1738838 ]]
    tvd: 0.46971944191353393 +/- 0.13903357904959343
    expected_dist: [0.07999994 0.07999994 0.6        0.07999994 0.07999994 0.07999994] +/- [8.1956387e-08 8.1956387e-08 5.9604645e-08 8.1956387e-08 8.1956387e-08
 8.1956387e-08]
    kl_div: 0.7633933869430038 +/- 0.48643474170219503
    choice_probs: [0.05485077 0.15349898 0.29537493 0.10560089 0.16075139 0.22992303] +/- [0.03939733 0.12154516 0.31548012 0.12744843 0.12345606 0.1738838 ]
