biased_point
  tvd_auc: 0.0 +/- 0.0
  When I roll dice, they land on 3 80% of the time.
    tvd: 0.2513444844912738 +/- 0.1604194451250319
    kl_div: 0.23872532760724424 +/- 0.21813656614851826
    choice_probs: [0.05932664 0.05972567 0.63943272 0.07302957 0.07223822 0.09624718] +/- [0.05475297 0.04914127 0.248473   0.08587213 0.0843625  0.07385933]
    expected_dist: [0.03999999 0.03999999 0.7999996  0.03999999 0.03999999 0.03999999] +/- [2.2351742e-08 2.2351742e-08 4.1723251e-07 2.2351742e-08 2.2351742e-08
 2.2351742e-08]
    all_seq_probs: [[0.05932664 0.05972567 0.63943272 0.07302957 0.07223822 0.09624718]] +/- [[0.05475297 0.04914127 0.248473   0.08587213 0.0843625  0.07385933]]
