unconditional_point
  tvd: 0.29574402107391506 +/- 0.07710266049261356
  kl_div: 0.3551766932656028 +/- 0.1741255275487603
  all_seq_probs: [[0.06662695 0.22652022 0.25556651 0.2252235  0.12540276 0.10066004]] +/- [[0.03891676 0.12261777 0.13080051 0.1164612  0.07655398 0.07740838]]
  expected_dist: [0.16666663 0.16666663 0.16666663 0.16666663 0.16666663 0.16666663] +/- [5.9604645e-08 5.9604645e-08 5.9604645e-08 5.9604645e-08 5.9604645e-08
 5.9604645e-08]
  choice_probs: [0.06662695 0.22652022 0.25556651 0.2252235  0.12540276 0.10066004] +/- [0.03891676 0.12261777 0.13080051 0.1164612  0.07655398 0.07740838]
biased_point
  tvd_auc: 0.0 +/- 0.0
  When I roll dice, they land on 2 0% of the time.
    tvd: 0.29872129176863643 +/- 0.05773768495175545
    kl_div: 0.40352894133215556 +/- 0.11991656095068629
    all_seq_probs: [[0.15257153 0.21870701 0.23889221 0.16711021 0.13556633 0.0871527 ]] +/- [[0.04323117 0.06197685 0.09062007 0.05728629 0.05864012 0.03867666]]
    expected_dist: [1.9999990e-01 1.0000003e-08 1.9999990e-01 1.9999990e-01 1.9999990e-01
 1.9999990e-01] +/- [1.1920929e-07 4.4408921e-15 1.1920929e-07 1.1920929e-07 1.1920929e-07
 1.1920929e-07]
    choice_probs: [0.15257153 0.21870701 0.23889221 0.16711021 0.13556633 0.0871527 ] +/- [0.04323117 0.06197685 0.09062007 0.05728629 0.05864012 0.03867666]
