biased_point
  tvd_auc: 0.0 +/- 0.0
  When you roll dice, they land on 3 40% of the time.
    kl_div: 1.6996612569268328 +/- 0.9634564843602945
    tvd: 0.5399932597314191 +/- 0.15414008404902105
    expected_dist: [0.12000033 0.12000033 0.40000096 0.12000033 0.12000033 0.12000033] +/- [3.3527613e-07 3.3527613e-07 9.2387199e-07 3.3527613e-07 3.3527613e-07
 3.3527613e-07]
    all_seq_probs: [[0.07983599 0.15040458 0.27642388 0.18684564 0.08512743 0.22136247]] +/- [[0.13106072 0.23156157 0.31819781 0.24541949 0.16284406 0.23032201]]
    choice_probs: [0.07983599 0.15040458 0.27642388 0.18684564 0.08512743 0.22136247] +/- [0.13106072 0.23156157 0.31819781 0.24541949 0.16284406 0.23032201]
