biased_point
  tvd_auc: 0.0 +/- 0.0
  When I roll dice, they land on 2 60% of the time.
    tvd: 0.20773377411998808 +/- 0.10079553023434278
    kl_div: 0.127488919976895 +/- 0.10229167692548961
    expected_dist: [0.07999998 0.60000026 0.07999998 0.07999998 0.07999998 0.07999998] +/- [4.4703484e-08 1.7881393e-07 4.4703484e-08 4.4703484e-08 4.4703484e-08
 4.4703484e-08]
    all_seq_probs: [[0.11784782 0.4450871  0.12922557 0.10639071 0.11133451 0.09011428]] +/- [[0.04813107 0.16694169 0.03660286 0.03372225 0.03840898 0.0389145 ]]
    choice_probs: [0.11784782 0.4450871  0.12922557 0.10639071 0.11133451 0.09011428] +/- [0.04813107 0.16694169 0.03660286 0.03372225 0.03840898 0.0389145 ]
