biased_point
  When you roll dice, they land on 1 60% of the time.
    tvd: 0.47267454315564034 +/- 0.1845986704216302
    choice_probs: [0.31374443 0.0741175  0.08529977 0.06565306 0.08285375 0.37833149] +/- [0.27378466 0.0940947  0.09819055 0.07351294 0.12378724 0.24439375]
    expected_dist: [0.6        0.07999994 0.07999994 0.07999994 0.07999994 0.07999994] +/- [5.9604645e-08 8.1956387e-08 8.1956387e-08 8.1956387e-08 8.1956387e-08
 8.1956387e-08]
    all_seq_probs: [[0.31374443 0.0741175  0.08529977 0.06565306 0.08285375 0.37833149]] +/- [[0.27378466 0.0940947  0.09819055 0.07351294 0.12378724 0.24439375]]
    kl_div: 1.025528764139017 +/- 0.8746999958382843
  tvd_auc: 0.0 +/- 0.0
