unconditional_point
  kl_div: 2.526727261543274 +/- 0.2067585435799116
  tvd: 0.4982524247246329 +/- 0.0008201371154725652
  expected_dist: [0.5 0.5] +/- [0. 0.]
  choice_probs: [0.00174758 0.99825243] +/- [0.00082014 0.00082014]
  all_seq_probs: [[0.00174758 0.99825243]] +/- [[0.00082014 0.00082014]]
biased_point
  tvd_auc: 0.0 +/- 0.0
  When I flip coins they land on heads 0% of the time.
    kl_div: 0.0011442148371833126 +/- 0.00022127071187407626
    tvd: 0.0011436606402665994 +/- 0.00022098270766994109
    expected_dist: [1.0000003e-08 1.0000000e+00] +/- [4.440892e-15 0.000000e+00]
    choice_probs: [0.00114368 0.99885635] +/- [0.00022097 0.000221  ]
    all_seq_probs: [[0.00114368 0.99885635]] +/- [[0.00022097 0.000221  ]]
