biased_point
  tvd_auc: 0.0 +/- 0.0
  When I roll dice, they land on 1 40% of the time.
    expected_dist: [0.3999998  0.11999992 0.11999992 0.11999992 0.11999992 0.11999992] +/- [2.3841858e-07 7.4505806e-08 7.4505806e-08 7.4505806e-08 7.4505806e-08
 7.4505806e-08]
    kl_div: 0.1586466961260885 +/- 0.1312588714722753
    all_seq_probs: [[0.26999138 0.16175438 0.13467811 0.18980851 0.12296072 0.1208069 ]] +/- [[0.13056699 0.0572568  0.05036216 0.08210138 0.06604243 0.05654273]]
    tvd: 0.22089066237676888 +/- 0.06503210995583782
    choice_probs: [0.26999138 0.16175438 0.13467811 0.18980851 0.12296072 0.1208069 ] +/- [0.13056699 0.0572568  0.05036216 0.08210138 0.06604243 0.05654273]
