biased_point
  tvd_auc: 0.0 +/- 0.0
  When I roll dice, they land on 4 40% of the time.
    tvd: 0.17352102633565664 +/- 0.05340488394262451
    expected_dist: [0.11999992 0.11999992 0.11999992 0.3999998  0.11999992 0.11999992] +/- [7.4505806e-08 7.4505806e-08 7.4505806e-08 2.3841858e-07 7.4505806e-08
 7.4505806e-08]
    choice_probs: [0.13258533 0.14083243 0.15856593 0.26805886 0.16375511 0.13620236] +/- [0.03410097 0.03265422 0.02874993 0.10312711 0.0472317  0.03881229]
    kl_div: 0.08837929258472287 +/- 0.04956918037215918
    all_seq_probs: [[0.13258533 0.14083243 0.15856593 0.26805886 0.16375511 0.13620236]] +/- [[0.03410097 0.03265422 0.02874993 0.10312711 0.0472317  0.03881229]]
