unconditional_point
  tvd: 0.29131979173980654 +/- 0.08307118348515272
  kl_div: 0.3565673150400835 +/- 0.1654011968835273
  choice_probs: [0.0757686  0.19024868 0.13818956 0.32003894 0.15449388 0.12126036] +/- [0.0336509  0.08221267 0.15524622 0.13361174 0.04894401 0.06078326]
  expected_dist: [0.16666663 0.16666663 0.16666663 0.16666663 0.16666663 0.16666663] +/- [5.9604645e-08 5.9604645e-08 5.9604645e-08 5.9604645e-08 5.9604645e-08
 5.9604645e-08]
  all_seq_probs: [[0.0757686  0.19024868 0.13818956 0.32003894 0.15449388 0.12126036]] +/- [[0.0336509  0.08221267 0.15524622 0.13361174 0.04894401 0.06078326]]
biased_point
  When I roll dice, they land on 3 60% of the time.
    tvd: 0.4618049188097939 +/- 0.08203492983926994
    kl_div: 0.677924215416424 +/- 0.3297091577644068
    choice_probs: [0.11786166 0.22852517 0.15371669 0.20403257 0.123851   0.17201291] +/- [0.03578556 0.07449172 0.08960218 0.06993211 0.04064042 0.08191586]
    expected_dist: [0.07999998 0.07999998 0.60000026 0.07999998 0.07999998 0.07999998] +/- [4.4703484e-08 4.4703484e-08 1.7881393e-07 4.4703484e-08 4.4703484e-08
 4.4703484e-08]
    all_seq_probs: [[0.11786166 0.22852517 0.15371669 0.20403257 0.123851   0.17201291]] +/- [[0.03578556 0.07449172 0.08960218 0.06993211 0.04064042 0.08191586]]
  tvd_auc: 0.0 +/- 0.0
