biased_point
  tvd_auc: 0.0 +/- 0.0
  When you roll dice, they land on 6 40% of the time.
    tvd: 0.7040574584607506 +/- 0.20068130697006153
    kl_div: 4.977990765509196 +/- 3.3343720961525696
    expected_dist: [0.12000033 0.12000033 0.12000033 0.12000033 0.12000033 0.40000096] +/- [3.3527613e-07 3.3527613e-07 3.3527613e-07 3.3527613e-07 3.3527613e-07
 9.2387199e-07]
    choice_probs: [0.09453063 0.12320778 0.05045043 0.45884537 0.03592911 0.23703667] +/- [0.25230178 0.30288916 0.17009603 0.43786387 0.08643264 0.35877232]
    all_seq_probs: [[0.09453063 0.12320778 0.05045043 0.45884537 0.03592911 0.23703667]] +/- [[0.25230178 0.30288916 0.17009603 0.43786387 0.08643264 0.35877232]]
