biased_point
  When I roll dice, they land on 5 60% of the time.
    expected_dist: [0.07999997 0.07999997 0.07999997 0.07999997 0.60000026 0.07999997] +/- [2.9802322e-08 2.9802322e-08 2.9802322e-08 2.9802322e-08 2.3841858e-07
 2.9802322e-08]
    tvd: 0.22416806652210652 +/- 0.10656418125176645
    kl_div: 0.16140566525049507 +/- 0.14307921686300837
    all_seq_probs: [[0.10698205 0.10606554 0.12971767 0.12532697 0.43991564 0.09199212]] +/- [[0.04905331 0.04046768 0.04476056 0.04178546 0.18151086 0.04711794]]
    choice_probs: [0.10698205 0.10606554 0.12971767 0.12532697 0.43991564 0.09199212] +/- [0.04905331 0.04046768 0.04476056 0.04178546 0.18151086 0.04711794]
  tvd_auc: 0.0 +/- 0.0
