biased_point
  When I roll dice, they land on 3 20% of the time.
    expected_dist: [0.15999995 0.15999995 0.1999999  0.15999995 0.15999995 0.15999995] +/- [8.9406967e-08 8.9406967e-08 1.3411045e-07 8.9406967e-08 8.9406967e-08
 8.9406967e-08]
    choice_probs: [0.15953474 0.18197475 0.21535763 0.16692731 0.15932129 0.11688428] +/- [0.0440902  0.04207654 0.06679554 0.05676403 0.06784222 0.06849693]
    all_seq_probs: [[0.15953474 0.18197475 0.21535763 0.16692731 0.15932129 0.11688428]] +/- [[0.0440902  0.04207654 0.06679554 0.05676403 0.06784222 0.06849693]]
    tvd: 0.13992167223244906 +/- 0.06399701411368293
    kl_div: 0.0729447999841068 +/- 0.07243336347702277
  tvd_auc: 0.0 +/- 0.0
