biased_point
  When I flip coins they land on heads 100% of the time.
    choice_probs: [0.86187211 0.1381279 ] +/- [0.05939742 0.05939742]
    kl_div: 0.15123033321921583 +/- 0.073451954811044
    tvd: 0.1381278876879177 +/- 0.05939741896596251
    all_seq_probs: [[0.86187211 0.1381279 ]] +/- [[0.05939742 0.05939742]]
    expected_dist: [1.0000000e+00 1.0000003e-08] +/- [0.000000e+00 4.440892e-15]
  tvd_auc: 0.0 +/- 0.0
unconditional_point
  choice_probs: [0.52118618 0.47881383] +/- [0.1285113 0.1285113]
  kl_div: 0.0372872605919838 +/- 0.048299734610391894
  tvd: 0.10944354638457299 +/- 0.07061245244783373
  all_seq_probs: [[0.52118618 0.47881383]] +/- [[0.1285113 0.1285113]]
  expected_dist: [0.5 0.5] +/- [0. 0.]
