biased_point
  When you roll dice, they land on 2 20% of the time.
    choice_probs: [0.0693369  0.16714065 0.19691439 0.14491114 0.18080565 0.24089128] +/- [0.05599281 0.1791148  0.12947086 0.11182699 0.14619295 0.19095817]
    tvd: 0.34194213536335155 +/- 0.1378477789530238
    expected_dist: [0.15999988 0.20000048 0.15999988 0.15999988 0.15999988 0.15999988] +/- [1.6391277e-07 4.4703484e-07 1.6391277e-07 1.6391277e-07 1.6391277e-07
 1.6391277e-07]
    all_seq_probs: [[0.0693369  0.16714065 0.19691439 0.14491114 0.18080565 0.24089128]] +/- [[0.05599281 0.1791148  0.12947086 0.11182699 0.14619295 0.19095817]]
    kl_div: 0.5134333233802463 +/- 0.39004242296230685
  tvd_auc: 0.0 +/- 0.0
