unconditional_point
  all_seq_probs: [[0.44928686 0.55071315]] +/- [[0.09716729 0.09716728]]
  choice_probs: [0.44928686 0.55071315] +/- [0.09716729 0.09716728]
  kl_div: 0.025325059294700622 +/- 0.026743315110006268
  tvd: 0.09239901602268219 +/- 0.05895529119849868
  expected_dist: [0.5 0.5] +/- [0. 0.]
biased_point
  When I flip coins they land on heads 50% of the time.
    all_seq_probs: [[0.44288019 0.55711981]] +/- [[0.0983064  0.09830638]]
    choice_probs: [0.44288019 0.55711981] +/- [0.0983064  0.09830638]
    kl_div: 0.02732933431863785 +/- 0.028357361145647395
    tvd: 0.09776590585708618 +/- 0.05804004724252658
    expected_dist: [0.5 0.5] +/- [0. 0.]
  tvd_auc: 0.0 +/- 0.0
