biased_point
  tvd_auc: 0.0 +/- 0.0
  When I roll dice, they land on 5 40% of the time.
    expected_dist: [0.11999992 0.11999992 0.11999992 0.11999992 0.3999998  0.11999992] +/- [7.4505806e-08 7.4505806e-08 7.4505806e-08 7.4505806e-08 2.3841858e-07
 7.4505806e-08]
    all_seq_probs: [[0.1307634  0.12230025 0.14083358 0.13368857 0.31734526 0.15506893]] +/- [[0.02712542 0.02288483 0.02342509 0.01812011 0.07608402 0.02897503]]
    choice_probs: [0.1307634  0.12230025 0.14083358 0.13368857 0.31734526 0.15506893] +/- [0.02712542 0.02288483 0.02342509 0.01812011 0.07608402 0.02897503]
    kl_div: 0.038737774040782824 +/- 0.031132136840877574
    tvd: 0.11207557003945112 +/- 0.04467208932085892
