biased_point
  When I roll dice, they land on 2 20% of the time.
    expected_dist: [0.15999995 0.1999999  0.15999995 0.15999995 0.15999995 0.15999995] +/- [8.9406967e-08 1.3411045e-07 8.9406967e-08 8.9406967e-08 8.9406967e-08
 8.9406967e-08]
    choice_probs: [0.16213151 0.17435902 0.16158902 0.16430355 0.17073692 0.16688001] +/- [0.02480678 0.02254116 0.01429472 0.0207101  0.01884128 0.02487179]
    tvd: 0.05724931634962559 +/- 0.022773364183430456
    all_seq_probs: [[0.16213151 0.17435902 0.16158902 0.16430355 0.17073692 0.16688001]] +/- [[0.02480678 0.02254116 0.01429472 0.0207101  0.01884128 0.02487179]]
    kl_div: 0.010764336598094814 +/- 0.007726354516913885
  tvd_auc: 0.0 +/- 0.0
