biased_point
  When you roll dice, they land on 1 0% of the time.
    expected_dist: [9.9999795e-09 2.0000048e-01 2.0000048e-01 2.0000048e-01 2.0000048e-01
 2.0000048e-01] +/- [1.8651747e-14 4.6193600e-07 4.6193600e-07 4.6193600e-07 4.6193600e-07
 4.6193600e-07]
    choice_probs: [0.19792575 0.17987705 0.13131384 0.08850724 0.10919655 0.29317958] +/- [0.11177907 0.17934225 0.1243585  0.08296618 0.10610007 0.19116784]
    tvd: 0.43978130242907615 +/- 0.14447595442666267
    kl_div: 0.7191038846312939 +/- 0.45548453883864415
    all_seq_probs: [[0.19792575 0.17987705 0.13131384 0.08850724 0.10919655 0.29317958]] +/- [[0.11177907 0.17934225 0.1243585  0.08296618 0.10610007 0.19116784]]
  tvd_auc: 0.0 +/- 0.0
