unconditional_point
  all_seq_probs: [[0.50784354 0.49215645]] +/- [[0.1643713 0.1643713]]
  tvd: 0.14004565179347991 +/- 0.0864098455902829
  kl_div: 0.06316080421209336 +/- 0.08160893723876586
  choice_probs: [0.50784354 0.49215645] +/- [0.1643713 0.1643713]
  expected_dist: [0.5 0.5] +/- [0. 0.]
biased_point
  When I flip coins they land on heads 60% of the time.
    all_seq_probs: [[0.50813767 0.49186234]] +/- [[0.14269991 0.14269991]]
    tvd: 0.1335792589187622 +/- 0.10468300950383021
    kl_div: 0.06121714245527983 +/- 0.07541816670237794
    choice_probs: [0.50813767 0.49186234] +/- [0.14269991 0.14269991]
    expected_dist: [0.60000026 0.3999998 ] +/- [2.3841858e-07 2.3841858e-07]
  tvd_auc: 0.0 +/- 0.0
