biased_point
  When you flip coins, they land on heads 60% of the time.
    tvd: 0.42106370684653344 +/- 0.12153684948986448
    kl_div: 1.9877318928949534 +/- 1.4078771807984878
    all_seq_probs: [[0.65252374 0.34747627]] +/- [[0.43509437 0.43509436]]
    expected_dist: [0.6        0.40000096] +/- [0.00000e+00 9.23872e-07]
    choice_probs: [0.65252374 0.34747627] +/- [0.43509437 0.43509436]
  tvd_auc: 0.0 +/- 0.0
unconditional_point
  tvd: 0.46024292243946957 +/- 0.09639858328059434
  kl_div: 2.9977678188681605 +/- 1.9712164088884034
  all_seq_probs: [[0.57303538 0.42696463]] +/- [[0.46452348 0.46452349]]
  expected_dist: [0.5 0.5] +/- [0. 0.]
  choice_probs: [0.57303538 0.42696463] +/- [0.46452348 0.46452349]
