biased_point
  tvd_auc: 0.0 +/- 0.0
  When you flip coins, they land on heads 70% of the time.
    tvd: 0.40112628539065875 +/- 0.203519435094344
    choice_probs: [0.50697288 0.49302712] +/- [0.40627945 0.40627945]
    kl_div: 1.1832670602154685 +/- 1.0323597249157435
    all_seq_probs: [[0.50697288 0.49302712]] +/- [[0.40627945 0.40627945]]
    expected_dist: [0.6999983 0.3      ] +/- [1.66893e-06 0.00000e+00]
unconditional_point
  tvd: 0.45939100934168914 +/- 0.09021133291536997
  choice_probs: [0.34538741 0.6546126 ] +/- [0.44189719 0.4418972 ]
  kl_div: 2.5259957523941994 +/- 1.5927023648038803
  all_seq_probs: [[0.34538741 0.6546126 ]] +/- [[0.44189719 0.4418972 ]]
  expected_dist: [0.5 0.5] +/- [0. 0.]
