biased_point
  When I roll dice, they land on 5 0% of the time.
    all_seq_probs: [[0.16819348 0.17390146 0.16336134 0.15293511 0.20589055 0.13571807]] +/- [[0.09467186 0.0405702  0.04341936 0.03808635 0.04096132 0.04039271]]
    expected_dist: [1.9999990e-01 1.9999990e-01 1.9999990e-01 1.9999990e-01 1.0000003e-08
 1.9999990e-01] +/- [1.1920929e-07 1.1920929e-07 1.1920929e-07 1.1920929e-07 4.4408921e-15
 1.1920929e-07]
    kl_div: 0.2831685390615524 +/- 0.07718824258215343
    tvd: 0.23797100099855278 +/- 0.057855393238684424
    choice_probs: [0.16819348 0.17390146 0.16336134 0.15293511 0.20589055 0.13571807] +/- [0.09467186 0.0405702  0.04341936 0.03808635 0.04096132 0.04039271]
  tvd_auc: 0.0 +/- 0.0
