biased_point
  tvd_auc: 0.0 +/- 0.0
  When I roll dice, they land on 1 20% of the time.
    choice_probs: [0.19268953 0.17505883 0.1596722  0.15702607 0.1589097  0.15664369] +/- [0.02128421 0.01303529 0.01266644 0.01436164 0.01326957 0.02436434]
    kl_div: 0.006188094426179304 +/- 0.004350057380511983
    all_seq_probs: [[0.19268953 0.17505883 0.1596722  0.15702607 0.1589097  0.15664369]] +/- [[0.02128421 0.01303529 0.01266644 0.01436164 0.01326957 0.02436434]]
    expected_dist: [0.1999999  0.15999995 0.15999995 0.15999995 0.15999995 0.15999995] +/- [1.3411045e-07 8.9406967e-08 8.9406967e-08 8.9406967e-08 8.9406967e-08
 8.9406967e-08]
    tvd: 0.04282161101698875 +/- 0.01618704426832444
