biased_point
  When I roll dice, they land on 5 60% of the time.
    expected_dist: [0.07999997 0.07999997 0.07999997 0.07999997 0.60000026 0.07999997] +/- [2.9802322e-08 2.9802322e-08 2.9802322e-08 2.9802322e-08 2.3841858e-07
 2.9802322e-08]
    all_seq_probs: [[0.09100782 0.1331798  0.13126784 0.12285416 0.31368197 0.2080084 ]] +/- [[0.05111272 0.07712564 0.06546635 0.06017997 0.14181668 0.076064  ]]
    kl_div: 0.30652377275400794 +/- 0.17821312151746085
    tvd: 0.3290204470977187 +/- 0.10290266753961907
    choice_probs: [0.09100782 0.1331798  0.13126784 0.12285416 0.31368197 0.2080084 ] +/- [0.05111272 0.07712564 0.06546635 0.06017997 0.14181668 0.076064  ]
  tvd_auc: 0.0 +/- 0.0
