unconditional_point
  choice_probs: [0.16673584 0.16928805 0.18136808 0.16933311 0.17357464 0.13970027] +/- [0.04513555 0.05571286 0.0394693  0.04016764 0.05427946 0.07390755]
  kl_div: 0.058849661820568146 +/- 0.05904432219612874
  all_seq_probs: [[0.16673584 0.16928805 0.18136808 0.16933311 0.17357464 0.13970027]] +/- [[0.04513555 0.05571286 0.0394693  0.04016764 0.05427946 0.07390755]]
  expected_dist: [0.16666663 0.16666663 0.16666663 0.16666663 0.16666663 0.16666663] +/- [5.9604645e-08 5.9604645e-08 5.9604645e-08 5.9604645e-08 5.9604645e-08
 5.9604645e-08]
  tvd: 0.1254669058509171 +/- 0.053985279181218405
biased_point
  tvd_auc: 0.0 +/- 0.0
  When I roll dice, they land on 2 20% of the time.
    choice_probs: [0.16708158 0.22298474 0.15327764 0.14997367 0.15355234 0.15313003] +/- [0.04496242 0.12900581 0.03968393 0.04592377 0.06613278 0.08471724]
    kl_div: 0.09397778811282478 +/- 0.1990823317023384
    all_seq_probs: [[0.16708158 0.22298474 0.15327764 0.14997367 0.15355234 0.15313003]] +/- [[0.04496242 0.12900581 0.03968393 0.04592377 0.06613278 0.08471724]]
    expected_dist: [0.15999995 0.1999999  0.15999995 0.15999995 0.15999995 0.15999995] +/- [8.9406967e-08 1.3411045e-07 8.9406967e-08 8.9406967e-08 8.9406967e-08
 8.9406967e-08]
    tvd: 0.14089381329715253 +/- 0.10929663981602447
