unconditional_point
  choice_probs: [0.2944407  0.70555929] +/- [0.24443345 0.24443347]
  expected_dist: [0.5 0.5] +/- [0. 0.]
  tvd: 0.3004505341500044 +/- 0.10831350693627691
  kl_div: 0.30336778074502946 +/- 0.21280104506130645
  all_seq_probs: [[0.2944407  0.70555929]] +/- [[0.24443345 0.24443347]]
biased_point
  tvd_auc: 0.0 +/- 0.0
  When I flip coins they land on heads 80% of the time.
    choice_probs: [0.41739104 0.58260895] +/- [0.24027384 0.24027383]
    expected_dist: [0.7999996 0.1999999] +/- [4.1723251e-07 1.1920929e-07]
    tvd: 0.4252425034344196 +/- 0.15261041583651053
    kl_div: 0.4623015324026346 +/- 0.22702622906615771
    all_seq_probs: [[0.41739104 0.58260895]] +/- [[0.24027384 0.24027383]]
