biased_point
  tvd_auc: 0.0 +/- 0.0
  When I roll dice, they land on 6 60% of the time.
    tvd: 0.2503808923345059 +/- 0.10986447633622205
    expected_dist: [0.07999997 0.07999997 0.07999997 0.07999997 0.07999997 0.60000026] +/- [2.9802322e-08 2.9802322e-08 2.9802322e-08 2.9802322e-08 2.9802322e-08
 2.3841858e-07]
    all_seq_probs: [[0.10980435 0.0936542  0.1144986  0.11777008 0.12977166 0.43450111]] +/- [[0.05927879 0.05386627 0.0577064  0.04736724 0.07839301 0.20026718]]
    choice_probs: [0.10980435 0.0936542  0.1144986  0.11777008 0.12977166 0.43450111] +/- [0.05927879 0.05386627 0.0577064  0.04736724 0.07839301 0.20026718]
    kl_div: 0.19995135605335235 +/- 0.1570497462643753
