biased_point
  When you roll dice, they land on 2 40% of the time.
    tvd: 0.40883033205452374 +/- 0.12355509755598314
    kl_div: 0.6095079895790549 +/- 0.42225786587447506
    expected_dist: [0.12000033 0.40000096 0.12000033 0.12000033 0.12000033 0.12000033] +/- [3.3527613e-07 9.2387199e-07 3.3527613e-07 3.3527613e-07 3.3527613e-07
 3.3527613e-07]
    choice_probs: [0.06505359 0.2206613  0.14968036 0.11619228 0.18817608 0.26023639] +/- [0.04878372 0.24438051 0.13291952 0.07118834 0.1519557  0.21047154]
    all_seq_probs: [[0.06505359 0.2206613  0.14968036 0.11619228 0.18817608 0.26023639]] +/- [[0.04878372 0.24438051 0.13291952 0.07118834 0.1519557  0.21047154]]
  tvd_auc: 0.0 +/- 0.0
