biased_point
  tvd_auc: 0.0 +/- 0.0
  When I roll dice, they land on 5 0% of the time.
    kl_div: 0.16890306162270405 +/- 0.05024600574623721
    expected_dist: [1.9999990e-01 1.9999990e-01 1.9999990e-01 1.9999990e-01 1.0000003e-08
 1.9999990e-01] +/- [1.1920929e-07 1.1920929e-07 1.1920929e-07 1.1920929e-07 4.4408921e-15
 1.1920929e-07]
    tvd: 0.16006407666140413 +/- 0.037721796032407974
    choice_probs: [0.18616258 0.18046582 0.17656475 0.16495253 0.12435368 0.16750064] +/- [0.04496676 0.03067538 0.04039995 0.03922493 0.02182821 0.05619541]
    all_seq_probs: [[0.18616258 0.18046582 0.17656475 0.16495253 0.12435368 0.16750064]] +/- [[0.04496676 0.03067538 0.04039995 0.03922493 0.02182821 0.05619541]]
