biased_point
  When I roll dice, they land on 2 80% of the time.
    tvd: 0.26100273449439554 +/- 0.16493975830077992
    kl_div: 0.23422393557731994 +/- 0.2138826886461746
    all_seq_probs: [[0.08698603 0.6189063  0.08855438 0.08516377 0.06925335 0.05113618]] +/- [[0.05791097 0.24878834 0.06119602 0.08609465 0.05745129 0.04730178]]
    choice_probs: [0.08698603 0.6189063  0.08855438 0.08516377 0.06925335 0.05113618] +/- [0.05791097 0.24878834 0.06119602 0.08609465 0.05745129 0.04730178]
    expected_dist: [0.03999999 0.7999996  0.03999999 0.03999999 0.03999999 0.03999999] +/- [2.2351742e-08 3.5762787e-07 2.2351742e-08 2.2351742e-08 2.2351742e-08
 2.2351742e-08]
  tvd_auc: 0.0 +/- 0.0
