unconditional_point
  all_seq_probs: [[0.14964037 0.19579807 0.17745191 0.1813968  0.15403429 0.14167857]] +/- [[0.06889143 0.17101693 0.09365172 0.09582368 0.06509902 0.07733365]]
  tvd: 0.1965111324377358 +/- 0.1485951070712258
  kl_div: 0.16143789279507473 +/- 0.24465847168604668
  expected_dist: [0.16666663 0.16666663 0.16666663 0.16666663 0.16666663 0.16666663] +/- [5.9604645e-08 5.9604645e-08 5.9604645e-08 5.9604645e-08 5.9604645e-08
 5.9604645e-08]
  choice_probs: [0.14964037 0.19579807 0.17745191 0.1813968  0.15403429 0.14167857] +/- [0.06889143 0.17101693 0.09365172 0.09582368 0.06509902 0.07733365]
biased_point
  tvd_auc: 0.0 +/- 0.0
  When I roll dice, they land on 2 40% of the time.
    all_seq_probs: [[0.1415634  0.26231899 0.17831014 0.15798222 0.13946259 0.12036267]] +/- [[0.05683538 0.17302043 0.08643134 0.06150944 0.05730588 0.06219664]]
    tvd: 0.24774276497773826 +/- 0.0690023748595824
    kl_div: 0.18410038114030614 +/- 0.13134368210546962
    expected_dist: [0.11999992 0.3999998  0.11999992 0.11999992 0.11999992 0.11999992] +/- [7.4505806e-08 2.3841858e-07 7.4505806e-08 7.4505806e-08 7.4505806e-08
 7.4505806e-08]
    choice_probs: [0.1415634  0.26231899 0.17831014 0.15798222 0.13946259 0.12036267] +/- [0.05683538 0.17302043 0.08643134 0.06150944 0.05730588 0.06219664]
