unconditional_point
  all_seq_probs: [[0.80779704 0.19220296]] +/- [[0.12472477 0.12472477]]
  expected_dist: [0.5 0.5] +/- [0. 0.]
  choice_probs: [0.80779704 0.19220296] +/- [0.12472477 0.12472477]
  tvd: 0.30856142204254866 +/- 0.12282155127275964
  kl_div: 0.3758431556224823 +/- 0.33059895202497697
biased_point
  When you flip coins, they land on heads 80% of the time.
    all_seq_probs: [[0.83029196 0.16970804]] +/- [[0.11516606 0.11516606]]
    expected_dist: [0.8000019  0.20000048] +/- [1.9073486e-06 4.6193600e-07]
    choice_probs: [0.83029196 0.16970804] +/- [0.11516606 0.11516606]
    tvd: 0.10045416873879731 +/- 0.06395142249533392
    kl_div: 0.06997098296508193 +/- 0.08995740255801868
  tvd_auc: 0.0 +/- 0.0
