biased_point
  When I roll dice, they land on 5 20% of the time.
    choice_probs: [0.1618125  0.15502867 0.18503288 0.1378719  0.22578947 0.13446456] +/- [0.07005964 0.09052245 0.07673777 0.04248546 0.09445438 0.06369716]
    all_seq_probs: [[0.1618125  0.15502867 0.18503288 0.1378719  0.22578947 0.13446456]] +/- [[0.07005964 0.09052245 0.07673777 0.04248546 0.09445438 0.06369716]]
    tvd: 0.16006638253107666 +/- 0.09623158785553713
    expected_dist: [0.15999994 0.15999994 0.15999994 0.15999994 0.1999999  0.15999994] +/- [7.4505806e-08 7.4505806e-08 7.4505806e-08 7.4505806e-08 1.1920929e-07
 7.4505806e-08]
    kl_div: 0.0944450273820621 +/- 0.11284813432356346
  tvd_auc: 0.0 +/- 0.0
