biased_point
  When you roll dice, they land on 3 0% of the time.
    tvd: 0.43023063659508887 +/- 0.09473925771573945
    kl_div: 0.7720894038432682 +/- 0.33241973858122686
    choice_probs: [0.06305101 0.25153896 0.22671883 0.15649517 0.19447614 0.10771989] +/- [0.03701067 0.23617697 0.09968879 0.10673639 0.15689944 0.05654503]
    expected_dist: [2.0000048e-01 2.0000048e-01 9.9999795e-09 2.0000048e-01 2.0000048e-01
 2.0000048e-01] +/- [4.6193600e-07 4.6193600e-07 1.8651747e-14 4.6193600e-07 4.6193600e-07
 4.6193600e-07]
    all_seq_probs: [[0.06305101 0.25153896 0.22671883 0.15649517 0.19447614 0.10771989]] +/- [[0.03701067 0.23617697 0.09968879 0.10673639 0.15689944 0.05654503]]
  tvd_auc: 0.0 +/- 0.0
unconditional_point
  tvd: 0.4212823626028694 +/- 0.1000333616110944
  kl_div: 0.8998800165550783 +/- 0.5983183796321928
  choice_probs: [0.02084504 0.28715916 0.27129461 0.15675225 0.19606088 0.06788806] +/- [0.01607385 0.24225004 0.13206884 0.12059706 0.18694059 0.05123758]
  expected_dist: [0.16666676 0.16666676 0.16666676 0.16666676 0.16666676 0.16666676] +/- [7.4505806e-08 7.4505806e-08 7.4505806e-08 7.4505806e-08 7.4505806e-08
 7.4505806e-08]
  all_seq_probs: [[0.02084504 0.28715916 0.27129461 0.15675225 0.19606088 0.06788806]] +/- [[0.01607385 0.24225004 0.13206884 0.12059706 0.18694059 0.05123758]]
