biased_point
  tvd_auc: 0.0 +/- 0.0
  When I roll dice, they land on 5 40% of the time.
    all_seq_probs: [[0.07526152 0.09377534 0.10203181 0.32653127 0.30971637 0.0926837 ]] +/- [[0.04078569 0.12529306 0.07922549 0.21915621 0.19127945 0.0243151 ]]
    tvd: 0.33054484307765963 +/- 0.14101218360952
    kl_div: 0.3336182581615867 +/- 0.23969555557839123
    choice_probs: [0.07526152 0.09377534 0.10203181 0.32653127 0.30971637 0.0926837 ] +/- [0.04078569 0.12529306 0.07922549 0.21915621 0.19127945 0.0243151 ]
    expected_dist: [0.11999992 0.11999992 0.11999992 0.11999992 0.3999998  0.11999992] +/- [7.4505806e-08 7.4505806e-08 7.4505806e-08 7.4505806e-08 2.3841858e-07
 7.4505806e-08]
