biased_point
  When I roll dice, they land on 2 60% of the time.
    all_seq_probs: [[0.15944916 0.31601785 0.16881141 0.13591444 0.12079971 0.09900742]] +/- [[0.05245592 0.11235897 0.035694   0.03905433 0.03949352 0.04942285]]
    choice_probs: [0.15944916 0.31601785 0.16881141 0.13591444 0.12079971 0.09900742] +/- [0.05245592 0.11235897 0.035694   0.03905433 0.03949352 0.04942285]
    kl_div: 0.24341529723315034 +/- 0.161775420340859
    expected_dist: [0.07999998 0.60000026 0.07999998 0.07999998 0.07999998 0.07999998] +/- [4.4703484e-08 1.7881393e-07 4.4703484e-08 4.4703484e-08 4.4703484e-08
 4.4703484e-08]
    tvd: 0.2978057155199349 +/- 0.10281505530925743
  tvd_auc: 0.0 +/- 0.0
