biased_point
  When I roll dice, they land on 4 40% of the time.
    tvd: 0.29303782725706695 +/- 0.15509555243850423
    expected_dist: [0.11999992 0.11999992 0.11999992 0.3999998  0.11999992 0.11999992] +/- [7.4505806e-08 7.4505806e-08 7.4505806e-08 2.3841858e-07 7.4505806e-08
 7.4505806e-08]
    choice_probs: [0.10178034 0.18578737 0.13502977 0.36745887 0.09140833 0.11853531] +/- [0.04515237 0.2018999  0.08375467 0.26500043 0.05495377 0.11225083]
    all_seq_probs: [[0.10178034 0.18578737 0.13502977 0.36745887 0.09140833 0.11853531]] +/- [[0.04515237 0.2018999  0.08375467 0.26500043 0.05495377 0.11225083]]
    kl_div: 0.2980844257521676 +/- 0.2872693381972278
  tvd_auc: 0.0 +/- 0.0
