biased_point
  tvd_auc: 0.0 +/- 0.0
  When I roll dice, they land on 1 20% of the time.
    all_seq_probs: [[0.17913733 0.1737888  0.15489116 0.15711772 0.17144832 0.16361669]] +/- [[0.04179195 0.01775633 0.01493064 0.01742168 0.02149716 0.02534106]]
    tvd: 0.059072931557893754 +/- 0.030477735817230213
    kl_div: 0.01292912417498883 +/- 0.016244142377488634
    expected_dist: [0.1999999  0.15999995 0.15999995 0.15999995 0.15999995 0.15999995] +/- [1.3411045e-07 8.9406967e-08 8.9406967e-08 8.9406967e-08 8.9406967e-08
 8.9406967e-08]
    choice_probs: [0.17913733 0.1737888  0.15489116 0.15711772 0.17144832 0.16361669] +/- [0.04179195 0.01775633 0.01493064 0.01742168 0.02149716 0.02534106]
