biased_point
  tvd_auc: 0.0 +/- 0.0
  When I roll dice, they land on 4 0% of the time.
    expected_dist: [1.9999990e-01 1.9999990e-01 1.9999990e-01 1.0000003e-08 1.9999990e-01
 1.9999990e-01] +/- [1.1920929e-07 1.1920929e-07 1.1920929e-07 4.4408921e-15 1.1920929e-07
 1.1920929e-07]
    all_seq_probs: [[0.15726199 0.16686513 0.16477517 0.18660168 0.17178052 0.15271551]] +/- [[0.04631133 0.04439146 0.03585778 0.02224022 0.0429988  0.05859876]]
    choice_probs: [0.15726199 0.16686513 0.16477517 0.18660168 0.17178052 0.15271551] +/- [0.04631133 0.04439146 0.03585778 0.02224022 0.0429988  0.05859876]
    tvd: 0.21291542011433456 +/- 0.040902974762038975
    kl_div: 0.2547289258377214 +/- 0.07041647978159468
