biased_point
  tvd_auc: 0.0 +/- 0.0
  When I roll dice, they land on 6 40% of the time.
    all_seq_probs: [[0.13896326 0.17600298 0.14293508 0.17066872 0.14291807 0.2285119 ]] +/- [[0.04990611 0.09611864 0.05634717 0.05790784 0.05404248 0.10710203]]
    kl_div: 0.18717430805321783 +/- 0.12579263871457702
    choice_probs: [0.13896326 0.17600298 0.14293508 0.17066872 0.14291807 0.2285119 ] +/- [0.04990611 0.09611864 0.05634717 0.05790784 0.05404248 0.10710203]
    tvd: 0.24095675671473146 +/- 0.08083193893095968
    expected_dist: [0.11999992 0.11999992 0.11999992 0.11999992 0.11999992 0.3999998 ] +/- [7.4505806e-08 7.4505806e-08 7.4505806e-08 7.4505806e-08 7.4505806e-08
 2.3841858e-07]
unconditional_point
  all_seq_probs: [[0.1587681  0.19575252 0.17262414 0.17699891 0.16673886 0.12911747]] +/- [[0.04152112 0.08747874 0.05431896 0.04969923 0.05197518 0.03500662]]
  kl_div: 0.07343079786558519 +/- 0.07400353608588148
  choice_probs: [0.1587681  0.19575252 0.17262414 0.17699891 0.16673886 0.12911747] +/- [0.04152112 0.08747874 0.05431896 0.04969923 0.05197518 0.03500662]
  tvd: 0.12313570588827133 +/- 0.07037678801554452
  expected_dist: [0.16666663 0.16666663 0.16666663 0.16666663 0.16666663 0.16666663] +/- [5.9604645e-08 5.9604645e-08 5.9604645e-08 5.9604645e-08 5.9604645e-08
 5.9604645e-08]
