unconditional_point
  choice_probs: [0.85697007 0.14302993] +/- [0.12809996 0.12809997]
  tvd: 0.3626723175337538 +/- 0.11093250435236346
  kl_div: 0.5638778932094574 +/- 0.4133419686227707
  expected_dist: [0.5 0.5] +/- [0. 0.]
  all_seq_probs: [[0.85697007 0.14302993]] +/- [[0.12809996 0.12809997]]
biased_point
  tvd_auc: 0.0 +/- 0.0
  When you flip coins, they land on heads 100% of the time.
    choice_probs: [9.99971708e-01 2.82962243e-05] +/- [8.18934823e-05 8.18979189e-05]
    tvd: 2.8289201705177903e-05 +/- 8.189569834239013e-05
    kl_div: 2.8234296852545527e-05 +/- 8.1907083411831e-05
    expected_dist: [1.0000000e+00 9.9999795e-09] +/- [0.0000000e+00 1.8651747e-14]
    all_seq_probs: [[9.99971708e-01 2.82962243e-05]] +/- [[8.18934823e-05 8.18979189e-05]]
