biased_point
  When I roll dice, they land on 6 0% of the time.
    tvd: 0.04436258250618527 +/- 0.017034652379977016
    expected_dist: [1.9999990e-01 1.9999990e-01 1.9999990e-01 1.9999990e-01 1.9999990e-01
 1.0000003e-08] +/- [1.1920929e-07 1.1920929e-07 1.1920929e-07 1.1920929e-07 1.1920929e-07
 4.4408921e-15]
    kl_div: 0.015565298939538508 +/- 0.00730932528520423
    all_seq_probs: [[0.20340544 0.19911187 0.19928478 0.19092834 0.19707417 0.01019541]] +/- [[0.02646285 0.01290494 0.01536456 0.01916886 0.02330232 0.00585987]]
    choice_probs: [0.20340544 0.19911187 0.19928478 0.19092834 0.19707417 0.01019541] +/- [0.02646285 0.01290494 0.01536456 0.01916886 0.02330232 0.00585987]
  tvd_auc: 0.0 +/- 0.0
