biased_point
  When I roll dice, they land on 4 20% of the time.
    choice_probs: [0.16478493 0.15557203 0.158716   0.16732917 0.16499032 0.18860758] +/- [0.01678073 0.01148803 0.01203178 0.01338487 0.01488547 0.01909695]
    tvd: 0.054444055408239364 +/- 0.016683815825796717
    expected_dist: [0.15999994 0.15999994 0.15999994 0.1999999  0.15999994 0.15999994] +/- [7.4505806e-08 7.4505806e-08 7.4505806e-08 1.1920929e-07 7.4505806e-08
 7.4505806e-08]
    all_seq_probs: [[0.16478493 0.15557203 0.158716   0.16732917 0.16499032 0.18860758]] +/- [[0.01678073 0.01148803 0.01203178 0.01338487 0.01488547 0.01909695]]
    kl_div: 0.009379487192491069 +/- 0.005131541965533115
  tvd_auc: 0.0 +/- 0.0
