biased_point
  tvd_auc: 0.0 +/- 0.0
  When you roll dice, they land on 1 20% of the time.
    choice_probs: [0.1553339  0.18210384 0.1761082  0.26944266 0.12548808 0.09152331] +/- [0.23535929 0.31568434 0.26763138 0.3275072  0.19369081 0.12093235]
    kl_div: 2.2936985089852824 +/- 1.2610098397652192
    tvd: 0.5925959638066822 +/- 0.13228362948670408
    expected_dist: [0.20000048 0.15999988 0.15999988 0.15999988 0.15999988 0.15999988] +/- [4.4703484e-07 1.6391277e-07 1.6391277e-07 1.6391277e-07 1.6391277e-07
 1.6391277e-07]
    all_seq_probs: [[0.1553339  0.18210384 0.1761082  0.26944266 0.12548808 0.09152331]] +/- [[0.23535929 0.31568434 0.26763138 0.3275072  0.19369081 0.12093235]]
unconditional_point
  choice_probs: [0.01144632 0.19687215 0.28332119 0.32809256 0.15362192 0.02664586] +/- [0.03022887 0.27251507 0.28608848 0.28603557 0.20408172 0.10285597]
  kl_div: 2.732060235393932 +/- 1.0381318504166177
  tvd: 0.6003618009249212 +/- 0.08147929208974292
  expected_dist: [0.16666676 0.16666676 0.16666676 0.16666676 0.16666676 0.16666676] +/- [7.4505806e-08 7.4505806e-08 7.4505806e-08 7.4505806e-08 7.4505806e-08
 7.4505806e-08]
  all_seq_probs: [[0.01144632 0.19687215 0.28332119 0.32809256 0.15362192 0.02664586]] +/- [[0.03022887 0.27251507 0.28608848 0.28603557 0.20408172 0.10285597]]
