biased_point
  When you roll dice, they land on 3 20% of the time.
    tvd: 0.5973158351131201 +/- 0.13109926977595443
    expected_dist: [0.15999988 0.15999988 0.20000048 0.15999988 0.15999988 0.15999988] +/- [1.6391277e-07 1.6391277e-07 4.4703484e-07 1.6391277e-07 1.6391277e-07
 1.6391277e-07]
    kl_div: 2.2766846685753115 +/- 1.2160495154395405
    choice_probs: [0.02955042 0.0916284  0.29200323 0.08517787 0.14052597 0.36111411] +/- [0.08314896 0.16034208 0.34152187 0.14316273 0.23264329 0.32860085]
    all_seq_probs: [[0.02955042 0.0916284  0.29200323 0.08517787 0.14052597 0.36111411]] +/- [[0.08314896 0.16034208 0.34152187 0.14316273 0.23264329 0.32860085]]
  tvd_auc: 0.0 +/- 0.0
