unconditional_point
  kl_div: 0.09683276653289795 +/- 0.09688457857226342
  expected_dist: [0.5 0.5] +/- [0. 0.]
  tvd: 0.16929440468549728 +/- 0.10808720294752869
  choice_probs: [0.55829027 0.44170973] +/- [0.1922126 0.1922126]
  all_seq_probs: [[0.55829027 0.44170973]] +/- [[0.1922126 0.1922126]]
biased_point
  tvd_auc: 0.0 +/- 0.0
  When I flip coins they land on heads 40% of the time.
    kl_div: 0.15192870061844588 +/- 0.12831492239602732
    expected_dist: [0.3999998  0.60000026] +/- [2.3841858e-07 2.3841858e-07]
    tvd: 0.2286658751964569 +/- 0.12598093454911977
    choice_probs: [0.59443482 0.40556517] +/- [0.17422509 0.17422507]
    all_seq_probs: [[0.59443482 0.40556517]] +/- [[0.17422509 0.17422507]]
