biased_point
  When you roll dice, they land on 4 100% of the time.
    expected_dist: [9.9999795e-09 9.9999795e-09 9.9999795e-09 1.0000000e+00 9.9999795e-09
 9.9999795e-09] +/- [1.8651747e-14 1.8651747e-14 1.8651747e-14 0.0000000e+00 1.8651747e-14
 1.8651747e-14]
    all_seq_probs: [[0.07632114 0.09123715 0.23299102 0.32939833 0.12530288 0.14474946]] +/- [[0.05030295 0.06689023 0.13181097 0.21530281 0.06750334 0.07213255]]
    tvd: 0.6706016415007966 +/- 0.21530281362952375
    kl_div: 1.365789234958332 +/- 0.772833721499475
    choice_probs: [0.07632114 0.09123715 0.23299102 0.32939833 0.12530288 0.14474946] +/- [0.05030295 0.06689023 0.13181097 0.21530281 0.06750334 0.07213255]
  tvd_auc: 0.0 +/- 0.0
