unconditional_point
  all_seq_probs: [[0.99076681 0.0092332 ]] +/- [[0.01035329 0.01035328]]
  kl_div: 1.8695598508119584 +/- 0.46406454116536006
  tvd: 0.4907668064938625 +/- 0.010353285531220663
  expected_dist: [0.5 0.5] +/- [0. 0.]
  choice_probs: [0.99076681 0.0092332 ] +/- [0.01035329 0.01035328]
biased_point
  When you flip coins, they land on heads 0% of the time.
    all_seq_probs: [[0.8720474 0.1279526]] +/- [[0.08054648 0.08054648]]
    kl_div: 2.279735831812652 +/- 0.7206666179570522
    tvd: 0.8720473989781852 +/- 0.08054647929215598
    expected_dist: [9.9999795e-09 1.0000000e+00] +/- [1.8651747e-14 0.0000000e+00]
    choice_probs: [0.8720474 0.1279526] +/- [0.08054648 0.08054648]
  tvd_auc: 0.0 +/- 0.0
