biased_point
  When I flip coins they land on heads 100% of the time.
    choice_probs: [0.99821352 0.00178649] +/- [0.00081032 0.00081032]
    kl_div: 0.0017882920933378443 +/- 0.0008121728376836402
    expected_dist: [1.0000000e+00 1.0000003e-08] +/- [0.000000e+00 4.440892e-15]
    all_seq_probs: [[0.99821352 0.00178649]] +/- [[0.00081032 0.00081032]]
    tvd: 0.0017864839703933021 +/- 0.0008103175644804635
  tvd_auc: 0.0 +/- 0.0
unconditional_point
  choice_probs: [0.98988097 0.01011902] +/- [0.01199876 0.01199876]
  kl_div: 1.8256533545255662 +/- 0.43130648619425876
  expected_dist: [0.5 0.5] +/- [0. 0.]
  all_seq_probs: [[0.98988097 0.01011902]] +/- [[0.01199876 0.01199876]]
  tvd: 0.4898809754580725 +/- 0.011998760431907467
