biased_point
  tvd_auc: 0.0 +/- 0.0
  When you roll dice, they land on 6 80% of the time.
    tvd: 0.4108613284831801 +/- 0.2904188285318517
    kl_div: 1.4952398949451744 +/- 2.4482730264331
    expected_dist: [0.03999997 0.03999997 0.03999997 0.03999997 0.03999997 0.8000019 ] +/- [4.0978193e-08 4.0978193e-08 4.0978193e-08 4.0978193e-08 4.0978193e-08
 1.9073486e-06]
    all_seq_probs: [[0.02800172 0.16430796 0.04616204 0.13971697 0.04340326 0.57840804]] +/- [[0.05886621 0.26928328 0.10660764 0.1942574  0.10049036 0.40401578]]
    choice_probs: [0.02800172 0.16430796 0.04616204 0.13971697 0.04340326 0.57840804] +/- [0.05886621 0.26928328 0.10660764 0.1942574  0.10049036 0.40401578]
