biased_point
  tvd_auc: 0.0 +/- 0.0
  When you roll dice, they land on 2 60% of the time.
    all_seq_probs: [[0.06372207 0.30283537 0.15540317 0.09527016 0.19110186 0.19166737]] +/- [[0.04008895 0.14448877 0.07685182 0.08065692 0.10493974 0.10091013]]
    kl_div: 0.3688158914311207 +/- 0.23413157719862368
    expected_dist: [0.07999994 0.6        0.07999994 0.07999994 0.07999994 0.07999994] +/- [8.1956387e-08 5.9604645e-08 8.1956387e-08 8.1956387e-08 8.1956387e-08
 8.1956387e-08]
    choice_probs: [0.06372207 0.30283537 0.15540317 0.09527016 0.19110186 0.19166737] +/- [0.04008895 0.14448877 0.07685182 0.08065692 0.10493974 0.10091013]
    tvd: 0.3530948699563742 +/- 0.12424075720933178
