biased_point
  When you roll dice, they land on 6 100% of the time.
    expected_dist: [9.9999795e-09 9.9999795e-09 9.9999795e-09 9.9999795e-09 9.9999795e-09
 1.0000000e+00] +/- [1.8651747e-14 1.8651747e-14 1.8651747e-14 1.8651747e-14 1.8651747e-14
 0.0000000e+00]
    tvd: 0.05358716525158375 +/- 0.06657810556457047
    choice_probs: [0.00661888 0.00325845 0.00672365 0.0103727  0.02661351 0.94641281] +/- [0.00747126 0.00561099 0.00876833 0.01373623 0.03607677 0.06657811]
    kl_div: 0.057913794617161556 +/- 0.07810428384660836
    all_seq_probs: [[0.00661888 0.00325845 0.00672365 0.0103727  0.02661351 0.94641281]] +/- [[0.00747126 0.00561099 0.00876833 0.01373623 0.03607677 0.06657811]]
  tvd_auc: 0.0 +/- 0.0
