biased_point
  When I roll dice, they land on 1 60% of the time.
    kl_div: 0.05427810656838119 +/- 0.03804457019676024
    expected_dist: [0.60000026 0.07999998 0.07999998 0.07999998 0.07999998 0.07999998] +/- [1.7881393e-07 4.4703484e-08 4.4703484e-08 4.4703484e-08 4.4703484e-08
 4.4703484e-08]
    all_seq_probs: [[0.56630053 0.12639607 0.08338419 0.06527636 0.08324316 0.0753997 ]] +/- [[0.108194   0.03334761 0.02753498 0.02826415 0.03816775 0.03137289]]
    tvd: 0.12038807336241007 +/- 0.05293099745922256
    choice_probs: [0.56630053 0.12639607 0.08338419 0.06527636 0.08324316 0.0753997 ] +/- [0.108194   0.03334761 0.02753498 0.02826415 0.03816775 0.03137289]
  tvd_auc: 0.0 +/- 0.0
