biased_point
  tvd_auc: 0.0 +/- 0.0
  When you flip coins, they land on heads 80% of the time.
    kl_div: 0.07022194474050775 +/- 0.11057961586875945
    all_seq_probs: [[0.70747804 0.29252196]] +/- [[0.14708394 0.14708395]]
    expected_dist: [0.8000019  0.20000048] +/- [1.9073486e-06 4.6193600e-07]
    choice_probs: [0.70747804 0.29252196] +/- [0.14708394 0.14708395]
    tvd: 0.13043661826848985 +/- 0.11480543843318188
unconditional_point
  kl_div: 0.17307206028699876 +/- 0.17734246143895507
  all_seq_probs: [[0.70889775 0.29110225]] +/- [[0.14018075 0.14018075]]
  expected_dist: [0.5 0.5] +/- [0. 0.]
  choice_probs: [0.70889775 0.29110225] +/- [0.14018075 0.14018075]
  tvd: 0.2243102539628744 +/- 0.11390269160051267
