biased_point
  When I roll dice, they land on 2 60% of the time.
    expected_dist: [0.07999998 0.60000026 0.07999998 0.07999998 0.07999998 0.07999998] +/- [4.4703484e-08 1.7881393e-07 4.4703484e-08 4.4703484e-08 4.4703484e-08
 4.4703484e-08]
    tvd: 0.3390100862644613 +/- 0.1228465646778414
    kl_div: 0.34018919660011304 +/- 0.21757795139323555
    all_seq_probs: [[0.14563761 0.28090584 0.16679686 0.12763903 0.12104507 0.1579756 ]] +/- [[0.04324356 0.14381299 0.04487985 0.0674342  0.07156303 0.07712425]]
    choice_probs: [0.14563761 0.28090584 0.16679686 0.12763903 0.12104507 0.1579756 ] +/- [0.04324356 0.14381299 0.04487985 0.0674342  0.07156303 0.07712425]
  tvd_auc: 0.0 +/- 0.0
unconditional_point
  expected_dist: [0.16666663 0.16666663 0.16666663 0.16666663 0.16666663 0.16666663] +/- [5.9604645e-08 5.9604645e-08 5.9604645e-08 5.9604645e-08 5.9604645e-08
 5.9604645e-08]
  tvd: 0.26827372470870614 +/- 0.10383618732758278
  kl_div: 0.26736179800005627 +/- 0.1966971914916454
  all_seq_probs: [[0.15617713 0.14629201 0.24617327 0.16724327 0.1145562  0.16955812]] +/- [[0.08439724 0.11963475 0.11092646 0.11320504 0.07791894 0.1077122 ]]
  choice_probs: [0.15617713 0.14629201 0.24617327 0.16724327 0.1145562  0.16955812] +/- [0.08439724 0.11963475 0.11092646 0.11320504 0.07791894 0.1077122 ]
