biased_point
  When you roll dice, they land on 5 20% of the time.
    kl_div: 0.5136918510475589 +/- 0.45787823067006994
    choice_probs: [0.0748197  0.12675536 0.17792501 0.09542364 0.27429921 0.25077709] +/- [0.06485576 0.14848091 0.1795424  0.09149743 0.19280004 0.17344287]
    all_seq_probs: [[0.0748197  0.12675536 0.17792501 0.09542364 0.27429921 0.25077709]] +/- [[0.06485576 0.14848091 0.1795424  0.09149743 0.19280004 0.17344287]]
    expected_dist: [0.15999988 0.15999988 0.15999988 0.15999988 0.20000048 0.15999988] +/- [1.3411045e-07 1.3411045e-07 1.3411045e-07 1.3411045e-07 4.6193600e-07
 1.3411045e-07]
    tvd: 0.36264220454357565 +/- 0.14948056353307282
  tvd_auc: 0.0 +/- 0.0
