biased_point
  tvd_auc: 0.0 +/- 0.0
  When I roll dice, they land on 1 80% of the time.
    expected_dist: [0.7999996  0.03999999 0.03999999 0.03999999 0.03999999 0.03999999] +/- [3.5762787e-07 2.2351742e-08 2.2351742e-08 2.2351742e-08 2.2351742e-08
 2.2351742e-08]
    kl_div: 0.25839366017942667 +/- 0.21446543160052703
    all_seq_probs: [[0.55997921 0.12578088 0.07871161 0.06201652 0.0560917  0.11742009]] +/- [[0.19656025 0.06782089 0.05267791 0.04281928 0.03839981 0.09328511]]
    tvd: 0.28376119397114963 +/- 0.14164192145390797
    choice_probs: [0.55997921 0.12578088 0.07871161 0.06201652 0.0560917  0.11742009] +/- [0.19656025 0.06782089 0.05267791 0.04281928 0.03839981 0.09328511]
