biased_point
  tvd_auc: 0.0 +/- 0.0
  When you roll dice, they land on 4 60% of the time.
    all_seq_probs: [[0.05835681 0.08462673 0.13669064 0.22827427 0.07574151 0.41631004]] +/- [[0.1340524  0.15282549 0.24052383 0.33476764 0.13692458 0.3478385 ]]
    kl_div: 4.157070304003079 +/- 3.405245743470694
    choice_probs: [0.05835681 0.08462673 0.13669064 0.22827427 0.07574151 0.41631004] +/- [0.1340524  0.15282549 0.24052383 0.33476764 0.13692458 0.3478385 ]
    tvd: 0.6388112602124908 +/- 0.2160283962329829
    expected_dist: [0.07999994 0.07999994 0.07999994 0.6        0.07999994 0.07999994] +/- [5.9604645e-08 5.9604645e-08 5.9604645e-08 0.0000000e+00 5.9604645e-08
 5.9604645e-08]
