biased_point
  tvd_auc: 0.0 +/- 0.0
  When you roll dice, they land on 1 100% of the time.
    tvd: 0.7595482943546581 +/- 0.2924227174097068
    kl_div: 3.271231687486019 +/- 3.0123379473128318
    choice_probs: [0.24068087 0.56595667 0.09951279 0.01319749 0.02006449 0.06104607] +/- [0.29249744 0.33727635 0.10850812 0.02307501 0.02956738 0.10045797]
    expected_dist: [1.0000000e+00 9.9999795e-09 9.9999795e-09 9.9999795e-09 9.9999795e-09
 9.9999795e-09] +/- [0.0000000e+00 1.8651747e-14 1.8651747e-14 1.8651747e-14 1.8651747e-14
 1.8651747e-14]
    all_seq_probs: [[0.24068087 0.56595667 0.09951279 0.01319749 0.02006449 0.06104607]] +/- [[0.29249744 0.33727635 0.10850812 0.02307501 0.02956738 0.10045797]]
