unconditional_point
  choice_probs: [0.134668   0.16875525 0.25151253 0.18542203 0.12436617 0.13527602] +/- [0.08029834 0.16350853 0.16272654 0.12043719 0.08719903 0.0949047 ]
  expected_dist: [0.16666663 0.16666663 0.16666663 0.16666663 0.16666663 0.16666663] +/- [5.9604645e-08 5.9604645e-08 5.9604645e-08 5.9604645e-08 5.9604645e-08
 5.9604645e-08]
  all_seq_probs: [[0.134668   0.16875525 0.25151253 0.18542203 0.12436617 0.13527602]] +/- [[0.08029834 0.16350853 0.16272654 0.12043719 0.08719903 0.0949047 ]]
  kl_div: 0.36376382860180456 +/- 0.31625034212963604
  tvd: 0.30357290705433115 +/- 0.12081184164296915
biased_point
  When I roll dice, they land on 2 40% of the time.
    choice_probs: [0.14053435 0.25563687 0.17124232 0.16604115 0.12610198 0.14044333] +/- [0.05045585 0.12355917 0.0882841  0.07301914 0.06305099 0.08365463]
    expected_dist: [0.11999992 0.3999998  0.11999992 0.11999992 0.11999992 0.11999992] +/- [7.4505806e-08 2.3841858e-07 7.4505806e-08 7.4505806e-08 7.4505806e-08
 7.4505806e-08]
    all_seq_probs: [[0.14053435 0.25563687 0.17124232 0.16604115 0.12610198 0.14044333]] +/- [[0.05045585 0.12355917 0.0882841  0.07301914 0.06305099 0.08365463]]
    kl_div: 0.17261178708969965 +/- 0.12701335526939533
    tvd: 0.23134140614420176 +/- 0.07482528474557856
  tvd_auc: 0.0 +/- 0.0
