biased_point
  When you roll dice, they land on 3 0% of the time.
    expected_dist: [2.0000048e-01 2.0000048e-01 9.9999795e-09 2.0000048e-01 2.0000048e-01
 2.0000048e-01] +/- [4.6193600e-07 4.6193600e-07 1.8651747e-14 4.6193600e-07 4.6193600e-07
 4.6193600e-07]
    kl_div: 3.4405628024819914 +/- 1.6940563479611666
    all_seq_probs: [[0.31319945 0.1751193  0.1354479  0.07951595 0.23518919 0.06152822]] +/- [[0.34135425 0.33828931 0.23208    0.2115979  0.35803545 0.12022537]]
    choice_probs: [0.31319945 0.1751193  0.1354479  0.07951595 0.23518919 0.06152822] +/- [0.34135425 0.33828931 0.23208    0.2115979  0.35803545 0.12022537]
    tvd: 0.6800154304768901 +/- 0.1091324146899245
  tvd_auc: 0.0 +/- 0.0
unconditional_point
  expected_dist: [0.16666676 0.16666676 0.16666676 0.16666676 0.16666676 0.16666676] +/- [7.4505806e-08 7.4505806e-08 7.4505806e-08 7.4505806e-08 7.4505806e-08
 7.4505806e-08]
  kl_div: 2.351607705550967 +/- 1.4445835483954006
  all_seq_probs: [[0.01185989 0.14832616 0.31444079 0.19582126 0.13739053 0.19216136]] +/- [[0.02851128 0.25100672 0.26021254 0.25729841 0.19454995 0.23739837]]
  choice_probs: [0.01185989 0.14832616 0.31444079 0.19582126 0.13739053 0.19216136] +/- [0.02851128 0.25100672 0.26021254 0.25729841 0.19454995 0.23739837]
  tvd: 0.5493299605598737 +/- 0.13127557263875103
