biased_point
  tvd_auc: 0.0 +/- 0.0
  When you flip coins, they land on heads 100% of the time.
    choice_probs: [0.97029227 0.02970773] +/- [0.02781983 0.02781983]
    kl_div: 0.0305867764125708 +/- 0.029611020515963114
    expected_dist: [1.0000000e+00 9.9999795e-09] +/- [0.0000000e+00 1.8651747e-14]
    all_seq_probs: [[0.97029227 0.02970773]] +/- [[0.02781983 0.02781983]]
    tvd: 0.029707727896787103 +/- 0.027819831747730856
unconditional_point
  choice_probs: [0.44490279 0.55509723] +/- [0.07243913 0.07243911]
  kl_div: 0.017462479412555694 +/- 0.02531752293235294
  expected_dist: [0.5 0.5] +/- [0. 0.]
  all_seq_probs: [[0.44490279 0.55509723]] +/- [[0.07243913 0.07243911]]
  tvd: 0.07201522481441498 +/- 0.05565013534537806
