unconditional_point
  choice_probs: [0.18622414 0.19711107 0.18071416 0.16819331 0.1632057  0.10455162] +/- [0.04228823 0.10241793 0.05296739 0.05169109 0.05361624 0.04830714]
  all_seq_probs: [[0.18622414 0.19711107 0.18071416 0.16819331 0.1632057  0.10455162]] +/- [[0.04228823 0.10241793 0.05296739 0.05169109 0.05361624 0.04830714]]
  tvd: 0.15909827936440707 +/- 0.06372515176383323
  kl_div: 0.08867799664847553 +/- 0.07097333237249404
  expected_dist: [0.16666663 0.16666663 0.16666663 0.16666663 0.16666663 0.16666663] +/- [5.9604645e-08 5.9604645e-08 5.9604645e-08 5.9604645e-08 5.9604645e-08
 5.9604645e-08]
biased_point
  When I roll dice, they land on 6 0% of the time.
    choice_probs: [0.17713781 0.19183242 0.17086682 0.17950389 0.1653367  0.11532237] +/- [0.03171262 0.11858669 0.04718013 0.05540657 0.05114319 0.05934559]
    all_seq_probs: [[0.17713781 0.19183242 0.17086682 0.17950389 0.1653367  0.11532237]] +/- [[0.03171262 0.11858669 0.04718013 0.05540657 0.05114319 0.05934559]]
    tvd: 0.18529125179284428 +/- 0.07398121393863699
    kl_div: 0.18500767223556153 +/- 0.08266288719781417
    expected_dist: [1.9999990e-01 1.9999990e-01 1.9999990e-01 1.9999990e-01 1.9999990e-01
 1.0000003e-08] +/- [1.1920929e-07 1.1920929e-07 1.1920929e-07 1.1920929e-07 1.1920929e-07
 4.4408921e-15]
  tvd_auc: 0.0 +/- 0.0
