biased_point
  tvd_auc: 0.0 +/- 0.0
  When I roll dice, they land on 3 60% of the time.
    all_seq_probs: [[0.0882274  0.0967636  0.40700234 0.12614494 0.10529048 0.17657124]] +/- [[0.04911813 0.05030996 0.13879752 0.03979366 0.03713572 0.05599526]]
    kl_div: 0.1814075135765597 +/- 0.10226472647509423
    tvd: 0.24250772819388658 +/- 0.08838951482568717
    expected_dist: [0.07999998 0.07999998 0.60000026 0.07999998 0.07999998 0.07999998] +/- [4.4703484e-08 4.4703484e-08 1.7881393e-07 4.4703484e-08 4.4703484e-08
 4.4703484e-08]
    choice_probs: [0.0882274  0.0967636  0.40700234 0.12614494 0.10529048 0.17657124] +/- [0.04911813 0.05030996 0.13879752 0.03979366 0.03713572 0.05599526]
