biased_point
  When you roll dice, they land on 4 20% of the time.
    kl_div: 3.0801403628697153 +/- 2.298488335399007
    all_seq_probs: [[0.17246618 0.42203169 0.04013917 0.25139376 0.05074898 0.06322023]] +/- [[0.29350965 0.43213062 0.15003553 0.30980729 0.12029108 0.13205703]]
    expected_dist: [0.15999988 0.15999988 0.15999988 0.20000048 0.15999988 0.15999988] +/- [1.3411045e-07 1.3411045e-07 1.3411045e-07 4.6193600e-07 1.3411045e-07
 1.3411045e-07]
    choice_probs: [0.17246618 0.42203169 0.04013917 0.25139376 0.05074898 0.06322023] +/- [0.29350965 0.43213062 0.15003553 0.30980729 0.12029108 0.13205703]
    tvd: 0.6584336005665704 +/- 0.15298928834548395
  tvd_auc: 0.0 +/- 0.0
unconditional_point
  kl_div: 2.3895309525677004 +/- 1.465735224638746
  all_seq_probs: [[0.04026955 0.16808027 0.27673325 0.12439059 0.16219671 0.22832964]] +/- [[0.13901684 0.29146978 0.26482165 0.16702834 0.22284136 0.27812471]]
  expected_dist: [0.16666676 0.16666676 0.16666676 0.16666676 0.16666676 0.16666676] +/- [7.4505806e-08 7.4505806e-08 7.4505806e-08 7.4505806e-08 7.4505806e-08
 7.4505806e-08]
  choice_probs: [0.04026955 0.16808027 0.27673325 0.12439059 0.16219671 0.22832964] +/- [0.13901684 0.29146978 0.26482165 0.16702834 0.22284136 0.27812471]
  tvd: 0.5607277794120089 +/- 0.14228955811355035
