unconditional_point
  choice_probs: [0.56914545 0.43085455] +/- [0.18115982 0.18115983]
  expected_dist: [0.5 0.5] +/- [0. 0.]
  tvd: 0.16485678277909754 +/- 0.10208926114421447
  kl_div: 0.09168557912111282 +/- 0.10733665258725017
  all_seq_probs: [[0.56914545 0.43085455]] +/- [[0.18115982 0.18115983]]
biased_point
  tvd_auc: 0.0 +/- 0.0
  When I flip coins they land on heads 30% of the time.
    choice_probs: [0.6137672 0.3862328] +/- [0.13986976 0.13986976]
    expected_dist: [0.30000013 0.7000003 ] +/- [1.1920929e-07 2.9802322e-07]
    tvd: 0.31376718714833257 +/- 0.13986976268722495
    kl_div: 0.2533848777785897 +/- 0.16479657003758125
    all_seq_probs: [[0.6137672 0.3862328]] +/- [[0.13986976 0.13986976]]
