biased_point
  tvd_auc: 0.0 +/- 0.0
  When I roll dice, they land on 2 80% of the time.
    expected_dist: [0.03999999 0.7999996  0.03999999 0.03999999 0.03999999 0.03999999] +/- [2.2351742e-08 3.5762787e-07 2.2351742e-08 2.2351742e-08 2.2351742e-08
 2.2351742e-08]
    choice_probs: [0.13838705 0.12597354 0.35207959 0.17552334 0.10238538 0.1056511 ] +/- [0.03921737 0.09891585 0.05541917 0.03318982 0.02665415 0.04005253]
    kl_div: 1.4010948495939375 +/- 0.4942549944447135
    all_seq_probs: [[0.13838705 0.12597354 0.35207959 0.17552334 0.10238538 0.1056511 ]] +/- [[0.03921737 0.09891585 0.05541917 0.03318982 0.02665415 0.04005253]]
    tvd: 0.6743984001129866 +/- 0.0986105783197999
unconditional_point
  expected_dist: [0.16666663 0.16666663 0.16666663 0.16666663 0.16666663 0.16666663] +/- [5.9604645e-08 5.9604645e-08 5.9604645e-08 5.9604645e-08 5.9604645e-08
 5.9604645e-08]
  choice_probs: [0.07411087 0.07751687 0.41874837 0.24596363 0.10930222 0.07435805] +/- [0.03417068 0.15108941 0.11505751 0.07425246 0.04530658 0.04581488]
  kl_div: 0.537481070899521 +/- 0.20006708422407668
  all_seq_probs: [[0.07411087 0.07751687 0.41874837 0.24596363 0.10930222 0.07435805]] +/- [[0.03417068 0.15108941 0.11505751 0.07425246 0.04530658 0.04581488]]
  tvd: 0.3816592960641719 +/- 0.0763835986114402
