biased_point
  tvd_auc: 0.0 +/- 0.0
  When you roll dice, they land on 6 0% of the time.
    choice_probs: [0.07311011 0.22857312 0.18172237 0.21920816 0.20205486 0.09533139] +/- [0.05001295 0.23117996 0.12652248 0.16014479 0.14433232 0.07971392]
    expected_dist: [2.0000048e-01 2.0000048e-01 2.0000048e-01 2.0000048e-01 2.0000048e-01
 9.9999795e-09] +/- [4.6193600e-07 4.6193600e-07 4.6193600e-07 4.6193600e-07 4.6193600e-07
 1.8651747e-14]
    tvd: 0.3776242281393742 +/- 0.10840096769769592
    kl_div: 0.6631808439728963 +/- 0.35546316404527234
    all_seq_probs: [[0.07311011 0.22857312 0.18172237 0.21920816 0.20205486 0.09533139]] +/- [[0.05001295 0.23117996 0.12652248 0.16014479 0.14433232 0.07971392]]
