biased_point
  tvd_auc: 0.0 +/- 0.0
  When you roll dice, they land on 2 80% of the time.
    choice_probs: [0.01098709 0.56294038 0.06512763 0.13112123 0.03215187 0.1976718 ] +/- [0.02853467 0.38264656 0.12698579 0.18529607 0.0662157  0.23939727]
    all_seq_probs: [[0.01098709 0.56294038 0.06512763 0.13112123 0.03215187 0.1976718 ]] +/- [[0.02853467 0.38264656 0.12698579 0.18529607 0.0662157  0.23939727]]
    kl_div: 1.144383405418688 +/- 1.1243123939631947
    tvd: 0.4078214646287895 +/- 0.282043900349341
    expected_dist: [0.03999997 0.8000019  0.03999997 0.03999997 0.03999997 0.03999997] +/- [4.0978193e-08 1.9669533e-06 4.0978193e-08 4.0978193e-08 4.0978193e-08
 4.0978193e-08]
