biased_point
  When you roll dice, they land on 4 20% of the time.
    tvd: 0.6656973947850843 +/- 0.12337205735356416
    expected_dist: [0.15999988 0.15999988 0.15999988 0.20000048 0.15999988 0.15999988] +/- [1.3411045e-07 1.3411045e-07 1.3411045e-07 4.6193600e-07 1.3411045e-07
 1.3411045e-07]
    kl_div: 5.383166509982664 +/- 2.8653727886232767
    choice_probs: [0.19032092 0.31200131 0.12929765 0.14311214 0.03689793 0.18837006] +/- [0.29873835 0.3788104  0.24232756 0.25217666 0.11586769 0.31422622]
    all_seq_probs: [[0.19032092 0.31200131 0.12929765 0.14311214 0.03689793 0.18837006]] +/- [[0.29873835 0.3788104  0.24232756 0.25217666 0.11586769 0.31422622]]
  tvd_auc: 0.0 +/- 0.0
