biased_point
  When I roll dice, they land on 4 80% of the time.
    choice_probs: [0.08401266 0.09220379 0.0805177  0.51583521 0.07588526 0.15154536] +/- [0.04122959 0.07663744 0.03827368 0.18833467 0.04440778 0.05606275]
    tvd: 0.2890445776190609 +/- 0.18144173262424898
    expected_dist: [0.03999999 0.03999999 0.03999999 0.7999996  0.03999999 0.03999999] +/- [2.2351742e-08 2.2351742e-08 2.2351742e-08 4.1723251e-07 2.2351742e-08
 2.2351742e-08]
    all_seq_probs: [[0.08401266 0.09220379 0.0805177  0.51583521 0.07588526 0.15154536]] +/- [[0.04122959 0.07663744 0.03827368 0.18833467 0.04440778 0.05606275]]
    kl_div: 0.28098946031881494 +/- 0.3095356850067563
  tvd_auc: 0.0 +/- 0.0
unconditional_point
  choice_probs: [0.19465788 0.21013378 0.18662114 0.10702594 0.20631486 0.0952464 ] +/- [0.03141278 0.06940016 0.02119545 0.04004358 0.04363424 0.02486907]
  tvd: 0.15134753976017237 +/- 0.051437584857657426
  expected_dist: [0.16666663 0.16666663 0.16666663 0.16666663 0.16666663 0.16666663] +/- [5.9604645e-08 5.9604645e-08 5.9604645e-08 5.9604645e-08 5.9604645e-08
 5.9604645e-08]
  all_seq_probs: [[0.19465788 0.21013378 0.18662114 0.10702594 0.20631486 0.0952464 ]] +/- [[0.03141278 0.06940016 0.02119545 0.04004358 0.04363424 0.02486907]]
  kl_div: 0.07826072353083874 +/- 0.0628558606061788
