biased_point
  tvd_auc: 0.0 +/- 0.0
  When I roll dice, they land on 1 40% of the time.
    expected_dist: [0.3999998  0.11999992 0.11999992 0.11999992 0.11999992 0.11999992] +/- [2.3841858e-07 7.4505806e-08 7.4505806e-08 7.4505806e-08 7.4505806e-08
 7.4505806e-08]
    choice_probs: [0.33660077 0.14863709 0.12924632 0.13336782 0.12543736 0.12671061] +/- [0.06500826 0.01842919 0.01664122 0.01863117 0.02381769 0.02674142]
    all_seq_probs: [[0.33660077 0.14863709 0.12924632 0.13336782 0.12543736 0.12671061]] +/- [[0.06500826 0.01842919 0.01664122 0.01863117 0.02381769 0.02674142]]
    kl_div: 0.025596955607470592 +/- 0.019644737677362852
    tvd: 0.09107801802456379 +/- 0.038623720150234755
