biased_point
  tvd_auc: 0.0 +/- 0.0
  When I roll dice, they land on 4 40% of the time.
    expected_dist: [0.11999992 0.11999992 0.11999992 0.3999998  0.11999992 0.11999992] +/- [7.4505806e-08 7.4505806e-08 7.4505806e-08 2.3841858e-07 7.4505806e-08
 7.4505806e-08]
    all_seq_probs: [[0.13008925 0.13006365 0.15077545 0.28740812 0.15261506 0.14904846]] +/- [[0.06610102 0.05606986 0.06395694 0.13321172 0.07541229 0.08468487]]
    kl_div: 0.15712518509040818 +/- 0.17175058419620354
    tvd: 0.2146963842958212 +/- 0.08874748550796532
    choice_probs: [0.13008925 0.13006365 0.15077545 0.28740812 0.15261506 0.14904846] +/- [0.06610102 0.05606986 0.06395694 0.13321172 0.07541229 0.08468487]
