biased_point
  When I flip coins they land on heads 30% of the time.
    tvd: 0.25662839934229853 +/- 0.10381212067150722
    choice_probs: [0.55443182 0.4455682 ] +/- [0.10908505 0.10908507]
    kl_div: 0.1599712012335658 +/- 0.11535800678636612
    all_seq_probs: [[0.55443182 0.4455682 ]] +/- [[0.10908505 0.10908507]]
    expected_dist: [0.30000013 0.7000003 ] +/- [1.1920929e-07 2.9802322e-07]
  tvd_auc: 0.0 +/- 0.0
unconditional_point
  tvd: 0.11169272229075432 +/- 0.09446161738456584
  choice_probs: [0.53662223 0.46337778] +/- [0.14162299 0.14162301]
  kl_div: 0.04969657570123673 +/- 0.07399137158775936
  all_seq_probs: [[0.53662223 0.46337778]] +/- [[0.14162299 0.14162301]]
  expected_dist: [0.5 0.5] +/- [0. 0.]
