biased_point
  tvd_auc: 0.0 +/- 0.0
  When I roll dice, they land on 4 20% of the time.
    kl_div: 0.1037719726539217 +/- 0.12820271018555113
    expected_dist: [0.15999994 0.15999994 0.15999994 0.1999999  0.15999994 0.15999994] +/- [7.4505806e-08 7.4505806e-08 7.4505806e-08 1.1920929e-07 7.4505806e-08
 7.4505806e-08]
    all_seq_probs: [[0.11643804 0.17435403 0.1280243  0.30325755 0.1351371  0.14278898]] +/- [[0.04646022 0.05533621 0.03853719 0.10243261 0.05357321 0.05559466]]
    tvd: 0.169002939555794 +/- 0.09965626359554897
    choice_probs: [0.11643804 0.17435403 0.1280243  0.30325755 0.1351371  0.14278898] +/- [0.04646022 0.05533621 0.03853719 0.10243261 0.05357321 0.05559466]
