biased_point
  When I roll dice, they land on 4 60% of the time.
    all_seq_probs: [[0.08023698 0.10165564 0.11277226 0.31705237 0.1392428  0.24903994]] +/- [[0.05770017 0.06576545 0.0691296  0.17163345 0.09283131 0.13116144]]
    kl_div: 0.3966000496177003 +/- 0.2173359634574024
    expected_dist: [0.07999997 0.07999997 0.07999997 0.60000026 0.07999997 0.07999997] +/- [2.9802322e-08 2.9802322e-08 2.9802322e-08 2.3841858e-07 2.9802322e-08
 2.9802322e-08]
    choice_probs: [0.08023698 0.10165564 0.11277226 0.31705237 0.1392428  0.24903994] +/- [0.05770017 0.06576545 0.0691296  0.17163345 0.09283131 0.13116144]
    tvd: 0.3614233543165028 +/- 0.10152569425912218
  tvd_auc: 0.0 +/- 0.0
