biased_point
  tvd_auc: 0.0 +/- 0.0
  When I roll dice, they land on 6 40% of the time.
    kl_div: 0.13413399089884478 +/- 0.1877976649790696
    expected_dist: [0.11999992 0.11999992 0.11999992 0.11999992 0.11999992 0.3999998 ] +/- [7.4505806e-08 7.4505806e-08 7.4505806e-08 7.4505806e-08 7.4505806e-08
 2.3841858e-07]
    all_seq_probs: [[0.10352794 0.10432611 0.11342468 0.22462228 0.12537398 0.328725  ]] +/- [[0.04816235 0.04171883 0.03821767 0.08273029 0.04379936 0.1336206 ]]
    choice_probs: [0.10352794 0.10432611 0.11342468 0.22462228 0.12537398 0.328725  ] +/- [0.04816235 0.04171883 0.03821767 0.08273029 0.04379936 0.1336206 ]
    tvd: 0.18959323018789292 +/- 0.0840812560617537
