biased_point
  tvd_auc: 0.0 +/- 0.0
  When I roll dice, they land on 6 80% of the time.
    all_seq_probs: [[0.09304552 0.06984763 0.07846504 0.08858228 0.09747674 0.5725828 ]] +/- [[0.09182286 0.06588309 0.06434468 0.07712772 0.07535555 0.26073157]]
    kl_div: 0.3277301402157173 +/- 0.20692213682904073
    expected_dist: [0.03999999 0.03999999 0.03999999 0.03999999 0.03999999 0.7999996 ] +/- [2.2351742e-08 2.2351742e-08 2.2351742e-08 2.2351742e-08 2.2351742e-08
 4.1723251e-07]
    tvd: 0.31407941425219177 +/- 0.15225384518951385
    choice_probs: [0.09304552 0.06984763 0.07846504 0.08858228 0.09747674 0.5725828 ] +/- [0.09182286 0.06588309 0.06434468 0.07712772 0.07535555 0.26073157]
