unconditional_point
  choice_probs: [0.49035138 0.50964864] +/- [0.08260994 0.08260994]
  kl_div: 0.014454290091991425 +/- 0.02092974192811775
  expected_dist: [0.5 0.5] +/- [0. 0.]
  tvd: 0.06468224555253982 +/- 0.05228484846839428
  all_seq_probs: [[0.49035138 0.50964864]] +/- [[0.08260994 0.08260994]]
biased_point
  When you flip coins, they land on heads 20% of the time.
    choice_probs: [0.36968937 0.63031063] +/- [0.09236949 0.09236948]
    kl_div: 0.083450213866774 +/- 0.06756553908985782
    expected_dist: [0.20000048 0.8000019 ] +/- [4.6193600e-07 1.9073486e-06]
    tvd: 0.17096008357405662 +/- 0.08999585285692913
    all_seq_probs: [[0.36968937 0.63031063]] +/- [[0.09236949 0.09236948]]
  tvd_auc: 0.0 +/- 0.0
