biased_point
  When I roll dice, they land on 1 60% of the time.
    tvd: 0.30130214483477175 +/- 0.11779037627628172
    kl_div: 0.2804987464018632 +/- 0.28935738354792767
    choice_probs: [0.33549654 0.18638639 0.14861296 0.09445373 0.10094843 0.13410194] +/- [0.14279779 0.07297339 0.110774   0.05417716 0.03973601 0.06648359]
    all_seq_probs: [[0.33549654 0.18638639 0.14861296 0.09445373 0.10094843 0.13410194]] +/- [[0.14279779 0.07297339 0.110774   0.05417716 0.03973601 0.06648359]]
    expected_dist: [0.60000026 0.07999998 0.07999998 0.07999998 0.07999998 0.07999998] +/- [1.7881393e-07 4.4703484e-08 4.4703484e-08 4.4703484e-08 4.4703484e-08
 4.4703484e-08]
  tvd_auc: 0.0 +/- 0.0
