biased_point
  tvd_auc: 0.0 +/- 0.0
  When I roll dice, they land on 3 20% of the time.
    kl_div: 0.07855728270951659 +/- 0.1187120849911903
    tvd: 0.14213490488007666 +/- 0.09669562063890036
    expected_dist: [0.15999995 0.15999995 0.1999999  0.15999995 0.15999995 0.15999995] +/- [8.9406967e-08 8.9406967e-08 1.3411045e-07 8.9406967e-08 8.9406967e-08
 8.9406967e-08]
    choice_probs: [0.16083478 0.15105193 0.22360713 0.1528368  0.17284149 0.13882788] +/- [0.07739028 0.05973075 0.08769719 0.0486416  0.09586164 0.04413444]
    all_seq_probs: [[0.16083478 0.15105193 0.22360713 0.1528368  0.17284149 0.13882788]] +/- [[0.07739028 0.05973075 0.08769719 0.0486416  0.09586164 0.04413444]]
