biased_point
  tvd_auc: 0.0 +/- 0.0
  When I roll dice, they land on 1 60% of the time.
    tvd: 0.09369897741824389 +/- 0.05808752371891236
    choice_probs: [0.54175406 0.10118227 0.09396456 0.07905315 0.09036912 0.09367684] +/- [0.08703281 0.02457453 0.02276783 0.01884381 0.02531232 0.02737222]
    kl_div: 0.030566923110091012 +/- 0.033395222149436854
    all_seq_probs: [[0.54175406 0.10118227 0.09396456 0.07905315 0.09036912 0.09367684]] +/- [[0.08703281 0.02457453 0.02276783 0.01884381 0.02531232 0.02737222]]
    expected_dist: [0.60000026 0.07999998 0.07999998 0.07999998 0.07999998 0.07999998] +/- [1.7881393e-07 4.4703484e-08 4.4703484e-08 4.4703484e-08 4.4703484e-08
 4.4703484e-08]
