biased_point
  When you roll dice, they land on 6 60% of the time.
    expected_dist: [0.07999994 0.07999994 0.07999994 0.07999994 0.07999994 0.6       ] +/- [5.9604645e-08 5.9604645e-08 5.9604645e-08 5.9604645e-08 5.9604645e-08
 0.0000000e+00]
    kl_div: 2.8125317977328086 +/- 2.890401394403304
    all_seq_probs: [[0.03395951 0.15522285 0.09643212 0.16332188 0.05499103 0.49607262]] +/- [[0.08983457 0.28755453 0.192583   0.23055335 0.13078633 0.42925283]]
    tvd: 0.5152490543118301 +/- 0.21285230518873496
    choice_probs: [0.03395951 0.15522285 0.09643212 0.16332188 0.05499103 0.49607262] +/- [0.08983457 0.28755453 0.192583   0.23055335 0.13078633 0.42925283]
  tvd_auc: 0.0 +/- 0.0
