biased_point
  When I roll dice, they land on 1 40% of the time.
    kl_div: 0.04066536219441332 +/- 0.021755091726256413
    all_seq_probs: [[0.29322344 0.14190153 0.13972295 0.12603629 0.1371883  0.16192747]] +/- [[0.05507762 0.01716493 0.01357612 0.01653438 0.02233221 0.02877973]]
    expected_dist: [0.3999998  0.11999992 0.11999992 0.11999992 0.11999992 0.11999992] +/- [2.3841858e-07 7.4505806e-08 7.4505806e-08 7.4505806e-08 7.4505806e-08
 7.4505806e-08]
    choice_probs: [0.29322344 0.14190153 0.13972295 0.12603629 0.1371883  0.16192747] +/- [0.05507762 0.01716493 0.01357612 0.01653438 0.02233221 0.02877973]
    tvd: 0.11907421514391898 +/- 0.03486787028750562
  tvd_auc: 0.0 +/- 0.0
