biased_point
  When I roll dice, they land on 6 80% of the time.
    all_seq_probs: [[0.05372612 0.06917571 0.06290199 0.07905036 0.09409849 0.64104734]] +/- [[0.05462222 0.054848   0.04761962 0.05215974 0.06357453 0.18903643]]
    kl_div: 0.18791407417331357 +/- 0.17621784669176913
    expected_dist: [0.03999999 0.03999999 0.03999999 0.03999999 0.03999999 0.7999996 ] +/- [2.2351742e-08 2.2351742e-08 2.2351742e-08 2.2351742e-08 2.2351742e-08
 4.1723251e-07]
    choice_probs: [0.05372612 0.06917571 0.06290199 0.07905036 0.09409849 0.64104734] +/- [0.05462222 0.054848   0.04761962 0.05215974 0.06357453 0.18903643]
    tvd: 0.21801619476871564 +/- 0.12886683782388383
  tvd_auc: 0.0 +/- 0.0
