biased_point
  tvd_auc: 0.0 +/- 0.0
  When you roll dice, they land on 1 40% of the time.
    choice_probs: [0.12874054 0.24709674 0.17191483 0.15976079 0.13080766 0.16167944] +/- [0.23195119 0.24007436 0.19533525 0.21041137 0.13383791 0.16611917]
    expected_dist: [0.40000096 0.12000033 0.12000033 0.12000033 0.12000033 0.12000033] +/- [9.2387199e-07 3.3527613e-07 3.3527613e-07 3.3527613e-07 3.3527613e-07
 3.3527613e-07]
    tvd: 0.5179113608970672 +/- 0.14901739871555864
    kl_div: 2.1090072853573365 +/- 1.7125360059384622
    all_seq_probs: [[0.12874054 0.24709674 0.17191483 0.15976079 0.13080766 0.16167944]] +/- [[0.23195119 0.24007436 0.19533525 0.21041137 0.13383791 0.16611917]]
