biased_point
  When you flip coins, they land on heads 70% of the time.
    all_seq_probs: [[0.64509245 0.35490756]] +/- [[0.1455725 0.1455725]]
    tvd: 0.13597270907461642 +/- 0.07561490633156899
    expected_dist: [0.6999983 0.3      ] +/- [1.66893e-06 0.00000e+00]
    kl_div: 0.0585258245524019 +/- 0.05404882668312476
    choice_probs: [0.64509245 0.35490756] +/- [0.1455725 0.1455725]
  tvd_auc: 0.0 +/- 0.0
unconditional_point
  all_seq_probs: [[0.37274963 0.62725037]] +/- [[0.32687274 0.32687274]]
  tvd: 0.3338801292963326 +/- 0.10752909976817858
  expected_dist: [0.5 0.5] +/- [0. 0.]
  kl_div: 0.41097914880514147 +/- 0.2923472709436925
  choice_probs: [0.37274963 0.62725037] +/- [0.32687274 0.32687274]
