biased_point
  When I roll dice, they land on 1 60% of the time.
    expected_dist: [0.60000026 0.07999998 0.07999998 0.07999998 0.07999998 0.07999998] +/- [1.7881393e-07 4.4703484e-08 4.4703484e-08 4.4703484e-08 4.4703484e-08
 4.4703484e-08]
    tvd: 0.3515029259584844 +/- 0.08447644710552708
    kl_div: 0.3266648572916165 +/- 0.15153241034653964
    all_seq_probs: [[0.2655938  0.17968125 0.14449368 0.11927503 0.13845583 0.15250043]] +/- [[0.10852096 0.07465518 0.04626622 0.04690691 0.06190289 0.05330137]]
    choice_probs: [0.2655938  0.17968125 0.14449368 0.11927503 0.13845583 0.15250043] +/- [0.10852096 0.07465518 0.04626622 0.04690691 0.06190289 0.05330137]
  tvd_auc: 0.0 +/- 0.0
