biased_point
  When you flip coins, they land on heads 90% of the time.
    all_seq_probs: [[0.33113299 0.66886703]] +/- [[0.21322269 0.21322269]]
    expected_dist: [0.899998   0.10000024] +/- [1.9669533e-06 2.3841858e-07]
    choice_probs: [0.33113299 0.66886703] +/- [0.21322269 0.21322269]
    tvd: 0.5688670071661472 +/- 0.21322269245750752
    kl_div: 0.9713971176818014 +/- 0.7451341427030046
  tvd_auc: 0.0 +/- 0.0
unconditional_point
  all_seq_probs: [[0.26860692 0.73139309]] +/- [[0.18348429 0.18348429]]
  expected_dist: [0.5 0.5] +/- [0. 0.]
  choice_probs: [0.26860692 0.73139309] +/- [0.18348429 0.18348429]
  tvd: 0.2595657710544765 +/- 0.1408362742360853
  kl_div: 0.2702017967700958 +/- 0.25474473834280187
