biased_point
  When I roll dice, they land on 5 80% of the time.
    choice_probs: [0.042359   0.05105602 0.06308828 0.06592018 0.68337063 0.0942059 ] +/- [0.03785661 0.04231651 0.08867821 0.04249585 0.16997623 0.06588252]
    all_seq_probs: [[0.042359   0.05105602 0.06308828 0.06592018 0.68337063 0.0942059 ]] +/- [[0.03785661 0.04231651 0.08867821 0.04249585 0.16997623 0.06588252]]
    kl_div: 0.1434488220626372 +/- 0.1997014693092797
    expected_dist: [0.03999999 0.03999999 0.03999999 0.03999999 0.7999996  0.03999999] +/- [2.2351742e-08 2.2351742e-08 2.2351742e-08 2.2351742e-08 4.1723251e-07
 2.2351742e-08]
    tvd: 0.16804234727518633 +/- 0.13580536243064345
  tvd_auc: 0.0 +/- 0.0
