biased_point
  tvd_auc: 0.0 +/- 0.0
  When you roll dice, they land on 5 20% of the time.
    tvd: 0.6821117896573269 +/- 0.12266081534800047
    all_seq_probs: [[0.0385347  0.10905324 0.08372126 0.10627642 0.63842861 0.02505348]] +/- [[0.09376541 0.26595625 0.19747514 0.21885481 0.39043452 0.06614572]]
    kl_div: 2.931398675308563 +/- 1.6094500499724043
    expected_dist: [0.15999988 0.15999988 0.15999988 0.15999988 0.20000048 0.15999988] +/- [1.3411045e-07 1.3411045e-07 1.3411045e-07 1.3411045e-07 4.6193600e-07
 1.3411045e-07]
    choice_probs: [0.0385347  0.10905324 0.08372126 0.10627642 0.63842861 0.02505348] +/- [0.09376541 0.26595625 0.19747514 0.21885481 0.39043452 0.06614572]
