biased_point
  When you roll dice, they land on 3 0% of the time.
    all_seq_probs: [[0.15096422 0.12605442 0.17171666 0.20903713 0.08795976 0.25426782]] +/- [[0.26329151 0.26564643 0.23597085 0.35347325 0.21374323 0.37984647]]
    expected_dist: [2.0000048e-01 2.0000048e-01 9.9999795e-09 2.0000048e-01 2.0000048e-01
 2.0000048e-01] +/- [4.6193600e-07 4.6193600e-07 1.8651747e-14 4.6193600e-07 4.6193600e-07
 4.6193600e-07]
    tvd: 0.716012033766842 +/- 0.11993191860111577
    choice_probs: [0.15096422 0.12605442 0.17171666 0.20903713 0.08795976 0.25426782] +/- [0.26329151 0.26564643 0.23597085 0.35347325 0.21374323 0.37984647]
    kl_div: 6.8039783973916546 +/- 3.5414515427578612
  tvd_auc: 0.0 +/- 0.0
