biased_point
  When you roll dice, they land on 5 20% of the time.
    expected_dist: [0.15999988 0.15999988 0.15999988 0.15999988 0.20000048 0.15999988] +/- [1.3411045e-07 1.3411045e-07 1.3411045e-07 1.3411045e-07 4.6193600e-07
 1.3411045e-07]
    kl_div: 4.779363730502082 +/- 3.0842399673045784
    all_seq_probs: [[0.20793891 0.14166959 0.10685314 0.15092766 0.1450181  0.24759261]] +/- [[0.29813415 0.24971203 0.22132337 0.26842126 0.26568317 0.31194683]]
    tvd: 0.6342125194481227 +/- 0.1324876836300883
    choice_probs: [0.20793891 0.14166959 0.10685314 0.15092766 0.1450181  0.24759261] +/- [0.29813415 0.24971203 0.22132337 0.26842126 0.26568317 0.31194683]
  tvd_auc: 0.0 +/- 0.0
