biased_point
  When I roll dice, they land on 2 40% of the time.
    kl_div: 0.20069100853393138 +/- 0.16309048374423082
    tvd: 0.24491126105189323 +/- 0.08543481591490848
    all_seq_probs: [[0.14709701 0.25889143 0.14606234 0.20577343 0.11127222 0.13090359]] +/- [[0.05386813 0.16843624 0.06305437 0.08651131 0.05871229 0.06522747]]
    choice_probs: [0.14709701 0.25889143 0.14606234 0.20577343 0.11127222 0.13090359] +/- [0.05386813 0.16843624 0.06305437 0.08651131 0.05871229 0.06522747]
    expected_dist: [0.11999992 0.3999998  0.11999992 0.11999992 0.11999992 0.11999992] +/- [7.4505806e-08 2.3841858e-07 7.4505806e-08 7.4505806e-08 7.4505806e-08
 7.4505806e-08]
  tvd_auc: 0.0 +/- 0.0
