biased_point
  When I roll dice, they land on 4 40% of the time.
    all_seq_probs: [[0.12704746 0.1929954  0.17938568 0.21789176 0.14433016 0.13834954]] +/- [[0.04003168 0.13128546 0.05692874 0.07513561 0.06256595 0.04960434]]
    kl_div: 0.19517662284139078 +/- 0.13930934936231637
    tvd: 0.24907420362345875 +/- 0.08798170304414063
    choice_probs: [0.12704746 0.1929954  0.17938568 0.21789176 0.14433016 0.13834954] +/- [0.04003168 0.13128546 0.05692874 0.07513561 0.06256595 0.04960434]
    expected_dist: [0.11999992 0.11999992 0.11999992 0.3999998  0.11999992 0.11999992] +/- [7.4505806e-08 7.4505806e-08 7.4505806e-08 2.3841858e-07 7.4505806e-08
 7.4505806e-08]
  tvd_auc: 0.0 +/- 0.0
unconditional_point
  all_seq_probs: [[0.14564162 0.21771726 0.18981079 0.15687491 0.16075825 0.12919719]] +/- [[0.04273463 0.13418488 0.048896   0.0737888  0.06416947 0.03940702]]
  kl_div: 0.12013086173144984 +/- 0.11974415462117793
  tvd: 0.16732816327363254 +/- 0.08858629100581858
  choice_probs: [0.14564162 0.21771726 0.18981079 0.15687491 0.16075825 0.12919719] +/- [0.04273463 0.13418488 0.048896   0.0737888  0.06416947 0.03940702]
  expected_dist: [0.16666663 0.16666663 0.16666663 0.16666663 0.16666663 0.16666663] +/- [5.9604645e-08 5.9604645e-08 5.9604645e-08 5.9604645e-08 5.9604645e-08
 5.9604645e-08]
