biased_point
  When you roll dice, they land on 4 0% of the time.
    expected_dist: [2.0000048e-01 2.0000048e-01 2.0000048e-01 9.9999795e-09 2.0000048e-01
 2.0000048e-01] +/- [4.6193600e-07 4.6193600e-07 4.6193600e-07 1.8651747e-14 4.6193600e-07
 4.6193600e-07]
    all_seq_probs: [[0.07742704 0.0836958  0.06240246 0.44183675 0.11585835 0.21877961]] +/- [[0.08606408 0.10760484 0.08765063 0.17952962 0.14892293 0.20519409]]
    tvd: 0.5991810569678737 +/- 0.1294280798569934
    choice_probs: [0.07742704 0.0836958  0.06240246 0.44183675 0.11585835 0.21877961] +/- [0.08606408 0.10760484 0.08765063 0.17952962 0.14892293 0.20519409]
    kl_div: 1.5657976475074187 +/- 0.7617881624683623
  tvd_auc: 0.0 +/- 0.0
