biased_point
  tvd_auc: 0.0 +/- 0.0
  When you roll dice, they land on 4 60% of the time.
    tvd: 0.8118345438368167 +/- 0.2113882562452578
    expected_dist: [0.07999994 0.07999994 0.07999994 0.6        0.07999994 0.07999994] +/- [5.9604645e-08 5.9604645e-08 5.9604645e-08 0.0000000e+00 5.9604645e-08
 5.9604645e-08]
    kl_div: 5.846789530894486 +/- 2.919955671668982
    all_seq_probs: [[0.06662652 0.08094391 0.05896628 0.09586689 0.0339124  0.663684  ]] +/- [[0.20953242 0.26778543 0.192965   0.22466951 0.09654565 0.44852096]]
    choice_probs: [0.06662652 0.08094391 0.05896628 0.09586689 0.0339124  0.663684  ] +/- [0.20953242 0.26778543 0.192965   0.22466951 0.09654565 0.44852096]
