biased_point
  When you roll dice, they land on 3 100% of the time.
    tvd: 0.027337743692789768 +/- 0.02637792839765135
    choice_probs: [0.00310921 0.00480119 0.97266223 0.00571549 0.00726853 0.00644335] +/- [0.00276358 0.00532981 0.02637793 0.00490611 0.00867235 0.00573322]
    expected_dist: [9.9999795e-09 9.9999795e-09 1.0000000e+00 9.9999795e-09 9.9999795e-09
 9.9999795e-09] +/- [1.8651747e-14 1.8651747e-14 0.0000000e+00 1.8651747e-14 1.8651747e-14
 1.8651747e-14]
    kl_div: 0.028096967503936924 +/- 0.02775448687693951
    all_seq_probs: [[0.00310921 0.00480119 0.97266223 0.00571549 0.00726853 0.00644335]] +/- [[0.00276358 0.00532981 0.02637793 0.00490611 0.00867235 0.00573322]]
  tvd_auc: 0.0 +/- 0.0
