biased_point
  When you roll dice, they land on 4 0% of the time.
    choice_probs: [0.07912917 0.21296808 0.18368246 0.21932382 0.18734545 0.11755101] +/- [0.04159981 0.22426185 0.11922169 0.11073417 0.17106641 0.0811853 ]
    all_seq_probs: [[0.07912917 0.21296808 0.18368246 0.21932382 0.18734545 0.11755101]] +/- [[0.04159981 0.22426185 0.11922169 0.11073417 0.17106641 0.0811853 ]]
    kl_div: 0.7266051916608459 +/- 0.35384479951430303
    expected_dist: [2.0000048e-01 2.0000048e-01 2.0000048e-01 9.9999795e-09 2.0000048e-01
 2.0000048e-01] +/- [4.6193600e-07 4.6193600e-07 4.6193600e-07 1.8651747e-14 4.6193600e-07
 4.6193600e-07]
    tvd: 0.41386750600048516 +/- 0.12074217856909808
  tvd_auc: 0.0 +/- 0.0
unconditional_point
  choice_probs: [0.02217199 0.22902589 0.23461149 0.25066636 0.2057277  0.05779657] +/- [0.01494105 0.23186117 0.1564474  0.09928693 0.19635486 0.06111024]
  all_seq_probs: [[0.02217199 0.22902589 0.23461149 0.25066636 0.2057277  0.05779657]] +/- [[0.01494105 0.23186117 0.1564474  0.09928693 0.19635486 0.06111024]]
  kl_div: 0.9260619325336301 +/- 0.3850311836191036
  expected_dist: [0.16666676 0.16666676 0.16666676 0.16666676 0.16666676 0.16666676] +/- [7.4505806e-08 7.4505806e-08 7.4505806e-08 7.4505806e-08 7.4505806e-08
 7.4505806e-08]
  tvd: 0.4170314315568248 +/- 0.10758026394750814
