unconditional_point
  choice_probs: [0.16169974 0.18245572 0.19344146 0.14384131 0.14727362 0.17128815] +/- [0.14229975 0.14227565 0.14309028 0.10176904 0.12613614 0.11953434]
  tvd: 0.3102131533809006 +/- 0.1180679279175532
  kl_div: 0.3876690088043688 +/- 0.25930096096836475
  expected_dist: [0.16666663 0.16666663 0.16666663 0.16666663 0.16666663 0.16666663] +/- [5.9604645e-08 5.9604645e-08 5.9604645e-08 5.9604645e-08 5.9604645e-08
 5.9604645e-08]
  all_seq_probs: [[0.16169974 0.18245572 0.19344146 0.14384131 0.14727362 0.17128815]] +/- [[0.14229975 0.14227565 0.14309028 0.10176904 0.12613614 0.11953434]]
biased_point
  When I roll dice, they land on 3 20% of the time.
    choice_probs: [0.15145068 0.17034014 0.23095504 0.13979677 0.14603983 0.16141754] +/- [0.10089237 0.06878361 0.09709003 0.05976282 0.09461999 0.08320087]
    tvd: 0.18656310677528382 +/- 0.09689492242684125
    kl_div: 0.12407085177197587 +/- 0.12319598239373278
    expected_dist: [0.15999995 0.15999995 0.1999999  0.15999995 0.15999995 0.15999995] +/- [8.9406967e-08 8.9406967e-08 1.3411045e-07 8.9406967e-08 8.9406967e-08
 8.9406967e-08]
    all_seq_probs: [[0.15145068 0.17034014 0.23095504 0.13979677 0.14603983 0.16141754]] +/- [[0.10089237 0.06878361 0.09709003 0.05976282 0.09461999 0.08320087]]
  tvd_auc: 0.0 +/- 0.0
