biased_point
  When you roll dice, they land on 1 60% of the time.
    expected_dist: [0.6        0.07999994 0.07999994 0.07999994 0.07999994 0.07999994] +/- [5.9604645e-08 8.1956387e-08 8.1956387e-08 8.1956387e-08 8.1956387e-08
 8.1956387e-08]
    tvd: 0.4828922021192848 +/- 0.16158351480225597
    kl_div: 0.9271236726276111 +/- 0.6997340252817551
    choice_probs: [0.26801851 0.15302812 0.15433364 0.12111118 0.11377664 0.18973193] +/- [0.32506666 0.11336676 0.12432347 0.14180434 0.07872173 0.15333604]
    all_seq_probs: [[0.26801851 0.15302812 0.15433364 0.12111118 0.11377664 0.18973193]] +/- [[0.32506666 0.11336676 0.12432347 0.14180434 0.07872173 0.15333604]]
  tvd_auc: 0.0 +/- 0.0
