biased_point
  When I roll dice, they land on 4 80% of the time.
    tvd: 0.49383415434509514 +/- 0.17892911780524773
    all_seq_probs: [[0.11582258 0.15728138 0.15272625 0.30669044 0.14934495 0.11813439]] +/- [[0.04432426 0.07532204 0.04594019 0.17855245 0.04737381 0.03493922]]
    choice_probs: [0.11582258 0.15728138 0.15272625 0.30669044 0.14934495 0.11813439] +/- [0.04432426 0.07532204 0.04594019 0.17855245 0.04737381 0.03493922]
    expected_dist: [0.03999999 0.03999999 0.03999999 0.7999996  0.03999999 0.03999999] +/- [2.2351742e-08 2.2351742e-08 2.2351742e-08 4.1723251e-07 2.2351742e-08
 2.2351742e-08]
    kl_div: 0.6803470658883453 +/- 0.4475042455643348
  tvd_auc: 0.0 +/- 0.0
unconditional_point
  tvd: 0.13486827436834573 +/- 0.04328375776883446
  all_seq_probs: [[0.17102491 0.21951226 0.19475852 0.08596494 0.19018118 0.13855819]] +/- [[0.03378044 0.0500706  0.03013774 0.05127843 0.03560598 0.0214993 ]]
  choice_probs: [0.17102491 0.21951226 0.19475852 0.08596494 0.19018118 0.13855819] +/- [0.03378044 0.0500706  0.03013774 0.05127843 0.03560598 0.0214993 ]
  expected_dist: [0.16666663 0.16666663 0.16666663 0.16666663 0.16666663 0.16666663] +/- [5.9604645e-08 5.9604645e-08 5.9604645e-08 5.9604645e-08 5.9604645e-08
 5.9604645e-08]
  kl_div: 0.0840236576506868 +/- 0.04895089607838346
