biased_point
  When I roll dice, they land on 6 60% of the time.
    expected_dist: [0.07999997 0.07999997 0.07999997 0.07999997 0.07999997 0.60000026] +/- [2.9802322e-08 2.9802322e-08 2.9802322e-08 2.9802322e-08 2.9802322e-08
 2.3841858e-07]
    choice_probs: [0.09273106 0.0903133  0.09073752 0.10377385 0.10489494 0.51754933] +/- [0.03349724 0.03335251 0.03308935 0.06264975 0.03517695 0.10236792]
    tvd: 0.13452828463166952 +/- 0.06837808184461021
    all_seq_probs: [[0.09273106 0.0903133  0.09073752 0.10377385 0.10489494 0.51754933]] +/- [[0.03349724 0.03335251 0.03308935 0.06264975 0.03517695 0.10236792]]
    kl_div: 0.060683473590252106 +/- 0.053977179215509624
  tvd_auc: 0.0 +/- 0.0
