biased_point
  When you roll dice, they land on 2 0% of the time.
    all_seq_probs: [[0.0815054  0.27220579 0.16121017 0.10381809 0.14948958 0.23177097]] +/- [[0.05710055 0.11670325 0.12839326 0.08707261 0.10574909 0.16988551]]
    tvd: 0.4210128823894001 +/- 0.1348956903722316
    kl_div: 0.8148437890677153 +/- 0.42705184588969425
    expected_dist: [2.0000048e-01 9.9999795e-09 2.0000048e-01 2.0000048e-01 2.0000048e-01
 2.0000048e-01] +/- [4.6193600e-07 1.8651747e-14 4.6193600e-07 4.6193600e-07 4.6193600e-07
 4.6193600e-07]
    choice_probs: [0.0815054  0.27220579 0.16121017 0.10381809 0.14948958 0.23177097] +/- [0.05710055 0.11670325 0.12839326 0.08707261 0.10574909 0.16988551]
  tvd_auc: 0.0 +/- 0.0
