biased_point
  tvd_auc: 0.0 +/- 0.0
  When you roll dice, they land on 4 60% of the time.
    choice_probs: [0.04110513 0.13568485 0.1331374  0.34639861 0.1378708  0.20580321] +/- [0.03816702 0.10809737 0.10669475 0.35896489 0.1072384  0.16867205]
    expected_dist: [0.07999994 0.07999994 0.07999994 0.6        0.07999994 0.07999994] +/- [5.9604645e-08 5.9604645e-08 5.9604645e-08 0.0000000e+00 5.9604645e-08
 5.9604645e-08]
    tvd: 0.47019762444624214 +/- 0.12288973276668097
    kl_div: 0.7863974145856045 +/- 0.43311778081631835
    all_seq_probs: [[0.04110513 0.13568485 0.1331374  0.34639861 0.1378708  0.20580321]] +/- [[0.03816702 0.10809737 0.10669475 0.35896489 0.1072384  0.16867205]]
