biased_point
  tvd_auc: 0.0 +/- 0.0
  When I flip coins they land on heads 60% of the time.
    choice_probs: [0.6825   0.329104] +/- [0.238125  0.2330698]
    kl_div: 0.34023839950561524 +/- 0.4395735018712196
    expected_dist: [0.60000026 0.3999998 ] +/- [2.3841858e-07 2.3841858e-07]
    tvd: 0.20469799637794495 +/- 0.1395973961239933
    all_seq_probs: [[0.6825   0.329104]] +/- [[0.238125  0.2330698]]
