biased_point
  When I roll dice, they land on 3 60% of the time.
    choice_probs: [0.08947843 0.10513206 0.37006215 0.131319   0.10238644 0.20162192] +/- [0.05512417 0.05749709 0.13171295 0.05367922 0.04833113 0.07567524]
    kl_div: 0.2512098542379681 +/- 0.18210251340293016
    all_seq_probs: [[0.08947843 0.10513206 0.37006215 0.131319   0.10238644 0.20162192]] +/- [[0.05512417 0.05749709 0.13171295 0.05367922 0.04833113 0.07567524]]
    expected_dist: [0.07999998 0.07999998 0.60000026 0.07999998 0.07999998 0.07999998] +/- [4.4703484e-08 4.4703484e-08 1.7881393e-07 4.4703484e-08 4.4703484e-08
 4.4703484e-08]
    tvd: 0.2831371931463946 +/- 0.08886150509082849
  tvd_auc: 0.0 +/- 0.0
