biased_point
  When you flip coins, they land on heads 10% of the time.
    tvd: 0.08399972823262215 +/- 0.07215450323290293
    choice_probs: [0.17109172 0.82890829] +/- [0.0849011 0.0849011]
    all_seq_probs: [[0.17109172 0.82890829]] +/- [[0.0849011 0.0849011]]
    expected_dist: [0.10000024 0.899998  ] +/- [2.3841858e-07 1.9669533e-06]
    kl_div: 0.03858419220102951 +/- 0.05063216891510786
  tvd_auc: 0.0 +/- 0.0
unconditional_point
  tvd: 0.2538740045093 +/- 0.1344519166922966
  choice_probs: [0.25438698 0.74561303] +/- [0.14900862 0.14900862]
  all_seq_probs: [[0.25438698 0.74561303]] +/- [[0.14900862 0.14900862]]
  expected_dist: [0.5 0.5] +/- [0. 0.]
  kl_div: 0.2595384236574173 +/- 0.27008686106121776
