unconditional_point
  all_seq_probs: [[0.68305523 0.31694476]] +/- [[0.08751293 0.08751293]]
  kl_div: 0.09537429600954056 +/- 0.07723784223712879
  expected_dist: [0.5 0.5] +/- [0. 0.]
  choice_probs: [0.68305523 0.31694476] +/- [0.08751293 0.08751293]
  tvd: 0.1902223815023899 +/- 0.07059162162758464
biased_point
  When I flip coins they land on heads 70% of the time.
    all_seq_probs: [[0.67207332 0.32792666]] +/- [[0.08881737 0.08881737]]
    kl_div: 0.019578994093462823 +/- 0.04374297170557472
    expected_dist: [0.7000003  0.30000013] +/- [2.9802322e-07 1.1920929e-07]
    choice_probs: [0.67207332 0.32792666] +/- [0.08881737 0.08881737]
    tvd: 0.06965561419725418 +/- 0.06177798206422287
  tvd_auc: 0.0 +/- 0.0
