biased_point
  tvd_auc: 0.0 +/- 0.0
  When you flip coins, they land on heads 20% of the time.
    tvd: 0.5819474542979151 +/- 0.23675307644948101
    expected_dist: [0.20000048 0.8000019 ] +/- [4.6193600e-07 1.9073486e-06]
    kl_div: 1.2322318921238185 +/- 0.7485421281050187
    choice_probs: [0.74975812 0.25024186] +/- [0.30410666 0.30410666]
    all_seq_probs: [[0.74975812 0.25024186]] +/- [[0.30410666 0.30410666]]
unconditional_point
  tvd: 0.48191739970457276 +/- 0.04010785987663786
  expected_dist: [0.5 0.5] +/- [0. 0.]
  kl_div: 1.7239079751968385 +/- 0.5662664837323605
  choice_probs: [0.80411192 0.19588809] +/- [0.37599065 0.37599065]
  all_seq_probs: [[0.80411192 0.19588809]] +/- [[0.37599065 0.37599065]]
