biased_point
  tvd_auc: 0.0 +/- 0.0
  When I roll dice, they land on 6 0% of the time.
    choice_probs: [0.1471562  0.17730815 0.17151621 0.16881418 0.14660217 0.18860311] +/- [0.05680588 0.14043264 0.06995201 0.0610265  0.06104775 0.05258769]
    expected_dist: [1.9999990e-01 1.9999990e-01 1.9999990e-01 1.9999990e-01 1.9999990e-01
 1.0000003e-08] +/- [1.1920929e-07 1.1920929e-07 1.1920929e-07 1.1920929e-07 1.1920929e-07
 4.4408921e-15]
    all_seq_probs: [[0.1471562  0.17730815 0.17151621 0.16881418 0.14660217 0.18860311]] +/- [[0.05680588 0.14043264 0.06995201 0.0610265  0.06104775 0.05258769]]
    kl_div: 0.3307935445755072 +/- 0.3035106378616721
    tvd: 0.25639689269130295 +/- 0.10739795042883778
