biased_point
  When I roll dice, they land on 6 80% of the time.
    all_seq_probs: [[0.05846239 0.06739929 0.03535129 0.04363602 0.05791513 0.73723588]] +/- [[0.03516629 0.04645389 0.02078138 0.02293568 0.03279492 0.09706163]]
    choice_probs: [0.05846239 0.06739929 0.03535129 0.04363602 0.05791513 0.73723588] +/- [0.03516629 0.04645389 0.02078138 0.02293568 0.03279492 0.09706163]
    tvd: 0.10378582925070078 +/- 0.07055649722845969
    expected_dist: [0.03999999 0.03999999 0.03999999 0.03999999 0.03999999 0.7999996 ] +/- [2.2351742e-08 2.2351742e-08 2.2351742e-08 2.2351742e-08 2.2351742e-08
 4.1723251e-07]
    kl_div: 0.05672046296407643 +/- 0.054419906486394734
  tvd_auc: 0.0 +/- 0.0
