biased_point
  When I roll dice, they land on 5 20% of the time.
    expected_dist: [0.15999994 0.15999994 0.15999994 0.15999994 0.1999999  0.15999994] +/- [7.4505806e-08 7.4505806e-08 7.4505806e-08 7.4505806e-08 1.1920929e-07
 7.4505806e-08]
    tvd: 0.0947224563639611 +/- 0.0687539238639117
    all_seq_probs: [[0.142808   0.18482513 0.15030668 0.15344636 0.2341302  0.13448363]] +/- [[0.03947081 0.03407809 0.02830734 0.02796391 0.054672   0.05042723]]
    kl_div: 0.04882340630909312 +/- 0.08994597193365853
    choice_probs: [0.142808   0.18482513 0.15030668 0.15344636 0.2341302  0.13448363] +/- [0.03947081 0.03407809 0.02830734 0.02796391 0.054672   0.05042723]
  tvd_auc: 0.0 +/- 0.0
