biased_point
  tvd_auc: 0.0 +/- 0.0
  When I roll dice, they land on 2 100% of the time.
    kl_div: 2.1499296213368173 +/- 0.4894232330315664
    expected_dist: [1.0000003e-08 1.0000000e+00 1.0000003e-08 1.0000003e-08 1.0000003e-08
 1.0000003e-08] +/- [4.440892e-15 0.000000e+00 4.440892e-15 4.440892e-15 4.440892e-15
 4.440892e-15]
    tvd: 0.8685338485207962 +/- 0.06850224543330147
    all_seq_probs: [[0.14096196 0.13146613 0.31218441 0.17609318 0.10107719 0.13821713]] +/- [[0.0371571  0.06850224 0.05410892 0.04088209 0.01877852 0.03500638]]
    choice_probs: [0.14096196 0.13146613 0.31218441 0.17609318 0.10107719 0.13821713] +/- [0.0371571  0.06850224 0.05410892 0.04088209 0.01877852 0.03500638]
unconditional_point
  kl_div: 0.5440204457571963 +/- 0.17772560812695873
  expected_dist: [0.16666663 0.16666663 0.16666663 0.16666663 0.16666663 0.16666663] +/- [5.9604645e-08 5.9604645e-08 5.9604645e-08 5.9604645e-08 5.9604645e-08
 5.9604645e-08]
  tvd: 0.3852928395173512 +/- 0.06596311163071422
  all_seq_probs: [[0.08200763 0.01983813 0.45199468 0.26197978 0.11623968 0.0679401 ]] +/- [[0.03671752 0.02095118 0.08434106 0.05404425 0.03928358 0.02484639]]
  choice_probs: [0.08200763 0.01983813 0.45199468 0.26197978 0.11623968 0.0679401 ] +/- [0.03671752 0.02095118 0.08434106 0.05404425 0.03928358 0.02484639]
