biased_point
  When I flip coins they land on heads 100% of the time.
    expected_dist: [1.0000000e+00 1.0000003e-08] +/- [0.000000e+00 4.440892e-15]
    all_seq_probs: [[0.85398438 0.14708557]] +/- [[0.14778411 0.14770906]]
    tvd: 0.1465505931445322 +/- 0.1477285616660517
    choice_probs: [0.85398438 0.14708557] +/- [0.14778411 0.14770906]
    kl_div: 0.18047103220689023 +/- 0.2401655282630688
  tvd_auc: 0.0 +/- 0.0
