biased_point
  tvd_auc: 0.0 +/- 0.0
  When I roll dice, they land on 3 80% of the time.
    expected_dist: [0.03999999 0.03999999 0.7999996  0.03999999 0.03999999 0.03999999] +/- [2.2351742e-08 2.2351742e-08 4.1723251e-07 2.2351742e-08 2.2351742e-08
 2.2351742e-08]
    kl_div: 0.039111959161818956 +/- 0.03598238345413985
    all_seq_probs: [[0.04554297 0.0522639  0.77668706 0.04274092 0.04018219 0.04258296]] +/- [[0.02206581 0.02507938 0.07392306 0.02669326 0.01968633 0.02319591]]
    tvd: 0.078782963398844 +/- 0.038982970426817504
    choice_probs: [0.04554297 0.0522639  0.77668706 0.04274092 0.04018219 0.04258296] +/- [0.02206581 0.02507938 0.07392306 0.02669326 0.01968633 0.02319591]
