biased_point
  When I roll dice, they land on 2 0% of the time.
    expected_dist: [1.9999990e-01 1.0000003e-08 1.9999990e-01 1.9999990e-01 1.9999990e-01
 1.9999990e-01] +/- [1.1920929e-07 4.4408921e-15 1.1920929e-07 1.1920929e-07 1.1920929e-07
 1.1920929e-07]
    all_seq_probs: [[0.18331252 0.05083934 0.17740535 0.18716871 0.22230785 0.17896623]] +/- [[0.07015898 0.01135623 0.04001991 0.06398227 0.0661019  0.05166123]]
    kl_div: 0.09948782614232755 +/- 0.044285707100259336
    choice_probs: [0.18331252 0.05083934 0.17740535 0.18716871 0.22230785 0.17896623] +/- [0.07015898 0.01135623 0.04001991 0.06398227 0.0661019  0.05166123]
    tvd: 0.14366052935951565 +/- 0.05632197938440078
  tvd_auc: 0.0 +/- 0.0
