biased_point
  tvd_auc: 0.0 +/- 0.0
  When I roll dice, they land on 2 0% of the time.
    kl_div: 0.39243713633958494 +/- 0.294095958871464
    expected_dist: [1.9999990e-01 1.0000003e-08 1.9999990e-01 1.9999990e-01 1.9999990e-01
 1.9999990e-01] +/- [1.1920929e-07 4.4408921e-15 1.1920929e-07 1.1920929e-07 1.1920929e-07
 1.1920929e-07]
    tvd: 0.2884123057232163 +/- 0.1427654065300233
    all_seq_probs: [[0.18444263 0.26150358 0.1446392  0.15775664 0.14281702 0.10884093]] +/- [[0.04678934 0.14948759 0.04130933 0.07039356 0.05984174 0.03229407]]
    choice_probs: [0.18444263 0.26150358 0.1446392  0.15775664 0.14281702 0.10884093] +/- [0.04678934 0.14948759 0.04130933 0.07039356 0.05984174 0.03229407]
unconditional_point
  kl_div: 0.12078441980644129 +/- 0.1594649939017248
  expected_dist: [0.16666663 0.16666663 0.16666663 0.16666663 0.16666663 0.16666663] +/- [5.9604645e-08 5.9604645e-08 5.9604645e-08 5.9604645e-08 5.9604645e-08
 5.9604645e-08]
  tvd: 0.15115670593455433 +/- 0.09165284101774802
  all_seq_probs: [[0.15160756 0.21525405 0.15704278 0.18444377 0.17753259 0.11411923]] +/- [[0.05878448 0.11900712 0.04979688 0.05548337 0.06853957 0.05084841]]
  choice_probs: [0.15160756 0.21525405 0.15704278 0.18444377 0.17753259 0.11411923] +/- [0.05878448 0.11900712 0.04979688 0.05548337 0.06853957 0.05084841]
