biased_point
  When I roll dice, they land on 4 0% of the time.
    all_seq_probs: [[0.17866683 0.15546445 0.16941469 0.15474499 0.16588965 0.17581941]] +/- [[0.05018209 0.02431102 0.0249492  0.01828644 0.02225933 0.03415172]]
    kl_div: 0.1857085479960898 +/- 0.020411297238751885
    choice_probs: [0.17866683 0.15546445 0.16941469 0.15474499 0.16588965 0.17581941] +/- [0.05018209 0.02431102 0.0249492  0.01828644 0.02225933 0.03415172]
    expected_dist: [1.9999990e-01 1.9999990e-01 1.9999990e-01 1.0000003e-08 1.9999990e-01
 1.9999990e-01] +/- [1.1920929e-07 1.1920929e-07 1.1920929e-07 4.4408921e-15 1.1920929e-07
 1.1920929e-07]
    tvd: 0.17390053889834498 +/- 0.030679914271207354
  tvd_auc: 0.0 +/- 0.0
