biased_point
  tvd_auc: 0.0 +/- 0.0
  When I roll dice, they land on 6 40% of the time.
    kl_div: 0.05821634755004197 +/- 0.055584709345588505
    choice_probs: [0.13279587 0.13482556 0.12533364 0.13165158 0.16150686 0.31388648] +/- [0.03392127 0.04030632 0.03592248 0.04688817 0.0528368  0.07874669]
    tvd: 0.1327173553407192 +/- 0.06168573797780253
    all_seq_probs: [[0.13279587 0.13482556 0.12533364 0.13165158 0.16150686 0.31388648]] +/- [[0.03392127 0.04030632 0.03592248 0.04688817 0.0528368  0.07874669]]
    expected_dist: [0.11999992 0.11999992 0.11999992 0.11999992 0.11999992 0.3999998 ] +/- [7.4505806e-08 7.4505806e-08 7.4505806e-08 7.4505806e-08 7.4505806e-08
 2.3841858e-07]
