biased_point
  When I roll dice, they land on 6 60% of the time.
    kl_div: 0.14908630251069555 +/- 0.16359435775788492
    tvd: 0.20285501880338416 +/- 0.09606621989798313
    all_seq_probs: [[0.10276464 0.08695309 0.10399823 0.11088495 0.13784934 0.45754974]] +/- [[0.06792499 0.04302643 0.04587858 0.03738348 0.05602714 0.1471414 ]]
    choice_probs: [0.10276464 0.08695309 0.10399823 0.11088495 0.13784934 0.45754974] +/- [0.06792499 0.04302643 0.04587858 0.03738348 0.05602714 0.1471414 ]
    expected_dist: [0.07999997 0.07999997 0.07999997 0.07999997 0.07999997 0.60000026] +/- [2.9802322e-08 2.9802322e-08 2.9802322e-08 2.9802322e-08 2.9802322e-08
 2.3841858e-07]
  tvd_auc: 0.0 +/- 0.0
