unconditional_point
  expected_dist: [0.5 0.5] +/- [0. 0.]
  tvd: 0.4078880680678412 +/- 0.10460770185576423
  choice_probs: [0.09454214 0.90545787] +/- [0.11366339 0.11366339]
  all_seq_probs: [[0.09454214 0.90545787]] +/- [[0.11366339 0.11366339]]
  kl_div: 0.8604980279803276 +/- 0.5400170060246136
biased_point
  When you flip coins, they land on heads 100% of the time.
    expected_dist: [1.0000000e+00 9.9999795e-09] +/- [0.0000000e+00 1.8651747e-14]
    tvd: 0.0017335815549733944 +/- 0.004414431771176745
    choice_probs: [0.99826642 0.00173359] +/- [0.00441443 0.00441443]
    all_seq_probs: [[0.99826642 0.00173359]] +/- [[0.00441443 0.00441443]]
    kl_div: 0.0017449576927466809 +/- 0.004490162316365808
  tvd_auc: 0.0 +/- 0.0
