biased_point
  tvd_auc: 0.0 +/- 0.0
  When I roll dice, they land on 4 80% of the time.
    kl_div: 0.11090312755783088 +/- 0.14842010715756399
    choice_probs: [0.05121295 0.05270638 0.06707717 0.71431803 0.07213578 0.0425497 ] +/- [0.03999927 0.0364122  0.04051789 0.17026303 0.04776846 0.0301549 ]
    expected_dist: [0.03999999 0.03999999 0.03999999 0.7999996  0.03999999 0.03999999] +/- [2.2351742e-08 2.2351742e-08 2.2351742e-08 4.1723251e-07 2.2351742e-08
 2.2351742e-08]
    tvd: 0.14675649229669943 +/- 0.12796050304822723
    all_seq_probs: [[0.05121295 0.05270638 0.06707717 0.71431803 0.07213578 0.0425497 ]] +/- [[0.03999927 0.0364122  0.04051789 0.17026303 0.04776846 0.0301549 ]]
