biased_point
  When you flip coins, they land on heads 20% of the time.
    kl_div: 0.09461095482530073 +/- 0.09913065084271401
    tvd: 0.11546010415069759 +/- 0.06140025474175723
    choice_probs: [0.12826848 0.87173152] +/- [0.10934174 0.10934174]
    all_seq_probs: [[0.12826848 0.87173152]] +/- [[0.10934174 0.10934174]]
    expected_dist: [0.20000048 0.8000019 ] +/- [4.6193600e-07 1.9073486e-06]
  tvd_auc: 0.0 +/- 0.0
unconditional_point
  kl_div: 0.45177500861883163 +/- 0.3146890146459623
  tvd: 0.3455987394116819 +/- 0.10667655884820475
  choice_probs: [0.15785203 0.84214797] +/- [0.1172738 0.1172738]
  all_seq_probs: [[0.15785203 0.84214797]] +/- [[0.1172738 0.1172738]]
  expected_dist: [0.5 0.5] +/- [0. 0.]
