biased_point
  When I roll dice, they land on 6 20% of the time.
    all_seq_probs: [[0.14241146 0.17233885 0.15960428 0.16381147 0.16653354 0.19530042]] +/- [[0.03369814 0.01823269 0.02143138 0.02012936 0.02170604 0.03288143]]
    choice_probs: [0.14241146 0.17233885 0.15960428 0.16381147 0.16653354 0.19530042] +/- [0.03369814 0.01823269 0.02143138 0.02012936 0.02170604 0.03288143]
    tvd: 0.058228988237679004 +/- 0.02990260126068408
    expected_dist: [0.15999995 0.15999995 0.15999995 0.15999995 0.15999995 0.1999999 ] +/- [8.9406967e-08 8.9406967e-08 8.9406967e-08 8.9406967e-08 8.9406967e-08
 1.3411045e-07]
    kl_div: 0.014131881445646286 +/- 0.020319476590466932
  tvd_auc: 0.0 +/- 0.0
