biased_point
  tvd_auc: 0.0 +/- 0.0
  When I roll dice, they land on 4 60% of the time.
    choice_probs: [0.06239697 0.15543614 0.14651293 0.2533612  0.16762356 0.21466919] +/- [0.03110802 0.06962527 0.0456773  0.11541588 0.06754828 0.0594167 ]
    kl_div: 0.40320258058738545 +/- 0.27315418185633855
    expected_dist: [0.07999997 0.07999997 0.07999997 0.60000026 0.07999997 0.07999997] +/- [2.9802322e-08 2.9802322e-08 2.9802322e-08 2.3841858e-07 2.9802322e-08
 2.9802322e-08]
    all_seq_probs: [[0.06239697 0.15543614 0.14651293 0.2533612  0.16762356 0.21466919]] +/- [[0.03110802 0.06962527 0.0456773  0.11541588 0.06754828 0.0594167 ]]
    tvd: 0.37324797417968514 +/- 0.10567456648211515
