biased_point
  When you flip coins, they land on heads 90% of the time.
    kl_div: 0.39130079944105817 +/- 0.6196838237920934
    all_seq_probs: [[0.71191247 0.28808753]] +/- [[0.30573393 0.30573393]]
    expected_dist: [0.899998   0.10000024] +/- [1.9669533e-06 2.3841858e-07]
    choice_probs: [0.71191247 0.28808753] +/- [0.30573393 0.30573393]
    tvd: 0.24334078881659663 +/- 0.26388522107344503
  tvd_auc: 0.0 +/- 0.0
unconditional_point
  kl_div: 0.9108222193717956 +/- 0.5524796980073705
  all_seq_probs: [[0.12001846 0.87998154]] +/- [[0.19469591 0.19469591]]
  expected_dist: [0.5 0.5] +/- [0. 0.]
  choice_probs: [0.12001846 0.87998154] +/- [0.19469591 0.19469591]
  tvd: 0.4153316917067859 +/- 0.09895480380617315
