biased_point
  tvd_auc: 0.0 +/- 0.0
  When I roll dice, they land on 6 40% of the time.
    expected_dist: [0.11999992 0.11999992 0.11999992 0.11999992 0.11999992 0.3999998 ] +/- [7.4505806e-08 7.4505806e-08 7.4505806e-08 7.4505806e-08 7.4505806e-08
 2.3841858e-07]
    kl_div: 0.12818731620791368 +/- 0.08879239992545171
    choice_probs: [0.11926364 0.1202862  0.1141859  0.13658635 0.14028252 0.36939539] +/- [0.06228862 0.06739666 0.05089662 0.06594819 0.07377018 0.16171666]
    tvd: 0.1953716967627406 +/- 0.06848715163514217
    all_seq_probs: [[0.11926364 0.1202862  0.1141859  0.13658635 0.14028252 0.36939539]] +/- [[0.06228862 0.06739666 0.05089662 0.06594819 0.07377018 0.16171666]]
