biased_point
  tvd_auc: 0.0 +/- 0.0
  When you flip coins, they land on heads 20% of the time.
    choice_probs: [0.21084871 0.78915128] +/- [0.06542498 0.065425  ]
    tvd: 0.05414540627598762 +/- 0.038293590829475546
    all_seq_probs: [[0.21084871 0.78915128]] +/- [[0.06542498 0.065425  ]]
    kl_div: 0.015201575754210352 +/- 0.020908956178851874
    expected_dist: [0.20000048 0.8000019 ] +/- [4.6193600e-07 1.9073486e-06]
unconditional_point
  choice_probs: [0.26809757 0.73190241] +/- [0.07651369 0.07651369]
  tvd: 0.2319024219363928 +/- 0.07651369434742353
  all_seq_probs: [[0.26809757 0.73190241]] +/- [[0.07651369 0.07651369]]
  kl_div: 0.14843789499998092 +/- 0.11737062540339675
  expected_dist: [0.5 0.5] +/- [0. 0.]
