unconditional_point
  tvd: 0.3533633679971099 +/- 0.11891409257684786
  expected_dist: [0.5 0.5] +/- [0. 0.]
  all_seq_probs: [[0.77368627 0.22631372]] +/- [[0.25318383 0.25318383]]
  kl_div: 0.6149987373948097 +/- 0.5472919603734325
  choice_probs: [0.77368627 0.22631372] +/- [0.25318383 0.25318383]
biased_point
  When you flip coins, they land on heads 20% of the time.
    tvd: 0.5068293441953138 +/- 0.23479329853087025
    expected_dist: [0.20000048 0.8000019 ] +/- [4.6193600e-07 1.9073486e-06]
    all_seq_probs: [[0.68022069 0.31977931]] +/- [[0.28529278 0.28529278]]
    kl_div: 0.9696162302037701 +/- 0.8480612333868736
    choice_probs: [0.68022069 0.31977931] +/- [0.28529278 0.28529278]
  tvd_auc: 0.0 +/- 0.0
