biased_point
  tvd_auc: 0.0 +/- 0.0
  When you roll dice, they land on 2 0% of the time.
    expected_dist: [2.0000048e-01 9.9999795e-09 2.0000048e-01 2.0000048e-01 2.0000048e-01
 2.0000048e-01] +/- [4.6193600e-07 1.8651747e-14 4.6193600e-07 4.6193600e-07 4.6193600e-07
 4.6193600e-07]
    all_seq_probs: [[0.04710644 0.37708804 0.10791149 0.08097118 0.11167106 0.27525181]] +/- [[0.06118405 0.1845891  0.10963085 0.07787601 0.12635075 0.21854667]]
    tvd: 0.5640340379860527 +/- 0.12050484238790879
    kl_div: 1.3558017715904607 +/- 0.5384922764069602
    choice_probs: [0.04710644 0.37708804 0.10791149 0.08097118 0.11167106 0.27525181] +/- [0.06118405 0.1845891  0.10963085 0.07787601 0.12635075 0.21854667]
