biased_point
  When you roll dice, they land on 2 0% of the time.
    kl_div: 6.99688603882878 +/- 3.2014769958870932
    all_seq_probs: [[0.10364483 0.27651371 0.14523573 0.25051524 0.03401891 0.19007158]] +/- [[0.21673851 0.26959643 0.25964594 0.34274059 0.10527718 0.30433382]]
    expected_dist: [2.0000048e-01 9.9999795e-09 2.0000048e-01 2.0000048e-01 2.0000048e-01
 2.0000048e-01] +/- [4.6193600e-07 1.8651747e-14 4.6193600e-07 4.6193600e-07 4.6193600e-07
 4.6193600e-07]
    tvd: 0.7172917531622411 +/- 0.1121186304922101
    choice_probs: [0.10364483 0.27651371 0.14523573 0.25051524 0.03401891 0.19007158] +/- [0.21673851 0.26959643 0.25964594 0.34274059 0.10527718 0.30433382]
  tvd_auc: 0.0 +/- 0.0
