biased_point
  tvd_auc: 0.0 +/- 0.0
  When I flip coins they land on heads 50% of the time.
    tvd: 0.20227766036987305 +/- 0.24295436751632277
    all_seq_probs: [[0.70234375 0.30247593]] +/- [[0.24303531 0.24670075]]
    kl_div: 1.3201340675354003 +/- 1.6285744191383689
    choice_probs: [0.70234375 0.30247593] +/- [0.24303531 0.24670075]
    expected_dist: [0.5 0.5] +/- [0. 0.]
