biased_point
  tvd_auc: 0.0 +/- 0.0
  When I flip coins they land on heads 20% of the time.
    expected_dist: [0.1999999 0.7999996] +/- [1.1920929e-07 4.1723251e-07]
    all_seq_probs: [[0.39693757 0.60306243]] +/- [[0.12704333 0.12704331]]
    kl_div: 0.12110316753387451 +/- 0.0834514504020566
    tvd: 0.21280112005770208 +/- 0.09818397967806884
    choice_probs: [0.39693757 0.60306243] +/- [0.12704333 0.12704331]
unconditional_point
  expected_dist: [0.5 0.5] +/- [0. 0.]
  all_seq_probs: [[0.40285173 0.59714828]] +/- [[0.17301552 0.17301552]]
  kl_div: 0.1307671320438385 +/- 0.25254240111093135
  tvd: 0.14008435469120742 +/- 0.1405294651496115
  choice_probs: [0.40285173 0.59714828] +/- [0.17301552 0.17301552]
