biased_point
  When I roll dice, they land on 2 60% of the time.
    expected_dist: [0.07999998 0.60000026 0.07999998 0.07999998 0.07999998 0.07999998] +/- [4.4703484e-08 1.7881393e-07 4.4703484e-08 4.4703484e-08 4.4703484e-08
 4.4703484e-08]
    kl_div: 0.024816065052291378 +/- 0.02079453645546887
    choice_probs: [0.08897547 0.58331288 0.08467928 0.07559999 0.07780616 0.08962624] +/- [0.02582384 0.08070571 0.02581509 0.02147268 0.02355503 0.0207948 ]
    all_seq_probs: [[0.08897547 0.58331288 0.08467928 0.07559999 0.07780616 0.08962624]] +/- [[0.02582384 0.08070571 0.02581509 0.02147268 0.02355503 0.0207948 ]]
    tvd: 0.08161752142012119 +/- 0.041407437544484456
  tvd_auc: 0.0 +/- 0.0
