unconditional_point
  choice_probs: [0.51580757 0.48419243] +/- [0.41496868 0.41496868]
  all_seq_probs: [[0.51580757 0.48419243]] +/- [[0.41496868 0.41496868]]
  expected_dist: [0.5 0.5] +/- [0. 0.]
  tvd: 0.4118022346124053 +/- 0.05355187841095772
  kl_div: 0.6485206815600395 +/- 0.2519110960093848
biased_point
  When I flip coins they land on heads 50% of the time.
    choice_probs: [0.46639554 0.53360448] +/- [0.35484422 0.35484423]
    all_seq_probs: [[0.46639554 0.53360448]] +/- [[0.35484422 0.35484423]]
    expected_dist: [0.5 0.5] +/- [0. 0.]
    tvd: 0.33440692940726874 +/- 0.12335189638956592
    kl_div: 0.4434125253558159 +/- 0.31112071086842163
  tvd_auc: 0.0 +/- 0.0
