biased_point
  tvd_auc: 0.0 +/- 0.0
  When I roll dice, they land on 6 60% of the time.
    choice_probs: [0.09960263 0.08838628 0.11258907 0.09389792 0.12380302 0.48172107] +/- [0.05633917 0.03979286 0.04846845 0.03679896 0.04699649 0.18343566]
    tvd: 0.19929335125139913 +/- 0.10182720176636438
    kl_div: 0.14241277323308169 +/- 0.17123749116348863
    all_seq_probs: [[0.09960263 0.08838628 0.11258907 0.09389792 0.12380302 0.48172107]] +/- [[0.05633917 0.03979286 0.04846845 0.03679896 0.04699649 0.18343566]]
    expected_dist: [0.07999997 0.07999997 0.07999997 0.07999997 0.07999997 0.60000026] +/- [2.9802322e-08 2.9802322e-08 2.9802322e-08 2.9802322e-08 2.9802322e-08
 2.3841858e-07]
