biased_point
  tvd_auc: 0.0 +/- 0.0
  When I roll dice, they land on 5 0% of the time.
    all_seq_probs: [[0.15431803 0.18720438 0.16898939 0.17175273 0.15622771 0.16150774]] +/- [[0.06504063 0.08777334 0.06800436 0.06507097 0.05951866 0.09158808]]
    expected_dist: [1.9999990e-01 1.9999990e-01 1.9999990e-01 1.9999990e-01 1.0000003e-08
 1.9999990e-01] +/- [1.1920929e-07 1.1920929e-07 1.1920929e-07 1.1920929e-07 4.4408921e-15
 1.1920929e-07]
    kl_div: 0.2804131685856385 +/- 0.12582310031201255
    choice_probs: [0.15431803 0.18720438 0.16898939 0.17175273 0.15622771 0.16150774] +/- [0.06504063 0.08777334 0.06800436 0.06507097 0.05951866 0.09158808]
    tvd: 0.23990955818564808 +/- 0.07329718149496282
