biased_point
  When I flip coins they land on heads 60% of the time.
    expected_dist: [0.60000026 0.3999998 ] +/- [2.3841858e-07 2.3841858e-07]
    kl_div: 0.5671117120981216 +/- 0.2678550567299344
    tvd: 0.33325440049171445 +/- 0.05650008973604013
    all_seq_probs: [[0.93335937 0.06685059]] +/- [[0.05695312 0.05612529]]
    choice_probs: [0.93335937 0.06685059] +/- [0.05695312 0.05612529]
  tvd_auc: 0.0 +/- 0.0
