biased_point
  When I flip coins they land on heads 80% of the time.
    expected_dist: [0.7999996 0.1999999] +/- [4.1723251e-07 1.1920929e-07]
    choice_probs: [0.67195313 0.33881592] +/- [0.23415157 0.23001405]
    kl_div: 0.2231483992934227 +/- 0.055801061420056745
    all_seq_probs: [[0.67195313 0.33881592]] +/- [[0.23415157 0.23001405]]
    tvd: 0.2625686025619507 +/- 0.052171456873719026
  tvd_auc: 0.0 +/- 0.0
