biased_point
  When I roll dice, they land on 3 100% of the time.
    tvd: 0.22339018775751754 +/- 0.141286006195144
    kl_div: 0.2734416904366347 +/- 0.21565269758652983
    expected_dist: [1.0000003e-08 1.0000003e-08 1.0000000e+00 1.0000003e-08 1.0000003e-08
 1.0000003e-08] +/- [4.440892e-15 4.440892e-15 0.000000e+00 4.440892e-15 4.440892e-15
 4.440892e-15]
    all_seq_probs: [[0.08931887 0.0394197  0.77660979 0.04331013 0.01951577 0.03182575]] +/- [[0.06750998 0.02644093 0.141286   0.03210943 0.01281312 0.02081098]]
    choice_probs: [0.08931887 0.0394197  0.77660979 0.04331013 0.01951577 0.03182575] +/- [0.06750998 0.02644093 0.141286   0.03210943 0.01281312 0.02081098]
  tvd_auc: 0.0 +/- 0.0
