biased_point
  When you roll dice, they land on 4 40% of the time.
    choice_probs: [0.04304517 0.24782683 0.15028115 0.33455655 0.11046025 0.11383006] +/- [0.09855867 0.35149583 0.23174953 0.43344752 0.18670579 0.19134411]
    kl_div: 3.852833036592754 +/- 2.5285265071353047
    expected_dist: [0.12000033 0.12000033 0.12000033 0.40000096 0.12000033 0.12000033] +/- [3.3527613e-07 3.3527613e-07 3.3527613e-07 9.2387199e-07 3.3527613e-07
 3.3527613e-07]
    tvd: 0.6265364174710782 +/- 0.14152712766891226
    all_seq_probs: [[0.04304517 0.24782683 0.15028115 0.33455655 0.11046025 0.11383006]] +/- [[0.09855867 0.35149583 0.23174953 0.43344752 0.18670579 0.19134411]]
  tvd_auc: 0.0 +/- 0.0
unconditional_point
  choice_probs: [0.0070024  0.27114279 0.27595688 0.28897391 0.12411114 0.03281288] +/- [0.02505045 0.29721583 0.2679988  0.30571634 0.18026866 0.10686526]
  kl_div: 2.8244788422833373 +/- 1.0905255350436804
  expected_dist: [0.16666676 0.16666676 0.16666676 0.16666676 0.16666676 0.16666676] +/- [7.4505806e-08 7.4505806e-08 7.4505806e-08 7.4505806e-08 7.4505806e-08
 7.4505806e-08]
  tvd: 0.6022099326051896 +/- 0.08830072799567594
  all_seq_probs: [[0.0070024  0.27114279 0.27595688 0.28897391 0.12411114 0.03281288]] +/- [[0.02505045 0.29721583 0.2679988  0.30571634 0.18026866 0.10686526]]
