biased_point
  When you roll dice, they land on 5 0% of the time.
    kl_div: 0.42339605897224325 +/- 0.16926617094703053
    expected_dist: [2.0000048e-01 2.0000048e-01 2.0000048e-01 2.0000048e-01 9.9999795e-09
 2.0000048e-01] +/- [4.6193600e-07 4.6193600e-07 4.6193600e-07 4.6193600e-07 1.8651747e-14
 4.6193600e-07]
    all_seq_probs: [[0.10159819 0.13898381 0.14681516 0.1143925  0.28192543 0.21628491]] +/- [[0.0306272  0.05150607 0.0433215  0.04081914 0.06872154 0.06670262]]
    choice_probs: [0.10159819 0.13898381 0.14681516 0.1143925  0.28192543 0.21628491] +/- [0.0306272  0.05150607 0.0433215  0.04081914 0.06872154 0.06670262]
    tvd: 0.3187360961244366 +/- 0.08611540963747047
  tvd_auc: 0.0 +/- 0.0
