biased_point
  tvd_auc: 0.0 +/- 0.0
  When you roll dice, they land on 1 20% of the time.
    expected_dist: [0.20000048 0.15999988 0.15999988 0.15999988 0.15999988 0.15999988] +/- [4.4703484e-07 1.6391277e-07 1.6391277e-07 1.6391277e-07 1.6391277e-07
 1.6391277e-07]
    choice_probs: [0.13932745 0.17910041 0.15175838 0.1030131  0.17377573 0.25302493] +/- [0.06816498 0.07350255 0.07567146 0.05522138 0.07233034 0.09759049]
    tvd: 0.21017475413903594 +/- 0.08186277002861146
    all_seq_probs: [[0.13932745 0.17910041 0.15175838 0.1030131  0.17377573 0.25302493]] +/- [[0.06816498 0.07350255 0.07567146 0.05522138 0.07233034 0.09759049]]
    kl_div: 0.14851072439566268 +/- 0.11766693352411621
