biased_point
  tvd_auc: 0.0 +/- 0.0
  When I roll dice, they land on 6 0% of the time.
    expected_dist: [1.9999990e-01 1.9999990e-01 1.9999990e-01 1.9999990e-01 1.9999990e-01
 1.0000003e-08] +/- [1.1920929e-07 1.1920929e-07 1.1920929e-07 1.1920929e-07 1.1920929e-07
 4.4408921e-15]
    all_seq_probs: [[0.13290725 0.18484973 0.16297709 0.17181995 0.15493778 0.19250822]] +/- [[0.03965835 0.091643   0.06472267 0.07773448 0.06230574 0.03911424]]
    tvd: 0.24534284061872577 +/- 0.042115040432065785
    kl_div: 0.3591718335927411 +/- 0.052188192789512845
    choice_probs: [0.13290725 0.18484973 0.16297709 0.17181995 0.15493778 0.19250822] +/- [0.03965835 0.091643   0.06472267 0.07773448 0.06230574 0.03911424]
unconditional_point
  expected_dist: [0.16666663 0.16666663 0.16666663 0.16666663 0.16666663 0.16666663] +/- [5.9604645e-08 5.9604645e-08 5.9604645e-08 5.9604645e-08 5.9604645e-08
 5.9604645e-08]
  all_seq_probs: [[0.15064904 0.20405796 0.18770929 0.17153137 0.15467803 0.13137431]] +/- [[0.03971109 0.10316122 0.06209744 0.06796319 0.06472666 0.03106851]]
  tvd: 0.15837637720629572 +/- 0.061681486566424706
  kl_div: 0.10688507160099107 +/- 0.07933477885043344
  choice_probs: [0.15064904 0.20405796 0.18770929 0.17153137 0.15467803 0.13137431] +/- [0.03971109 0.10316122 0.06209744 0.06796319 0.06472666 0.03106851]
