biased_point
  tvd_auc: 0.0 +/- 0.0
  When I flip coins they land on heads 60% of the time.
    all_seq_probs: [[0.91414063 0.08655273]] +/- [[0.06773708 0.06670803]]
    kl_div: 0.440874633314088 +/- 0.1953518490578583
    choice_probs: [0.91414063 0.08655273] +/- [0.06773708 0.06670803]
    expected_dist: [0.60000026 0.3999998 ] +/- [2.3841858e-07 2.3841858e-07]
    tvd: 0.3141611385345459 +/- 0.06542193718119933
