biased_point
  When you roll dice, they land on 3 20% of the time.
    kl_div: 0.1288423430263647 +/- 0.11176955706790231
    tvd: 0.19690391755104064 +/- 0.08289080252173554
    choice_probs: [0.09952831 0.15604327 0.17937721 0.10967124 0.20062289 0.25475708] +/- [0.03615105 0.06222349 0.07124978 0.0509206  0.08380497 0.06266821]
    expected_dist: [0.15999988 0.15999988 0.20000048 0.15999988 0.15999988 0.15999988] +/- [1.6391277e-07 1.6391277e-07 4.4703484e-07 1.6391277e-07 1.6391277e-07
 1.6391277e-07]
    all_seq_probs: [[0.09952831 0.15604327 0.17937721 0.10967124 0.20062289 0.25475708]] +/- [[0.03615105 0.06222349 0.07124978 0.0509206  0.08380497 0.06266821]]
  tvd_auc: 0.0 +/- 0.0
