biased_point
  When I roll dice, they land on 3 40% of the time.
    choice_probs: [0.12127357 0.14251742 0.26156635 0.21692687 0.14052524 0.11719056] +/- [0.05134381 0.04982868 0.09114449 0.04679356 0.05324366 0.0593005 ]
    kl_div: 0.1551766399666667 +/- 0.12867891970148027
    all_seq_probs: [[0.12127357 0.14251742 0.26156635 0.21692687 0.14052524 0.11719056]] +/- [[0.05134381 0.04982868 0.09114449 0.04679356 0.05324366 0.0593005 ]]
    tvd: 0.21158926403382794 +/- 0.06080710286787483
    expected_dist: [0.11999992 0.11999992 0.3999998  0.11999992 0.11999992 0.11999992] +/- [7.4505806e-08 7.4505806e-08 2.3841858e-07 7.4505806e-08 7.4505806e-08
 7.4505806e-08]
  tvd_auc: 0.0 +/- 0.0
