biased_point
  When you roll dice, they land on 2 80% of the time.
    choice_probs: [0.006946   0.56864073 0.05734071 0.14219079 0.06066226 0.16421952] +/- [0.02067431 0.44528298 0.12906306 0.23777585 0.10121173 0.27796935]
    all_seq_probs: [[0.006946   0.56864073 0.05734071 0.14219079 0.06066226 0.16421952]] +/- [[0.02067431 0.44528298 0.12906306 0.23777585 0.10121173 0.27796935]]
    kl_div: 2.512663500626135 +/- 2.9936017037820766
    expected_dist: [0.03999997 0.8000019  0.03999997 0.03999997 0.03999997 0.03999997] +/- [4.0978193e-08 1.9669533e-06 4.0978193e-08 4.0978193e-08 4.0978193e-08
 4.0978193e-08]
    tvd: 0.4409567019784689 +/- 0.3195409830514412
  tvd_auc: 0.0 +/- 0.0
