biased_point
  When I roll dice, they land on 4 40% of the time.
    kl_div: 0.17553921220009217 +/- 0.10816208473298805
    expected_dist: [0.11999992 0.11999992 0.11999992 0.3999998  0.11999992 0.11999992] +/- [7.4505806e-08 7.4505806e-08 7.4505806e-08 2.3841858e-07 7.4505806e-08
 7.4505806e-08]
    tvd: 0.22999824212864042 +/- 0.08448943834414431
    choice_probs: [0.1037554  0.16293156 0.15785181 0.26943235 0.16063786 0.145391  ] +/- [0.06885326 0.07760212 0.0760663  0.11448766 0.07942843 0.07321954]
    all_seq_probs: [[0.1037554  0.16293156 0.15785181 0.26943235 0.16063786 0.145391  ]] +/- [[0.06885326 0.07760212 0.0760663  0.11448766 0.07942843 0.07321954]]
  tvd_auc: 0.0 +/- 0.0
