biased_point
  tvd_auc: 0.0 +/- 0.0
  When I roll dice, they land on 3 40% of the time.
    tvd: 0.2570914522977546 +/- 0.10574863631608176
    all_seq_probs: [[0.11907582 0.1345345  0.22757417 0.2897737  0.1227664  0.10627541]] +/- [[0.05128252 0.05325151 0.08367978 0.12773654 0.05101843 0.04593954]]
    kl_div: 0.2212994060962228 +/- 0.2505356828600214
    expected_dist: [0.11999992 0.11999992 0.3999998  0.11999992 0.11999992 0.11999992] +/- [7.4505806e-08 7.4505806e-08 2.3841858e-07 7.4505806e-08 7.4505806e-08
 7.4505806e-08]
    choice_probs: [0.11907582 0.1345345  0.22757417 0.2897737  0.1227664  0.10627541] +/- [0.05128252 0.05325151 0.08367978 0.12773654 0.05101843 0.04593954]
