unconditional_point
  tvd: 0.14814724404364824 +/- 0.05144759362060859
  all_seq_probs: [[0.18546929 0.2000518  0.1638465  0.18011806 0.16245481 0.10805954]] +/- [[0.03983803 0.08200992 0.05160439 0.0475766  0.05653046 0.05034763]]
  kl_div: 0.08054710890806746 +/- 0.05204349291653182
  choice_probs: [0.18546929 0.2000518  0.1638465  0.18011806 0.16245481 0.10805954] +/- [0.03983803 0.08200992 0.05160439 0.0475766  0.05653046 0.05034763]
  expected_dist: [0.16666663 0.16666663 0.16666663 0.16666663 0.16666663 0.16666663] +/- [5.9604645e-08 5.9604645e-08 5.9604645e-08 5.9604645e-08 5.9604645e-08
 5.9604645e-08]
biased_point
  tvd_auc: 0.0 +/- 0.0
  When I roll dice, they land on 5 20% of the time.
    tvd: 0.17087711460888386 +/- 0.08670898180371431
    all_seq_probs: [[0.16427415 0.16921543 0.13710324 0.14887515 0.26709665 0.11343537]] +/- [[0.04426724 0.08870816 0.04973178 0.05786938 0.11557006 0.05170798]]
    kl_div: 0.10049860254512169 +/- 0.0926903270126238
    choice_probs: [0.16427415 0.16921543 0.13710324 0.14887515 0.26709665 0.11343537] +/- [0.04426724 0.08870816 0.04973178 0.05786938 0.11557006 0.05170798]
    expected_dist: [0.15999994 0.15999994 0.15999994 0.15999994 0.1999999  0.15999994] +/- [7.4505806e-08 7.4505806e-08 7.4505806e-08 7.4505806e-08 1.1920929e-07
 7.4505806e-08]
