biased_point
  tvd_auc: 0.0 +/- 0.0
  When I roll dice, they land on 3 0% of the time.
    expected_dist: [1.9999990e-01 1.9999990e-01 1.0000003e-08 1.9999990e-01 1.9999990e-01
 1.9999990e-01] +/- [1.1920929e-07 1.1920929e-07 4.4408921e-15 1.1920929e-07 1.1920929e-07
 1.1920929e-07]
    tvd: 0.24962678196960306 +/- 0.06379401024330353
    kl_div: 0.2967976750691335 +/- 0.08417762458099722
    all_seq_probs: [[0.1428492  0.15410821 0.2063887  0.15975425 0.15588237 0.18101729]] +/- [[0.04808607 0.07127353 0.02501461 0.05217393 0.0501214  0.05335213]]
    choice_probs: [0.1428492  0.15410821 0.2063887  0.15975425 0.15588237 0.18101729] +/- [0.04808607 0.07127353 0.02501461 0.05217393 0.0501214  0.05335213]
unconditional_point
  expected_dist: [0.16666663 0.16666663 0.16666663 0.16666663 0.16666663 0.16666663] +/- [5.9604645e-08 5.9604645e-08 5.9604645e-08 5.9604645e-08 5.9604645e-08
 5.9604645e-08]
  tvd: 0.12504163585603237 +/- 0.0730310082464848
  kl_div: 0.05468145437247585 +/- 0.05804889491486545
  all_seq_probs: [[0.14987389 0.15248374 0.18976559 0.16364982 0.16061835 0.18360861]] +/- [[0.04906509 0.06525834 0.03834418 0.05045615 0.04197131 0.0627217 ]]
  choice_probs: [0.14987389 0.15248374 0.18976559 0.16364982 0.16061835 0.18360861] +/- [0.04906509 0.06525834 0.03834418 0.05045615 0.04197131 0.0627217 ]
