biased_point
  When you roll dice, they land on 5 0% of the time.
    choice_probs: [0.11498879 0.10311394 0.1199198  0.12944258 0.24903467 0.28350022] +/- [0.14478098 0.14400565 0.14145691 0.17608746 0.14182248 0.22261099]
    expected_dist: [2.0000048e-01 2.0000048e-01 2.0000048e-01 2.0000048e-01 9.9999795e-09
 2.0000048e-01] +/- [4.6193600e-07 4.6193600e-07 4.6193600e-07 4.6193600e-07 1.8651747e-14
 4.6193600e-07]
    tvd: 0.5308088119971426 +/- 0.11480764916701293
    all_seq_probs: [[0.11498879 0.10311394 0.1199198  0.12944258 0.24903467 0.28350022]] +/- [[0.14478098 0.14400565 0.14145691 0.17608746 0.14182248 0.22261099]]
    kl_div: 1.5865040297308237 +/- 0.7679866353271244
  tvd_auc: 0.0 +/- 0.0
