unconditional_point
  tvd: 0.12637361068278552 +/- 0.0327187302179514
  all_seq_probs: [[0.16485743 0.16990995 0.11709437 0.21036529 0.20007168 0.13770129]] +/- [[0.02758741 0.03936594 0.0617374  0.04953018 0.03675107 0.03821551]]
  expected_dist: [0.16666663 0.16666663 0.16666663 0.16666663 0.16666663 0.16666663] +/- [5.9604645e-08 5.9604645e-08 5.9604645e-08 5.9604645e-08 5.9604645e-08
 5.9604645e-08]
  choice_probs: [0.16485743 0.16990995 0.11709437 0.21036529 0.20007168 0.13770129] +/- [0.02758741 0.03936594 0.0617374  0.04953018 0.03675107 0.03821551]
  kl_div: 0.07255946158460574 +/- 0.03575171573783162
biased_point
  When I roll dice, they land on 3 60% of the time.
    tvd: 0.39527080846950413 +/- 0.12607008047480278
    all_seq_probs: [[0.08014614 0.06446643 0.28060199 0.10189359 0.08478691 0.38810491]] +/- [[0.03963027 0.03604031 0.14320466 0.04783442 0.07135399 0.18981867]]
    expected_dist: [0.07999998 0.07999998 0.60000026 0.07999998 0.07999998 0.07999998] +/- [4.4703484e-08 4.4703484e-08 1.7881393e-07 4.4703484e-08 4.4703484e-08
 4.4703484e-08]
    choice_probs: [0.08014614 0.06446643 0.28060199 0.10189359 0.08478691 0.38810491] +/- [0.03963027 0.03604031 0.14320466 0.04783442 0.07135399 0.18981867]
    kl_div: 0.43778843242209403 +/- 0.20775691265064974
  tvd_auc: 0.0 +/- 0.0
