biased_point
  When I roll dice, they land on 2 20% of the time.
    all_seq_probs: [[0.13713486 0.19023803 0.26777054 0.1797135  0.1153518  0.10979126]] +/- [[0.05145415 0.08498855 0.11186919 0.1169224  0.03636964 0.04249434]]
    choice_probs: [0.13713486 0.19023803 0.26777054 0.1797135  0.1153518  0.10979126] +/- [0.05145415 0.08498855 0.11186919 0.1169224  0.03636964 0.04249434]
    expected_dist: [0.15999995 0.1999999  0.15999995 0.15999995 0.15999995 0.15999995] +/- [8.9406967e-08 1.3411045e-07 8.9406967e-08 8.9406967e-08 8.9406967e-08
 8.9406967e-08]
    kl_div: 0.1776176918881947 +/- 0.10422905158121715
    tvd: 0.21823597682639956 +/- 0.06402339606406403
  tvd_auc: 0.0 +/- 0.0
unconditional_point
  all_seq_probs: [[0.06463874 0.18126795 0.28481936 0.21001958 0.1398988  0.11935558]] +/- [[0.03475631 0.14263417 0.15530007 0.12787801 0.07990292 0.07424691]]
  choice_probs: [0.06463874 0.18126795 0.28481936 0.21001958 0.1398988  0.11935558] +/- [0.03475631 0.14263417 0.15530007 0.12787801 0.07990292 0.07424691]
  expected_dist: [0.16666663 0.16666663 0.16666663 0.16666663 0.16666663 0.16666663] +/- [5.9604645e-08 5.9604645e-08 5.9604645e-08 5.9604645e-08 5.9604645e-08
 5.9604645e-08]
  kl_div: 0.42420701805385763 +/- 0.19783122377205153
  tvd: 0.31357309923972937 +/- 0.08688232708263086
