biased_point
  When you roll dice, they land on 3 80% of the time.
    all_seq_probs: [[0.00656559 0.04850397 0.61736167 0.09115528 0.05663255 0.17978095]] +/- [[0.02178836 0.13717436 0.4407335  0.15591385 0.1072206  0.28240565]]
    expected_dist: [0.03999997 0.03999997 0.8000019  0.03999997 0.03999997 0.03999997] +/- [4.0978193e-08 4.0978193e-08 1.9073486e-06 4.0978193e-08 4.0978193e-08
 4.0978193e-08]
    tvd: 0.41078933472001383 +/- 0.3145523539642839
    kl_div: 2.2378075136532427 +/- 2.5866514540237513
    choice_probs: [0.00656559 0.04850397 0.61736167 0.09115528 0.05663255 0.17978095] +/- [0.02178836 0.13717436 0.4407335  0.15591385 0.1072206  0.28240565]
  tvd_auc: 0.0 +/- 0.0
