biased_point
  tvd_auc: 0.0 +/- 0.0
  When I roll dice, they land on 2 20% of the time.
    all_seq_probs: [[0.16997854 0.18675581 0.16146822 0.15845549 0.16508125 0.1582607 ]] +/- [[0.04164586 0.03223905 0.02672906 0.02744923 0.0396544  0.04047877]]
    tvd: 0.07924679901450872 +/- 0.03885449155249698
    kl_div: 0.02583463390241377 +/- 0.029981151794967898
    expected_dist: [0.15999995 0.1999999  0.15999995 0.15999995 0.15999995 0.15999995] +/- [8.9406967e-08 1.3411045e-07 8.9406967e-08 8.9406967e-08 8.9406967e-08
 8.9406967e-08]
    choice_probs: [0.16997854 0.18675581 0.16146822 0.15845549 0.16508125 0.1582607 ] +/- [0.04164586 0.03223905 0.02672906 0.02744923 0.0396544  0.04047877]
