biased_point
  tvd_auc: 0.0 +/- 0.0
  When I roll dice, they land on 4 80% of the time.
    expected_dist: [0.03999999 0.03999999 0.03999999 0.7999996  0.03999999 0.03999999] +/- [2.2351742e-08 2.2351742e-08 2.2351742e-08 4.1723251e-07 2.2351742e-08
 2.2351742e-08]
    all_seq_probs: [[0.049853   0.06710567 0.08514395 0.63035202 0.1068304  0.06071496]] +/- [[0.04710181 0.04093305 0.0598881  0.16216832 0.07177812 0.04945212]]
    choice_probs: [0.049853   0.06710567 0.08514395 0.63035202 0.1068304  0.06071496] +/- [0.04710181 0.04093305 0.0598881  0.16216832 0.07177812 0.04945212]
    tvd: 0.20524595052120276 +/- 0.14043082132334692
    kl_div: 0.17723508132427923 +/- 0.20066338448828794
