biased_point
  tvd_auc: 0.0 +/- 0.0
  When I roll dice, they land on 1 60% of the time.
    choice_probs: [0.37554005 0.12560068 0.1113935  0.10321419 0.1052688  0.1789828 ] +/- [0.14361804 0.03806943 0.0419459  0.04144269 0.03421526 0.04689809]
    kl_div: 0.190865673518274 +/- 0.14084621298975372
    all_seq_probs: [[0.37554005 0.12560068 0.1113935  0.10321419 0.1052688  0.1789828 ]] +/- [[0.14361804 0.03806943 0.0419459  0.04144269 0.03421526 0.04689809]]
    tvd: 0.255433416669257 +/- 0.09493935687965174
    expected_dist: [0.60000026 0.07999998 0.07999998 0.07999998 0.07999998 0.07999998] +/- [1.7881393e-07 4.4703484e-08 4.4703484e-08 4.4703484e-08 4.4703484e-08
 4.4703484e-08]
