biased_point
  When you flip coins, they land on heads 90% of the time.
    tvd: 0.11434068880975247 +/- 0.06867196309365055
    all_seq_probs: [[0.78715767 0.21284233]] +/- [[0.07110727 0.07110726]]
    choice_probs: [0.78715767 0.21284233] +/- [0.07110727 0.07110726]
    expected_dist: [0.899998   0.10000024] +/- [1.9669533e-06 2.3841858e-07]
    kl_div: 0.05516433252580464 +/- 0.04670294416142014
  tvd_auc: 0.0 +/- 0.0
unconditional_point
  tvd: 0.09913241088390351 +/- 0.06748757055914861
  all_seq_probs: [[0.57490023 0.42509978]] +/- [[0.09365768 0.0936577 ]]
  choice_probs: [0.57490023 0.42509978] +/- [0.09365768 0.0936577 ]
  expected_dist: [0.5 0.5] +/- [0. 0.]
  kl_div: 0.031047538459300996 +/- 0.03876790461312894
