biased_point
  tvd_auc: 0.0 +/- 0.0
  When you roll dice, they land on 4 0% of the time.
    choice_probs: [0.0909337  0.10762796 0.13159264 0.41670528 0.08005883 0.17303376] +/- [0.1345424  0.25745282 0.23379386 0.37015563 0.15874857 0.30944352]
    expected_dist: [2.0000048e-01 2.0000048e-01 2.0000048e-01 9.9999795e-09 2.0000048e-01
 2.0000048e-01] +/- [4.6193600e-07 4.6193600e-07 4.6193600e-07 1.8651747e-14 4.6193600e-07
 4.6193600e-07]
    all_seq_probs: [[0.0909337  0.10762796 0.13159264 0.41670528 0.08005883 0.17303376]] +/- [[0.1345424  0.25745282 0.23379386 0.37015563 0.15874857 0.30944352]]
    kl_div: 2.550729118655962 +/- 1.3770129491691605
    tvd: 0.7200721923888587 +/- 0.15654190994578326
