biased_point
  tvd_auc: 0.0 +/- 0.0
  When I roll dice, they land on 3 80% of the time.
    expected_dist: [0.03999999 0.03999999 0.7999996  0.03999999 0.03999999 0.03999999] +/- [2.2351742e-08 2.2351742e-08 4.1723251e-07 2.2351742e-08 2.2351742e-08
 2.2351742e-08]
    tvd: 0.26701775334775446 +/- 0.20705487121133592
    kl_div: 0.27013733645668253 +/- 0.3270785092959752
    choice_probs: [0.07655387 0.09734709 0.54249606 0.10506677 0.08517452 0.09336168] +/- [0.04777267 0.05102282 0.21836876 0.05534496 0.05017483 0.08032793]
    all_seq_probs: [[0.07655387 0.09734709 0.54249606 0.10506677 0.08517452 0.09336168]] +/- [[0.04777267 0.05102282 0.21836876 0.05534496 0.05017483 0.08032793]]
