unconditional_point
  kl_div: 1.259329519689083 +/- 0.6926258070924595
  all_seq_probs: [[0.30649651 0.69350349]] +/- [[0.4100689 0.4100689]]
  choice_probs: [0.30649651 0.69350349] +/- [0.4100689 0.4100689]
  tvd: 0.4460187657861388 +/- 0.08165393975373343
  expected_dist: [0.5 0.5] +/- [0. 0.]
biased_point
  tvd_auc: 0.0 +/- 0.0
  When you flip coins, they land on heads 70% of the time.
    kl_div: 0.7236861627735197 +/- 0.8635550987335265
    all_seq_probs: [[0.44545605 0.55454396]] +/- [[0.3359383 0.3359383]]
    choice_probs: [0.44545605 0.55454396] +/- [0.3359383 0.3359383]
    tvd: 0.36602265903819353 +/- 0.20898462323310443
    expected_dist: [0.6999983 0.3      ] +/- [1.66893e-06 0.00000e+00]
