biased_point
  tvd_auc: 0.0 +/- 0.0
  When I roll dice, they land on 5 100% of the time.
    choice_probs: [0.00655235 0.00825049 0.00861348 0.0130953  0.90113031 0.0623581 ] +/- [0.00341303 0.00448905 0.004444   0.00610083 0.04856021 0.03282475]
    tvd: 0.09886967484625928 +/- 0.048560198051453306
    all_seq_probs: [[0.00655235 0.00825049 0.00861348 0.0130953  0.90113031 0.0623581 ]] +/- [[0.00341303 0.00448905 0.004444   0.00610083 0.04856021 0.03282475]]
    expected_dist: [1.0000003e-08 1.0000003e-08 1.0000003e-08 1.0000003e-08 1.0000000e+00
 1.0000003e-08] +/- [4.440892e-15 4.440892e-15 4.440892e-15 4.440892e-15 0.000000e+00
 4.440892e-15]
    kl_div: 0.1056173286160417 +/- 0.05558619247700629
