unconditional_point
  tvd: 0.29236580421682445 +/- 0.07936145024609384
  choice_probs: [0.06936049 0.19276404 0.27668441 0.22836154 0.1330067  0.09982283] +/- [0.03939237 0.1078305  0.14170147 0.10931658 0.07708747 0.06654041]
  kl_div: 0.3518818084569648 +/- 0.1854294851876926
  all_seq_probs: [[0.06936049 0.19276404 0.27668441 0.22836154 0.1330067  0.09982283]] +/- [[0.03939237 0.1078305  0.14170147 0.10931658 0.07708747 0.06654041]]
  expected_dist: [0.16666663 0.16666663 0.16666663 0.16666663 0.16666663 0.16666663] +/- [5.9604645e-08 5.9604645e-08 5.9604645e-08 5.9604645e-08 5.9604645e-08
 5.9604645e-08]
biased_point
  tvd_auc: 0.0 +/- 0.0
  When I roll dice, they land on 6 40% of the time.
    tvd: 0.313282083212398 +/- 0.09170998628506564
    choice_probs: [0.09477937 0.20305292 0.20807695 0.19328362 0.13737152 0.16343562] +/- [0.05273891 0.09987247 0.08878068 0.06487543 0.05551488 0.08188393]
    kl_div: 0.32579074400109675 +/- 0.1955469623622157
    all_seq_probs: [[0.09477937 0.20305292 0.20807695 0.19328362 0.13737152 0.16343562]] +/- [[0.05273891 0.09987247 0.08878068 0.06487543 0.05551488 0.08188393]]
    expected_dist: [0.11999992 0.11999992 0.11999992 0.11999992 0.11999992 0.3999998 ] +/- [7.4505806e-08 7.4505806e-08 7.4505806e-08 7.4505806e-08 7.4505806e-08
 2.3841858e-07]
