biased_point
  When you flip coins, they land on heads 60% of the time.
    expected_dist: [0.6        0.40000096] +/- [0.00000e+00 9.23872e-07]
    kl_div: 0.1955909009501338 +/- 0.2092977237357711
    all_seq_probs: [[0.39750525 0.60249477]] +/- [[0.19543828 0.19543828]]
    choice_probs: [0.39750525 0.60249477] +/- [0.19543828 0.19543828]
    tvd: 0.2471473645567894 +/- 0.13460470564822027
  tvd_auc: 0.0 +/- 0.0
unconditional_point
  expected_dist: [0.5 0.5] +/- [0. 0.]
  kl_div: 0.20809953439235687 +/- 0.21294714345910454
  all_seq_probs: [[0.369792   0.63020801]] +/- [[0.23490232 0.23490232]]
  choice_probs: [0.369792   0.63020801] +/- [0.23490232 0.23490232]
  tvd: 0.2362905288785696 +/- 0.12767149696631594
