unconditional_point
  expected_dist: [0.16666676 0.16666676 0.16666676 0.16666676 0.16666676 0.16666676] +/- [7.4505806e-08 7.4505806e-08 7.4505806e-08 7.4505806e-08 7.4505806e-08
 7.4505806e-08]
  tvd: 0.5669386683420224 +/- 0.06311248519359275
  all_seq_probs: [[0.00985315 0.06003091 0.00784982 0.34218784 0.54801879 0.03205949]] +/- [[0.00960108 0.04259017 0.04559885 0.13960068 0.15391553 0.03681958]]
  choice_probs: [0.00985315 0.06003091 0.00784982 0.34218784 0.54801879 0.03205949] +/- [0.00960108 0.04259017 0.04559885 0.13960068 0.15391553 0.03681958]
  kl_div: 2.0493068790053948 +/- 0.6880877195018213
biased_point
  When you roll dice, they land on 3 100% of the time.
    expected_dist: [9.9999795e-09 9.9999795e-09 1.0000000e+00 9.9999795e-09 9.9999795e-09
 9.9999795e-09] +/- [1.8651747e-14 1.8651747e-14 0.0000000e+00 1.8651747e-14 1.8651747e-14
 1.8651747e-14]
    tvd: 0.6134227037560804 +/- 0.35430339688743506
    all_seq_probs: [[0.5295364  0.00337859 0.38657728 0.02159263 0.01777411 0.04114101]] +/- [[0.32790076 0.01285513 0.3543034  0.05483029 0.0331696  0.09675285]]
    choice_probs: [0.5295364  0.00337859 0.38657728 0.02159263 0.01777411 0.04114101] +/- [0.32790076 0.01285513 0.3543034  0.05483029 0.0331696  0.09675285]
    kl_div: 1.7760873172286182 +/- 1.6655441817920211
  tvd_auc: 0.0 +/- 0.0
