unconditional_point
  all_seq_probs: [[0.52052598 0.47947404]] +/- [[0.16567896 0.16567896]]
  tvd: 0.13013838537037373 +/- 0.10456975889430802
  expected_dist: [0.5 0.5] +/- [0. 0.]
  choice_probs: [0.52052598 0.47947404] +/- [0.16567896 0.16567896]
  kl_div: 0.07130122125148773 +/- 0.1210106567439245
biased_point
  tvd_auc: 0.0 +/- 0.0
  When I flip coins they land on heads 50% of the time.
    all_seq_probs: [[0.5136765 0.4863235]] +/- [[0.16187786 0.16187787]]
    tvd: 0.1334337468445301 +/- 0.09266566111453224
    expected_dist: [0.5 0.5] +/- [0. 0.]
    choice_probs: [0.5136765 0.4863235] +/- [0.16187786 0.16187787]
    kl_div: 0.06034005284309387 +/- 0.06971407674817005
