biased_point
  tvd_auc: 0.0 +/- 0.0
  When I roll dice, they land on 2 60% of the time.
    tvd: 0.09894565016031265 +/- 0.055528364626983
    kl_div: 0.032078939438797534 +/- 0.02822429944249512
    choice_probs: [0.08715788 0.53968582 0.09507704 0.08852644 0.09939839 0.09015442] +/- [0.02534715 0.08856255 0.02413605 0.01963478 0.02979081 0.02482839]
    expected_dist: [0.07999998 0.60000026 0.07999998 0.07999998 0.07999998 0.07999998] +/- [4.4703484e-08 1.7881393e-07 4.4703484e-08 4.4703484e-08 4.4703484e-08
 4.4703484e-08]
    all_seq_probs: [[0.08715788 0.53968582 0.09507704 0.08852644 0.09939839 0.09015442]] +/- [[0.02534715 0.08856255 0.02413605 0.01963478 0.02979081 0.02482839]]
