biased_point
  When I roll dice, they land on 6 100% of the time.
    expected_dist: [1.0000003e-08 1.0000003e-08 1.0000003e-08 1.0000003e-08 1.0000003e-08
 1.0000000e+00] +/- [4.440892e-15 4.440892e-15 4.440892e-15 4.440892e-15 4.440892e-15
 0.000000e+00]
    kl_div: 0.028490854472866117 +/- 0.01742248036999228
    tvd: 0.02794311798022532 +/- 0.016730273081953684
    choice_probs: [0.00420667 0.00423783 0.00564839 0.00516701 0.00868325 0.97205687] +/- [0.00246095 0.00271777 0.00342924 0.00295989 0.00545638 0.01673027]
    all_seq_probs: [[0.00420667 0.00423783 0.00564839 0.00516701 0.00868325 0.97205687]] +/- [[0.00246095 0.00271777 0.00342924 0.00295989 0.00545638 0.01673027]]
  tvd_auc: 0.0 +/- 0.0
