biased_point
  When I roll dice, they land on 3 20% of the time.
    expected_dist: [0.15999995 0.15999995 0.1999999  0.15999995 0.15999995 0.15999995] +/- [8.9406967e-08 8.9406967e-08 1.3411045e-07 8.9406967e-08 8.9406967e-08
 8.9406967e-08]
    all_seq_probs: [[0.14566    0.18445137 0.22911749 0.16466599 0.13836574 0.1377394 ]] +/- [[0.0507149  0.04791982 0.07103154 0.07388878 0.06131121 0.06511182]]
    choice_probs: [0.14566    0.18445137 0.22911749 0.16466599 0.13836574 0.1377394 ] +/- [0.0507149  0.04791982 0.07103154 0.07388878 0.06131121 0.06511182]
    kl_div: 0.07300831568194553 +/- 0.08790040014936007
    tvd: 0.13859358802437782 +/- 0.08412056370217394
  tvd_auc: 0.0 +/- 0.0
