unconditional_point
  expected_dist: [0.16666663 0.16666663 0.16666663 0.16666663 0.16666663 0.16666663] +/- [5.9604645e-08 5.9604645e-08 5.9604645e-08 5.9604645e-08 5.9604645e-08
 5.9604645e-08]
  choice_probs: [0.07527866 0.21490051 0.03098411 0.38975174 0.17015629 0.1189287 ] +/- [0.02810692 0.06257103 0.02539459 0.07374671 0.05030418 0.03886065]
  tvd: 0.3009147610794753 +/- 0.060667701050635604
  all_seq_probs: [[0.07527866 0.21490051 0.03098411 0.38975174 0.17015629 0.1189287 ]] +/- [[0.02810692 0.06257103 0.02539459 0.07374671 0.05030418 0.03886065]]
  kl_div: 0.3614183376280562 +/- 0.1222830569316392
biased_point
  tvd_auc: 0.0 +/- 0.0
  When I roll dice, they land on 3 100% of the time.
    expected_dist: [1.0000003e-08 1.0000003e-08 1.0000000e+00 1.0000003e-08 1.0000003e-08
 1.0000003e-08] +/- [4.440892e-15 4.440892e-15 0.000000e+00 4.440892e-15 4.440892e-15
 4.440892e-15]
    choice_probs: [0.11733955 0.19738549 0.15916492 0.20967235 0.13622561 0.18021208] +/- [0.03460708 0.03317732 0.08017137 0.03835986 0.02603705 0.04160344]
    tvd: 0.8408350527812348 +/- 0.08017137198279649
    all_seq_probs: [[0.11733955 0.19738549 0.15916492 0.20967235 0.13622561 0.18021208]] +/- [[0.03460708 0.03317732 0.08017137 0.03835986 0.02603705 0.04160344]]
    kl_div: 1.9718307283208825 +/- 0.5405820992926706
