biased_point
  tvd_auc: 0.0 +/- 0.0
  When you roll dice, they land on 4 100% of the time.
    kl_div: 1.5680665034654158 +/- 2.318200183665659
    all_seq_probs: [[0.17652634 0.00125578 0.00545408 0.61904174 0.03642445 0.16129761]] +/- [[0.29951602 0.00410826 0.01898478 0.42121089 0.09317497 0.27744629]]
    tvd: 0.3809582409618544 +/- 0.4212108909306047
    expected_dist: [9.9999795e-09 9.9999795e-09 9.9999795e-09 1.0000000e+00 9.9999795e-09
 9.9999795e-09] +/- [1.8651747e-14 1.8651747e-14 1.8651747e-14 0.0000000e+00 1.8651747e-14
 1.8651747e-14]
    choice_probs: [0.17652634 0.00125578 0.00545408 0.61904174 0.03642445 0.16129761] +/- [0.29951602 0.00410826 0.01898478 0.42121089 0.09317497 0.27744629]
