biased_point
  tvd_auc: 0.0 +/- 0.0
  When I flip coins they land on heads 100% of the time.
    tvd: 0.35290282703125087 +/- 0.2246971957007543
    all_seq_probs: [[0.65242188 0.35822754]] +/- [[0.22687141 0.22252801]]
    expected_dist: [1.0000000e+00 1.0000003e-08] +/- [0.000000e+00 4.440892e-15]
    kl_div: 0.4788303989846307 +/- 0.3127883135601352
    choice_probs: [0.65242188 0.35822754] +/- [0.22687141 0.22252801]
