biased_point
  When you roll dice, they land on 6 0% of the time.
    all_seq_probs: [[0.21112896 0.154069   0.1758714  0.11253328 0.16026678 0.18613059]] +/- [[0.28726097 0.30886967 0.27536238 0.16284214 0.19787632 0.25479229]]
    tvd: 0.5926463276973165 +/- 0.1815207102303399
    kl_div: 2.4259240311167654 +/- 1.7854234523512984
    choice_probs: [0.21112896 0.154069   0.1758714  0.11253328 0.16026678 0.18613059] +/- [0.28726097 0.30886967 0.27536238 0.16284214 0.19787632 0.25479229]
    expected_dist: [2.0000048e-01 2.0000048e-01 2.0000048e-01 2.0000048e-01 2.0000048e-01
 9.9999795e-09] +/- [4.6193600e-07 4.6193600e-07 4.6193600e-07 4.6193600e-07 4.6193600e-07
 1.8651747e-14]
  tvd_auc: 0.0 +/- 0.0
