biased_point
  When I roll dice, they land on 6 20% of the time.
    expected_dist: [0.15999995 0.15999995 0.15999995 0.15999995 0.15999995 0.1999999 ] +/- [8.9406967e-08 8.9406967e-08 8.9406967e-08 8.9406967e-08 8.9406967e-08
 1.3411045e-07]
    tvd: 0.16623629378154875 +/- 0.12024903133292335
    choice_probs: [0.14136628 0.19149684 0.1535772  0.16479853 0.13690648 0.21185467] +/- [0.07836641 0.10006569 0.08083513 0.05964225 0.07694919 0.07633896]
    all_seq_probs: [[0.14136628 0.19149684 0.1535772  0.16479853 0.13690648 0.21185467]] +/- [[0.07836641 0.10006569 0.08083513 0.05964225 0.07694919 0.07633896]]
    kl_div: 0.10976804107544012 +/- 0.16454813586976894
  tvd_auc: 0.0 +/- 0.0
