biased_point
  When I roll dice, they land on 6 80% of the time.
    expected_dist: [0.03999999 0.03999999 0.03999999 0.03999999 0.03999999 0.7999996 ] +/- [2.2351742e-08 2.2351742e-08 2.2351742e-08 2.2351742e-08 2.2351742e-08
 4.1723251e-07]
    choice_probs: [0.04757277 0.04907175 0.06056406 0.06354783 0.07480416 0.70443944] +/- [0.03976681 0.03410281 0.05462583 0.04373993 0.05450818 0.14235851]
    tvd: 0.15338799978606402 +/- 0.10122459996095101
    all_seq_probs: [[0.04757277 0.04907175 0.06056406 0.06354783 0.07480416 0.70443944]] +/- [[0.03976681 0.03410281 0.05462583 0.04373993 0.05450818 0.14235851]]
    kl_div: 0.11830244334239978 +/- 0.11692661670700048
  tvd_auc: 0.0 +/- 0.0
