biased_point
  tvd_auc: 0.0 +/- 0.0
  When I roll dice, they land on 3 80% of the time.
    choice_probs: [0.0595523  0.09916337 0.62592096 0.09020485 0.0537643  0.07139424] +/- [0.05413113 0.06929157 0.20621083 0.07300099 0.04079999 0.09199761]
    all_seq_probs: [[0.0595523  0.09916337 0.62592096 0.09020485 0.0537643  0.07139424]] +/- [[0.05413113 0.06929157 0.20621083 0.07300099 0.04079999 0.09199761]]
    kl_div: 0.2193328289227793 +/- 0.1694601763728263
    expected_dist: [0.03999999 0.03999999 0.7999996  0.03999999 0.03999999 0.03999999] +/- [2.2351742e-08 2.2351742e-08 4.1723251e-07 2.2351742e-08 2.2351742e-08
 2.2351742e-08]
    tvd: 0.2460344590060413 +/- 0.13145757070494277
