biased_point
  tvd_auc: 0.0 +/- 0.0
  When I roll dice, they land on 1 80% of the time.
    expected_dist: [0.7999996  0.03999999 0.03999999 0.03999999 0.03999999 0.03999999] +/- [3.5762787e-07 2.2351742e-08 2.2351742e-08 2.2351742e-08 2.2351742e-08
 2.2351742e-08]
    tvd: 0.28708740739384664 +/- 0.14129380582383672
    all_seq_probs: [[0.55773442 0.15369787 0.09105471 0.05361691 0.07008657 0.07380952]] +/- [[0.19017289 0.09030501 0.07166113 0.04403347 0.07048481 0.07411231]]
    choice_probs: [0.55773442 0.15369787 0.09105471 0.05361691 0.07008657 0.07380952] +/- [0.19017289 0.09030501 0.07166113 0.04403347 0.07048481 0.07411231]
    kl_div: 0.2747329116184847 +/- 0.19558151672457857
