biased_point
  tvd_auc: 0.0 +/- 0.0
  When I roll dice, they land on 4 0% of the time.
    tvd: 0.11153621929818008 +/- 0.032527600753948636
    choice_probs: [0.19243221 0.21042482 0.18062077 0.03846098 0.18711762 0.19094359] +/- [0.04611705 0.04353746 0.04019172 0.00964766 0.04394405 0.04693521]
    kl_div: 0.06803001075855321 +/- 0.018704167710775484
    expected_dist: [1.9999990e-01 1.9999990e-01 1.9999990e-01 1.0000003e-08 1.9999990e-01
 1.9999990e-01] +/- [1.1920929e-07 1.1920929e-07 1.1920929e-07 4.4408921e-15 1.1920929e-07
 1.1920929e-07]
    all_seq_probs: [[0.19243221 0.21042482 0.18062077 0.03846098 0.18711762 0.19094359]] +/- [[0.04611705 0.04353746 0.04019172 0.00964766 0.04394405 0.04693521]]
