biased_point
  tvd_auc: 0.0 +/- 0.0
  When I roll dice, they land on 5 40% of the time.
    expected_dist: [0.11999992 0.11999992 0.11999992 0.11999992 0.3999998  0.11999992] +/- [7.4505806e-08 7.4505806e-08 7.4505806e-08 7.4505806e-08 2.3841858e-07
 7.4505806e-08]
    tvd: 0.17942182262195275 +/- 0.09343467727638817
    all_seq_probs: [[0.11439364 0.10454444 0.12685772 0.19768549 0.33080404 0.12571467]] +/- [[0.06520319 0.04423357 0.04301095 0.05531156 0.13398153 0.08124057]]
    choice_probs: [0.11439364 0.10454444 0.12685772 0.19768549 0.33080404 0.12571467] +/- [0.06520319 0.04423357 0.04301095 0.05531156 0.13398153 0.08124057]
    kl_div: 0.13424472416285427 +/- 0.2094944699858971
