biased_point
  tvd_auc: 0.0 +/- 0.0
  When I roll dice, they land on 2 40% of the time.
    expected_dist: [0.11999992 0.3999998  0.11999992 0.11999992 0.11999992 0.11999992] +/- [7.4505806e-08 2.3841858e-07 7.4505806e-08 7.4505806e-08 7.4505806e-08
 7.4505806e-08]
    kl_div: 0.09177874133380101 +/- 0.04158171189910846
    all_seq_probs: [[0.16313379 0.25974714 0.16118594 0.16880902 0.12728555 0.11983856]] +/- [[0.03706421 0.05747282 0.03516737 0.03391777 0.03790818 0.04960374]]
    tvd: 0.17740975573658943 +/- 0.045438760730492765
    choice_probs: [0.16313379 0.25974714 0.16118594 0.16880902 0.12728555 0.11983856] +/- [0.03706421 0.05747282 0.03516737 0.03391777 0.03790818 0.04960374]
