unconditional_point
  kl_div: 0.28135255098342893 +/- 0.2682916229364517
  expected_dist: [0.5 0.5] +/- [0. 0.]
  all_seq_probs: [[0.47427927 0.52572071]] +/- [[0.29769433 0.29769435]]
  tvd: 0.26751682471483945 +/- 0.13310982801979213
  choice_probs: [0.47427927 0.52572071] +/- [0.29769433 0.29769435]
biased_point
  When I flip coins they land on heads 60% of the time.
    kl_div: 0.2559630903601646 +/- 0.1829746325408346
    expected_dist: [0.60000026 0.3999998 ] +/- [2.3841858e-07 2.3841858e-07]
    all_seq_probs: [[0.60346995 0.39653004]] +/- [[0.28855365 0.28855364]]
    tvd: 0.27649136796593665 +/- 0.08263031897810884
    choice_probs: [0.60346995 0.39653004] +/- [0.28855365 0.28855364]
  tvd_auc: 0.0 +/- 0.0
