biased_point
  When I roll dice, they land on 4 0% of the time.
    choice_probs: [0.14796288 0.15713728 0.16472041 0.22534594 0.14432425 0.16050927] +/- [0.06278752 0.06881675 0.0407835  0.11325974 0.03182369 0.04300145]
    tvd: 0.2531606645801029 +/- 0.11124581955221342
    all_seq_probs: [[0.14796288 0.15713728 0.16472041 0.22534594 0.14432425 0.16050927]] +/- [[0.06278752 0.06881675 0.0407835  0.11325974 0.03182369 0.04300145]]
    kl_div: 0.3097377302446202 +/- 0.19265590256405923
    expected_dist: [1.9999990e-01 1.9999990e-01 1.9999990e-01 1.0000003e-08 1.9999990e-01
 1.9999990e-01] +/- [1.1920929e-07 1.1920929e-07 1.1920929e-07 4.4408921e-15 1.1920929e-07
 1.1920929e-07]
  tvd_auc: 0.0 +/- 0.0
