biased_point
  When you roll dice, they land on 4 0% of the time.
    all_seq_probs: [[0.20635358 0.16063823 0.08307594 0.36889256 0.03847687 0.14256282]] +/- [[0.22845176 0.2065114  0.1147201  0.22444487 0.07096834 0.15633905]]
    kl_div: 2.0098497302471934 +/- 1.113450236987709
    expected_dist: [2.0000048e-01 2.0000048e-01 2.0000048e-01 9.9999795e-09 2.0000048e-01
 2.0000048e-01] +/- [4.6193600e-07 4.6193600e-07 4.6193600e-07 1.8651747e-14 4.6193600e-07
 4.6193600e-07]
    choice_probs: [0.20635358 0.16063823 0.08307594 0.36889256 0.03847687 0.14256282] +/- [0.22845176 0.2065114  0.1147201  0.22444487 0.07096834 0.15633905]
    tvd: 0.6011929487829657 +/- 0.14268042378828455
  tvd_auc: 0.0 +/- 0.0
