biased_point
  tvd_auc: 0.0 +/- 0.0
  When you flip coins, they land on heads 70% of the time.
    choice_probs: [0.41410293 0.58589709] +/- [0.25070918 0.25070918]
    tvd: 0.31965458787232637 +/- 0.20594458105818783
    expected_dist: [0.6999983 0.3      ] +/- [1.66893e-06 0.00000e+00]
    kl_div: 0.40275666987895964 +/- 0.4866208753758647
    all_seq_probs: [[0.41410293 0.58589709]] +/- [[0.25070918 0.25070918]]
unconditional_point
  choice_probs: [0.37741921 0.6225808 ] +/- [0.2668744 0.2668744]
  tvd: 0.2627914749328047 +/- 0.13110543726995033
  expected_dist: [0.5 0.5] +/- [0. 0.]
  kl_div: 0.27576808071136477 +/- 0.2951150184701548
  all_seq_probs: [[0.37741921 0.6225808 ]] +/- [[0.2668744 0.2668744]]
