biased_point
  tvd_auc: 0.0 +/- 0.0
  When you flip coins, they land on heads 0% of the time.
    all_seq_probs: [[0.49479067 0.50520934]] +/- [[0.09431901 0.094319  ]]
    choice_probs: [0.49479067 0.50520934] +/- [0.09431901 0.094319  ]
    kl_div: 0.700069359123814 +/- 0.18611195708819864
    tvd: 0.4947906624742709 +/- 0.09431900532661452
    expected_dist: [9.9999795e-09 1.0000000e+00] +/- [1.8651747e-14 0.0000000e+00]
unconditional_point
  all_seq_probs: [[0.9162947  0.08370529]] +/- [[0.03736476 0.03736476]]
  choice_probs: [0.9162947  0.08370529] +/- [0.03736476 0.03736476]
  kl_div: 0.6426243319511413 +/- 0.21578182694673145
  tvd: 0.416294705696404 +/- 0.03736476277212977
  expected_dist: [0.5 0.5] +/- [0. 0.]
