biased_point
  tvd_auc: 0.0 +/- 0.0
  When you flip coins, they land on heads 90% of the time.
    choice_probs: [0.45004943 0.54995059] +/- [0.27648892 0.27648892]
    kl_div: 0.8001866199430079 +/- 0.8859385738439538
    all_seq_probs: [[0.45004943 0.54995059]] +/- [[0.27648892 0.27648892]]
    tvd: 0.4552946759369224 +/- 0.26759745102122773
    expected_dist: [0.899998   0.10000024] +/- [1.9669533e-06 2.3841858e-07]
unconditional_point
  choice_probs: [0.13370049 0.86629952] +/- [0.22410908 0.22410909]
  kl_div: 0.8009365118741989 +/- 0.36317539432414503
  all_seq_probs: [[0.13370049 0.86629952]] +/- [[0.22410908 0.22410909]]
  tvd: 0.4201895038448274 +/- 0.08854940395144896
  expected_dist: [0.5 0.5] +/- [0. 0.]
