unconditional_point
  expected_dist: [0.16666663 0.16666663 0.16666663 0.16666663 0.16666663 0.16666663] +/- [5.9604645e-08 5.9604645e-08 5.9604645e-08 5.9604645e-08 5.9604645e-08
 5.9604645e-08]
  tvd: 0.16133868042379618 +/- 0.07325045012154814
  kl_div: 0.09636189648415894 +/- 0.08769272628485142
  choice_probs: [0.18865347 0.21350778 0.14830052 0.17915777 0.17707481 0.09330566] +/- [0.0396049  0.10452663 0.05755888 0.06170438 0.04932133 0.03222569]
  all_seq_probs: [[0.18865347 0.21350778 0.14830052 0.17915777 0.17707481 0.09330566]] +/- [[0.0396049  0.10452663 0.05755888 0.06170438 0.04932133 0.03222569]]
biased_point
  When I roll dice, they land on 3 40% of the time.
    expected_dist: [0.11999992 0.11999992 0.3999998  0.11999992 0.11999992 0.11999992] +/- [7.4505806e-08 7.4505806e-08 2.3841858e-07 7.4505806e-08 7.4505806e-08
 7.4505806e-08]
    tvd: 0.24755690164864064 +/- 0.07618842600432477
    kl_div: 0.18313066250586416 +/- 0.1012475430229498
    choice_probs: [0.12730154 0.14987152 0.26184571 0.25837349 0.11899586 0.08361188] +/- [0.05236554 0.1098501  0.08241704 0.1251392  0.06402387 0.04050311]
    all_seq_probs: [[0.12730154 0.14987152 0.26184571 0.25837349 0.11899586 0.08361188]] +/- [[0.05236554 0.1098501  0.08241704 0.1251392  0.06402387 0.04050311]]
  tvd_auc: 0.0 +/- 0.0
