unconditional_point
  all_seq_probs: [[0.79867128 0.20132872]] +/- [[0.07375759 0.07375758]]
  kl_div: 0.26494874513149264 +/- 0.1776019832847239
  expected_dist: [0.5 0.5] +/- [0. 0.]
  tvd: 0.2986712825000286 +/- 0.07375758896599288
  choice_probs: [0.79867128 0.20132872] +/- [0.07375759 0.07375758]
biased_point
  When you flip coins, they land on heads 10% of the time.
    all_seq_probs: [[0.50503666 0.49496334]] +/- [[0.1172763 0.1172763]]
    kl_div: 0.40576738414168356 +/- 0.19832769350539492
    expected_dist: [0.10000024 0.899998  ] +/- [2.3841858e-07 1.9669533e-06]
    tvd: 0.40503664675354956 +/- 0.11727629852209755
    choice_probs: [0.50503666 0.49496334] +/- [0.1172763 0.1172763]
  tvd_auc: 0.0 +/- 0.0
