biased_point
  When I roll dice, they land on 1 80% of the time.
    kl_div: 0.3390927677081345 +/- 0.3673312949680301
    tvd: 0.28689975873567164 +/- 0.22633779018246294
    choice_probs: [0.56011646 0.14350117 0.09186317 0.06514575 0.06056413 0.07880931] +/- [0.27025673 0.07862838 0.08014906 0.05272194 0.05843683 0.07192811]
    all_seq_probs: [[0.56011646 0.14350117 0.09186317 0.06514575 0.06056413 0.07880931]] +/- [[0.27025673 0.07862838 0.08014906 0.05272194 0.05843683 0.07192811]]
    expected_dist: [0.7999996  0.03999999 0.03999999 0.03999999 0.03999999 0.03999999] +/- [3.5762787e-07 2.2351742e-08 2.2351742e-08 2.2351742e-08 2.2351742e-08
 2.2351742e-08]
  tvd_auc: 0.0 +/- 0.0
