biased_point
  tvd_auc: 0.0 +/- 0.0
  When you roll dice, they land on 5 40% of the time.
    choice_probs: [0.05575556 0.22043339 0.16184388 0.12188985 0.17799852 0.2620788 ] +/- [0.04835139 0.15538149 0.14011887 0.08972698 0.20197102 0.2012147 ]
    all_seq_probs: [[0.05575556 0.22043339 0.16184388 0.12188985 0.17799852 0.2620788 ]] +/- [[0.04835139 0.15538149 0.14011887 0.08972698 0.20197102 0.2012147 ]]
    expected_dist: [0.12000033 0.12000033 0.12000033 0.12000033 0.40000096 0.12000033] +/- [3.3527613e-07 3.3527613e-07 3.3527613e-07 3.3527613e-07 9.2387199e-07
 3.3527613e-07]
    kl_div: 0.6815998790587764 +/- 0.4094625711784297
    tvd: 0.44269325612229293 +/- 0.11837681608168553
