biased_point
  tvd_auc: 0.0 +/- 0.0
  When you roll dice, they land on 1 100% of the time.
    expected_dist: [1.0000000e+00 9.9999795e-09 9.9999795e-09 9.9999795e-09 9.9999795e-09
 9.9999795e-09] +/- [0.0000000e+00 1.8651747e-14 1.8651747e-14 1.8651747e-14 1.8651747e-14
 1.8651747e-14]
    choice_probs: [0.73883594 0.10847793 0.01345867 0.0251621  0.00769754 0.10636783] +/- [0.24175404 0.11905006 0.01528554 0.03069718 0.00735476 0.12010177]
    kl_div: 0.3819667115835447 +/- 0.4463611272189875
    tvd: 0.26116404031902346 +/- 0.24175403446962326
    all_seq_probs: [[0.73883594 0.10847793 0.01345867 0.0251621  0.00769754 0.10636783]] +/- [[0.24175404 0.11905006 0.01528554 0.03069718 0.00735476 0.12010177]]
