biased_point
  tvd_auc: 0.0 +/- 0.0
  When I roll dice, they land on 1 0% of the time.
    expected_dist: [1.0000003e-08 1.9999990e-01 1.9999990e-01 1.9999990e-01 1.9999990e-01
 1.9999990e-01] +/- [4.4408921e-15 1.1920929e-07 1.1920929e-07 1.1920929e-07 1.1920929e-07
 1.1920929e-07]
    choice_probs: [0.19867846 0.15578589 0.22148158 0.16336838 0.14428984 0.11639585] +/- [0.04502726 0.05692207 0.14602131 0.04131684 0.05169146 0.04569866]
    all_seq_probs: [[0.19867846 0.15578589 0.22148158 0.16336838 0.14428984 0.11639585]] +/- [[0.04502726 0.05692207 0.14602131 0.04131684 0.05169146 0.04569866]]
    kl_div: 0.33895853273880305 +/- 0.16021558719683676
    tvd: 0.2680610224896035 +/- 0.10768758879578251
unconditional_point
  expected_dist: [0.16666663 0.16666663 0.16666663 0.16666663 0.16666663 0.16666663] +/- [5.9604645e-08 5.9604645e-08 5.9604645e-08 5.9604645e-08 5.9604645e-08
 5.9604645e-08]
  choice_probs: [0.16340187 0.15091077 0.17619698 0.19745549 0.17385991 0.13817499] +/- [0.02670232 0.05186259 0.05794196 0.04980024 0.0643208  0.0464033 ]
  all_seq_probs: [[0.16340187 0.15091077 0.17619698 0.19745549 0.17385991 0.13817499]] +/- [[0.02670232 0.05186259 0.05794196 0.04980024 0.0643208  0.0464033 ]]
  kl_div: 0.077946164587338 +/- 0.046883562396852645
  tvd: 0.12682616636157035 +/- 0.034495119935606944
