unconditional_point
  all_seq_probs: [[0.78333176 0.21666824]] +/- [[0.09395989 0.09395988]]
  kl_div: 0.24860475122928619 +/- 0.17540165607821326
  choice_probs: [0.78333176 0.21666824] +/- [0.09395989 0.09395988]
  tvd: 0.283331761918962 +/- 0.09395988547060243
  expected_dist: [0.5 0.5] +/- [0. 0.]
biased_point
  tvd_auc: 0.0 +/- 0.0
  When I flip coins they land on heads 80% of the time.
    all_seq_probs: [[0.76984549 0.23015451]] +/- [[0.09063064 0.09063063]]
    kl_div: 0.02499547665938735 +/- 0.03198911266047385
    choice_probs: [0.76984549 0.23015451] +/- [0.09063064 0.09063063]
    tvd: 0.0767771888896823 +/- 0.05681962378524179
    expected_dist: [0.7999996 0.1999999] +/- [4.1723251e-07 1.1920929e-07]
