unconditional_point
  kl_div: 0.03930410224199295 +/- 0.049724183156329954
  choice_probs: [0.53720369 0.46279632] +/- [0.12828552 0.12828553]
  all_seq_probs: [[0.53720369 0.46279632]] +/- [[0.12828552 0.12828553]]
  expected_dist: [0.5 0.5] +/- [0. 0.]
  tvd: 0.11248253607749939 +/- 0.07203449860978658
biased_point
  tvd_auc: 0.0 +/- 0.0
  When you flip coins, they land on heads 70% of the time.
    kl_div: 0.024448169155046343 +/- 0.033413516982734995
    choice_probs: [0.6500837 0.3499163] +/- [0.09090524 0.09090526]
    all_seq_probs: [[0.6500837 0.3499163]] +/- [[0.09090524 0.09090526]]
    expected_dist: [0.6999983 0.3      ] +/- [1.66893e-06 0.00000e+00]
    tvd: 0.08316015265882015 +/- 0.06196603213452518
