biased_point
  When I roll dice, they land on 4 60% of the time.
    kl_div: 0.16583413144187945 +/- 0.10111494753333095
    expected_dist: [0.07999997 0.07999997 0.07999997 0.60000026 0.07999997 0.07999997] +/- [2.9802322e-08 2.9802322e-08 2.9802322e-08 2.3841858e-07 2.9802322e-08
 2.9802322e-08]
    tvd: 0.24656990488059818 +/- 0.09490791350696902
    choice_probs: [0.09638879 0.10577281 0.13377707 0.40246525 0.11695396 0.14464211] +/- [0.05737567 0.0379724  0.046105   0.13863023 0.05526374 0.05905062]
    all_seq_probs: [[0.09638879 0.10577281 0.13377707 0.40246525 0.11695396 0.14464211]] +/- [[0.05737567 0.0379724  0.046105   0.13863023 0.05526374 0.05905062]]
  tvd_auc: 0.0 +/- 0.0
