biased_point
  tvd_auc: 0.0 +/- 0.0
  When I flip coins they land on heads 0% of the time.
    tvd: 0.0007629957379348262 +/- 0.00016676410420228587
    all_seq_probs: [[7.63013147e-04 9.99237012e-01]] +/- [[0.00016676 0.00016677]]
    choice_probs: [7.63013147e-04 9.99237012e-01] +/- [0.00016676 0.00016677]
    expected_dist: [1.0000003e-08 1.0000000e+00] +/- [4.440892e-15 0.000000e+00]
    kl_div: 0.0007631812686125272 +/- 0.00016691785810079215
unconditional_point
  tvd: 0.49979451134597186 +/- 0.00010122884589709616
  all_seq_probs: [[2.05498640e-04 9.99794521e-01]] +/- [[0.00010123 0.00010123]]
  choice_probs: [2.05498640e-04 9.99794521e-01] +/- [0.00010123 0.00010123]
  expected_dist: [0.5 0.5] +/- [0. 0.]
  kl_div: 3.596745843887329 +/- 0.19995691983592132
