biased_point
  When I roll dice, they land on 4 80% of the time.
    expected_dist: [0.03999999 0.03999999 0.03999999 0.7999996  0.03999999 0.03999999] +/- [2.2351742e-08 2.2351742e-08 2.2351742e-08 4.1723251e-07 2.2351742e-08
 2.2351742e-08]
    tvd: 0.0727001093653962 +/- 0.04326842664732892
    choice_probs: [0.04187724 0.0478905  0.05058989 0.76265689 0.04990113 0.04708433] +/- [0.01688368 0.02193901 0.01781564 0.07043948 0.01871597 0.02459315]
    kl_div: 0.028840226232750864 +/- 0.02091796214335506
    all_seq_probs: [[0.04187724 0.0478905  0.05058989 0.76265689 0.04990113 0.04708433]] +/- [[0.01688368 0.02193901 0.01781564 0.07043948 0.01871597 0.02459315]]
  tvd_auc: 0.0 +/- 0.0
