biased_point
  When I roll dice, they land on 2 0% of the time.
    all_seq_probs: [[0.20371674 0.03990808 0.17923522 0.18706658 0.18917247 0.20090093]] +/- [[0.02991188 0.01238467 0.02198294 0.01977091 0.01732476 0.02736361]]
    choice_probs: [0.20371674 0.03990808 0.17923522 0.18706658 0.18917247 0.20090093] +/- [0.02991188 0.01238467 0.02198294 0.01977091 0.01732476 0.02736361]
    tvd: 0.07374710674517962 +/- 0.01846645109310475
    kl_div: 0.04943527978411964 +/- 0.013905199546973267
    expected_dist: [1.9999990e-01 1.0000003e-08 1.9999990e-01 1.9999990e-01 1.9999990e-01
 1.9999990e-01] +/- [1.1920929e-07 4.4408921e-15 1.1920929e-07 1.1920929e-07 1.1920929e-07
 1.1920929e-07]
  tvd_auc: 0.0 +/- 0.0
