biased_point
  When I roll dice, they land on 1 60% of the time.
    choice_probs: [0.30787091 0.12914932 0.11333849 0.10765402 0.08121937 0.2607679 ] +/- [0.21350469 0.0751045  0.08061763 0.11756373 0.05914534 0.1816232 ]
    kl_div: 0.473236481344793 +/- 0.33988989837282274
    tvd: 0.3884680006839335 +/- 0.14706177025039466
    all_seq_probs: [[0.30787091 0.12914932 0.11333849 0.10765402 0.08121937 0.2607679 ]] +/- [[0.21350469 0.0751045  0.08061763 0.11756373 0.05914534 0.1816232 ]]
    expected_dist: [0.60000026 0.07999998 0.07999998 0.07999998 0.07999998 0.07999998] +/- [1.7881393e-07 4.4703484e-08 4.4703484e-08 4.4703484e-08 4.4703484e-08
 4.4703484e-08]
  tvd_auc: 0.0 +/- 0.0
