biased_point
  When I roll dice, they land on 3 60% of the time.
    expected_dist: [0.07999998 0.07999998 0.60000026 0.07999998 0.07999998 0.07999998] +/- [4.4703484e-08 4.4703484e-08 1.7881393e-07 4.4703484e-08 4.4703484e-08
 4.4703484e-08]
    choice_probs: [0.10591032 0.1087664  0.27393064 0.12597761 0.1369757  0.24843935] +/- [0.0536283  0.05565336 0.17764968 0.09600311 0.1056674  0.15062573]
    kl_div: 0.4583674309740309 +/- 0.29504614011969366
    tvd: 0.38424137708730993 +/- 0.12357810378605893
    all_seq_probs: [[0.10591032 0.1087664  0.27393064 0.12597761 0.1369757  0.24843935]] +/- [[0.0536283  0.05565336 0.17764968 0.09600311 0.1056674  0.15062573]]
  tvd_auc: 0.0 +/- 0.0
