biased_point
  When you roll dice, they land on 5 100% of the time.
    all_seq_probs: [[0.58675723 0.0111977  0.08473657 0.01156478 0.26108779 0.04465593]] +/- [[0.31196901 0.05104464 0.18206141 0.02815201 0.28851587 0.08337103]]
    tvd: 0.7389121874439337 +/- 0.2885158645767769
    kl_div: 2.3354306689310222 +/- 1.8885951149628277
    expected_dist: [9.9999795e-09 9.9999795e-09 9.9999795e-09 9.9999795e-09 1.0000000e+00
 9.9999795e-09] +/- [1.8651747e-14 1.8651747e-14 1.8651747e-14 1.8651747e-14 0.0000000e+00
 1.8651747e-14]
    choice_probs: [0.58675723 0.0111977  0.08473657 0.01156478 0.26108779 0.04465593] +/- [0.31196901 0.05104464 0.18206141 0.02815201 0.28851587 0.08337103]
  tvd_auc: 0.0 +/- 0.0
