unconditional_point
  tvd: 0.3879915023036301 +/- 0.08407013178138045
  kl_div: 0.5944838008284569 +/- 0.3218630588413036
  all_seq_probs: [[0.1120085 0.8879915]] +/- [[0.08407013 0.08407013]]
  choice_probs: [0.1120085 0.8879915] +/- [0.08407013 0.08407013]
  expected_dist: [0.5 0.5] +/- [0. 0.]
biased_point
  When I flip coins they land on heads 10% of the time.
    tvd: 0.07033699493855237 +/- 0.06216110542949531
    kl_div: 0.0339567063935101 +/- 0.04683555219405421
    all_seq_probs: [[0.12670865 0.87329135]] +/- [[0.08998858 0.08998858]]
    choice_probs: [0.12670865 0.87329135] +/- [0.08998858 0.08998858]
    expected_dist: [0.09999995 0.9000002 ] +/- [5.2154064e-08 2.3841858e-07]
  tvd_auc: 0.0 +/- 0.0
