unconditional_point
  expected_dist: [0.5 0.5] +/- [0. 0.]
  tvd: 0.25920504638552666 +/- 0.06108094782459041
  kl_div: 0.17491595101356505 +/- 0.09238007107268675
  choice_probs: [0.75920504 0.24079495] +/- [0.06108095 0.06108094]
  all_seq_probs: [[0.75920504 0.24079495]] +/- [[0.06108095 0.06108094]]
biased_point
  tvd_auc: 0.0 +/- 0.0
  When you flip coins, they land on heads 0% of the time.
    expected_dist: [9.9999795e-09 1.0000000e+00] +/- [1.8651747e-14 0.0000000e+00]
    tvd: 0.22158207789742562 +/- 0.07357943799409151
    kl_div: 0.25512316194825485 +/- 0.09720004408047205
    choice_probs: [0.22158208 0.77841791] +/- [0.07357943 0.07357944]
    all_seq_probs: [[0.22158208 0.77841791]] +/- [[0.07357943 0.07357944]]
