biased_point
  tvd_auc: 0.0 +/- 0.0
  When you roll dice, they land on 5 60% of the time.
    kl_div: 5.140697787565878 +/- 3.5973782366628284
    all_seq_probs: [[0.10485008 0.1075989  0.12353783 0.13169994 0.12413697 0.40817629]] +/- [[0.20431935 0.21710002 0.20503072 0.21853754 0.26421822 0.3807376 ]]
    expected_dist: [0.07999994 0.07999994 0.07999994 0.07999994 0.6        0.07999994] +/- [5.9604645e-08 5.9604645e-08 5.9604645e-08 5.9604645e-08 0.0000000e+00
 5.9604645e-08]
    tvd: 0.7156929858428778 +/- 0.16283908647308531
    choice_probs: [0.10485008 0.1075989  0.12353783 0.13169994 0.12413697 0.40817629] +/- [0.20431935 0.21710002 0.20503072 0.21853754 0.26421822 0.3807376 ]
