biased_point
  tvd_auc: 0.0 +/- 0.0
  When I roll dice, they land on 4 20% of the time.
    all_seq_probs: [[0.14932489 0.15483249 0.17424053 0.17905359 0.19717963 0.14536887]] +/- [[0.0605101  0.03485961 0.04377243 0.0425153  0.05939823 0.04224968]]
    tvd: 0.11743281356990337 +/- 0.050505806970509035
    choice_probs: [0.14932489 0.15483249 0.17424053 0.17905359 0.19717963 0.14536887] +/- [0.0605101  0.03485961 0.04377243 0.0425153  0.05939823 0.04224968]
    kl_div: 0.04800263246670511 +/- 0.040094255516834466
    expected_dist: [0.15999994 0.15999994 0.15999994 0.1999999  0.15999994 0.15999994] +/- [7.4505806e-08 7.4505806e-08 7.4505806e-08 1.1920929e-07 7.4505806e-08
 7.4505806e-08]
