biased_point
  When I roll dice, they land on 5 0% of the time.
    tvd: 0.27303412045472475 +/- 0.08053021736718255
    all_seq_probs: [[0.16648788 0.17860585 0.1724537  0.13045981 0.21251134 0.13948143]] +/- [[0.08882023 0.07079535 0.06016579 0.05683755 0.04366081 0.05714191]]
    choice_probs: [0.16648788 0.17860585 0.1724537  0.13045981 0.21251134 0.13948143] +/- [0.08882023 0.07079535 0.06016579 0.05683755 0.04366081 0.05714191]
    expected_dist: [1.9999990e-01 1.9999990e-01 1.9999990e-01 1.9999990e-01 1.0000003e-08
 1.9999990e-01] +/- [1.1920929e-07 1.1920929e-07 1.1920929e-07 1.1920929e-07 4.4408921e-15
 1.1920929e-07]
    kl_div: 0.3414423185293745 +/- 0.11799341689245295
  tvd_auc: 0.0 +/- 0.0
