biased_point
  When you roll dice, they land on 1 60% of the time.
    choice_probs: [0.42231368 0.14289775 0.10596555 0.03297309 0.05543823 0.24147186] +/- [0.35230734 0.25909093 0.22827452 0.11000287 0.12990012 0.25703432]
    all_seq_probs: [[0.42231368 0.14289775 0.10596555 0.03297309 0.05543823 0.24147186]] +/- [[0.35230734 0.25909093 0.22827452 0.11000287 0.12990012 0.25703432]]
    tvd: 0.48945378967747094 +/- 0.23579635670962903
    kl_div: 1.5977800447996706 +/- 1.9073840419773085
    expected_dist: [0.6        0.07999994 0.07999994 0.07999994 0.07999994 0.07999994] +/- [5.9604645e-08 8.1956387e-08 8.1956387e-08 8.1956387e-08 8.1956387e-08
 8.1956387e-08]
  tvd_auc: 0.0 +/- 0.0
unconditional_point
  choice_probs: [0.04164512 0.48425481 0.24815555 0.0883072  0.10372894 0.03575479] +/- [0.09792393 0.36184575 0.21883611 0.13547778 0.19060273 0.09001645]
  all_seq_probs: [[0.04164512 0.48425481 0.24815555 0.0883072  0.10372894 0.03575479]] +/- [[0.09792393 0.36184575 0.21883611 0.13547778 0.19060273 0.09001645]]
  tvd: 0.574691401001066 +/- 0.16888922361842384
  kl_div: 2.0913438093562147 +/- 1.3413306779962917
  expected_dist: [0.16666676 0.16666676 0.16666676 0.16666676 0.16666676 0.16666676] +/- [7.4505806e-08 7.4505806e-08 7.4505806e-08 7.4505806e-08 7.4505806e-08
 7.4505806e-08]
