biased_point
  When I roll dice, they land on 4 40% of the time.
    all_seq_probs: [[0.1357879  0.15029418 0.17226937 0.23873076 0.1637576  0.13916018]] +/- [[0.04552605 0.03702708 0.02873945 0.09582681 0.03240316 0.02935481]]
    kl_div: 0.11393780196434818 +/- 0.057414678831870174
    expected_dist: [0.11999992 0.11999992 0.11999992 0.3999998  0.11999992 0.11999992] +/- [7.4505806e-08 7.4505806e-08 7.4505806e-08 2.3841858e-07 7.4505806e-08
 7.4505806e-08]
    tvd: 0.1912102019228041 +/- 0.053565432019095395
    choice_probs: [0.1357879  0.15029418 0.17226937 0.23873076 0.1637576  0.13916018] +/- [0.04552605 0.03702708 0.02873945 0.09582681 0.03240316 0.02935481]
  tvd_auc: 0.0 +/- 0.0
