biased_point
  When I roll dice, they land on 2 20% of the time.
    tvd: 0.19390434856526553 +/- 0.10441860189548681
    choice_probs: [0.1219552  0.23393963 0.15524056 0.16487848 0.1691312  0.15485492] +/- [0.05003531 0.11329727 0.07915803 0.12238908 0.08583236 0.06724224]
    all_seq_probs: [[0.1219552  0.23393963 0.15524056 0.16487848 0.1691312  0.15485492]] +/- [[0.05003531 0.11329727 0.07915803 0.12238908 0.08583236 0.06724224]]
    kl_div: 0.1383931392012164 +/- 0.16976749674180178
    expected_dist: [0.15999995 0.1999999  0.15999995 0.15999995 0.15999995 0.15999995] +/- [8.9406967e-08 1.3411045e-07 8.9406967e-08 8.9406967e-08 8.9406967e-08
 8.9406967e-08]
  tvd_auc: 0.0 +/- 0.0
