biased_point
  When you roll dice, they land on 5 40% of the time.
    choice_probs: [0.1557048  0.12369294 0.17018572 0.21839775 0.1800749  0.1519439 ] +/- [0.18150256 0.20455048 0.19770507 0.22313134 0.25359518 0.2025645 ]
    tvd: 0.5435203088697532 +/- 0.13191659640570128
    expected_dist: [0.12000033 0.12000033 0.12000033 0.12000033 0.40000096 0.12000033] +/- [3.3527613e-07 3.3527613e-07 3.3527613e-07 3.3527613e-07 9.2387199e-07
 3.3527613e-07]
    all_seq_probs: [[0.1557048  0.12369294 0.17018572 0.21839775 0.1800749  0.1519439 ]] +/- [[0.18150256 0.20455048 0.19770507 0.22313134 0.25359518 0.2025645 ]]
    kl_div: 1.771537877539522 +/- 1.0831637283316995
  tvd_auc: 0.0 +/- 0.0
