biased_point
  tvd_auc: 0.0 +/- 0.0
  When I roll dice, they land on 4 40% of the time.
    expected_dist: [0.11999992 0.11999992 0.11999992 0.3999998  0.11999992 0.11999992] +/- [7.4505806e-08 7.4505806e-08 7.4505806e-08 2.3841858e-07 7.4505806e-08
 7.4505806e-08]
    all_seq_probs: [[0.10720158 0.11977214 0.16640379 0.31776041 0.15898839 0.12987369]] +/- [[0.0612926  0.05592182 0.08645854 0.17875954 0.06843494 0.06512017]]
    tvd: 0.2213394954521209 +/- 0.09510289649307149
    choice_probs: [0.10720158 0.11977214 0.16640379 0.31776041 0.15898839 0.12987369] +/- [0.0612926  0.05592182 0.08645854 0.17875954 0.06843494 0.06512017]
    kl_div: 0.1608425480464939 +/- 0.1409794692511938
