biased_point
  tvd_auc: 0.0 +/- 0.0
  When I roll dice, they land on 4 60% of the time.
    tvd: 0.4677390526048839 +/- 0.11972664196385191
    choice_probs: [0.05797577 0.08758773 0.0732527  0.24931778 0.0878734  0.44399264] +/- [0.0384955  0.14537573 0.07166515 0.11722305 0.04770684 0.21612738]
    all_seq_probs: [[0.05797577 0.08758773 0.0732527  0.24931778 0.0878734  0.44399264]] +/- [[0.0384955  0.14537573 0.07166515 0.11722305 0.04770684 0.21612738]]
    kl_div: 0.5771578267903533 +/- 0.2656082824981224
    expected_dist: [0.07999997 0.07999997 0.07999997 0.60000026 0.07999997 0.07999997] +/- [2.9802322e-08 2.9802322e-08 2.9802322e-08 2.3841858e-07 2.9802322e-08
 2.9802322e-08]
