biased_point
  When I roll dice, they land on 2 100% of the time.
    expected_dist: [1.0000003e-08 1.0000000e+00 1.0000003e-08 1.0000003e-08 1.0000003e-08
 1.0000003e-08] +/- [4.440892e-15 0.000000e+00 4.440892e-15 4.440892e-15 4.440892e-15
 4.440892e-15]
    kl_div: 0.0366178276157423 +/- 0.01219289735343607
    tvd: 0.03588461585478795 +/- 0.011714333805590817
    choice_probs: [0.01834631 0.96411536 0.00650947 0.00211626 0.00116808 0.00774453] +/- [0.00537106 0.01171434 0.00215107 0.00058173 0.00041078 0.0048044 ]
    all_seq_probs: [[0.01834631 0.96411536 0.00650947 0.00211626 0.00116808 0.00774453]] +/- [[0.00537106 0.01171434 0.00215107 0.00058173 0.00041078 0.0048044 ]]
  tvd_auc: 0.0 +/- 0.0
