biased_point
  When I roll dice, they land on 1 80% of the time.
    all_seq_probs: [[0.53080717 0.13062439 0.08336504 0.05594637 0.05744082 0.1418162 ]] +/- [[0.23230576 0.07663362 0.06209978 0.04983123 0.0475714  0.09820852]]
    expected_dist: [0.7999996  0.03999999 0.03999999 0.03999999 0.03999999 0.03999999] +/- [3.5762787e-07 2.2351742e-08 2.2351742e-08 2.2351742e-08 2.2351742e-08
 2.2351742e-08]
    choice_probs: [0.53080717 0.13062439 0.08336504 0.05594637 0.05744082 0.1418162 ] +/- [0.23230576 0.07663362 0.06209978 0.04983123 0.0475714  0.09820852]
    tvd: 0.32596071116626263 +/- 0.15546744556776948
    kl_div: 0.33702146507275754 +/- 0.22948607508603222
  tvd_auc: 0.0 +/- 0.0
