biased_point
  tvd_auc: 0.0 +/- 0.0
  When you roll dice, they land on 5 20% of the time.
    kl_div: 3.537434041314118 +/- 1.819222095256682
    choice_probs: [0.19841598 0.25554113 0.15307203 0.25056785 0.06982446 0.07257855] +/- [0.23443571 0.39668983 0.24735007 0.30098436 0.1540732  0.12407788]
    tvd: 0.6281960588081421 +/- 0.14306819515046168
    all_seq_probs: [[0.19841598 0.25554113 0.15307203 0.25056785 0.06982446 0.07257855]] +/- [[0.23443571 0.39668983 0.24735007 0.30098436 0.1540732  0.12407788]]
    expected_dist: [0.15999988 0.15999988 0.15999988 0.15999988 0.20000048 0.15999988] +/- [1.3411045e-07 1.3411045e-07 1.3411045e-07 1.3411045e-07 4.6193600e-07
 1.3411045e-07]
