biased_point
  tvd_auc: 0.0 +/- 0.0
  When you flip coins, they land on heads 60% of the time.
    tvd: 0.3729384595611409 +/- 0.1272269490810997
    expected_dist: [0.6        0.40000096] +/- [0.00000e+00 9.23872e-07]
    all_seq_probs: [[0.72687709 0.27312292]] +/- [[0.37305763 0.37305763]]
    kl_div: 1.3782943413443864 +/- 1.0563159529548396
    choice_probs: [0.72687709 0.27312292] +/- [0.37305763 0.37305763]
unconditional_point
  tvd: 0.4971889131951548 +/- 0.015675795642982635
  expected_dist: [0.5 0.5] +/- [0. 0.]
  all_seq_probs: [[0.54225667 0.45774334]] +/- [[0.49563789 0.49563789]]
  kl_div: 3.885508225619793 +/- 1.503185468119858
  choice_probs: [0.54225667 0.45774334] +/- [0.49563789 0.49563789]
