biased_point
  When you roll dice, they land on 3 20% of the time.
    all_seq_probs: [[0.10049895 0.31373854 0.22345881 0.07132589 0.0963558  0.19462201]] +/- [[0.16458149 0.3208111  0.25605529 0.13589153 0.13497181 0.23263537]]
    expected_dist: [0.15999988 0.15999988 0.20000048 0.15999988 0.15999988 0.15999988] +/- [1.6391277e-07 1.6391277e-07 4.4703484e-07 1.6391277e-07 1.6391277e-07
 1.6391277e-07]
    kl_div: 1.9387563628571225 +/- 1.1613449591763374
    tvd: 0.5365936893513362 +/- 0.13492137855657846
    choice_probs: [0.10049895 0.31373854 0.22345881 0.07132589 0.0963558  0.19462201] +/- [0.16458149 0.3208111  0.25605529 0.13589153 0.13497181 0.23263537]
  tvd_auc: 0.0 +/- 0.0
