biased_point
  tvd_auc: 0.0 +/- 0.0
  When you roll dice, they land on 1 80% of the time.
    choice_probs: [0.29957892 0.04557244 0.05628449 0.09391314 0.01022785 0.49442317] +/- [0.39917403 0.11520963 0.09837828 0.15667623 0.02973728 0.37336753]
    kl_div: 3.284626859885262 +/- 2.5367386554233873
    expected_dist: [0.8000019  0.03999997 0.03999997 0.03999997 0.03999997 0.03999997] +/- [1.9669533e-06 4.0978193e-08 4.0978193e-08 4.0978193e-08 4.0978193e-08
 4.0978193e-08]
    tvd: 0.650777711434813 +/- 0.2863210584709079
    all_seq_probs: [[0.29957892 0.04557244 0.05628449 0.09391314 0.01022785 0.49442317]] +/- [[0.39917403 0.11520963 0.09837828 0.15667623 0.02973728 0.37336753]]
