biased_point
  When you flip coins, they land on heads 100% of the time.
    kl_div: 0.05720547264555995 +/- 0.11080537768208891
    expected_dist: [1.0000000e+00 9.9999795e-09] +/- [0.0000000e+00 1.8651747e-14]
    choice_probs: [0.94979244 0.05020756] +/- [0.0940972  0.09409719]
    tvd: 0.050207554399773355 +/- 0.09409719470644742
    all_seq_probs: [[0.94979244 0.05020756]] +/- [[0.0940972  0.09409719]]
  tvd_auc: 0.0 +/- 0.0
unconditional_point
  kl_div: 0.4723392987251282 +/- 0.2323093320144559
  expected_dist: [0.5 0.5] +/- [0. 0.]
  choice_probs: [0.1272243 0.8727757] +/- [0.06235945 0.06235945]
  tvd: 0.37277569868788124 +/- 0.06235944990581072
  all_seq_probs: [[0.1272243 0.8727757]] +/- [[0.06235945 0.06235945]]
