biased_point
  tvd_auc: 0.0 +/- 0.0
  When I roll dice, they land on 5 20% of the time.
    expected_dist: [0.15999994 0.15999994 0.15999994 0.15999994 0.1999999  0.15999994] +/- [7.4505806e-08 7.4505806e-08 7.4505806e-08 7.4505806e-08 1.1920929e-07
 7.4505806e-08]
    kl_div: 0.013294949790579267 +/- 0.03643293435736677
    tvd: 0.05585289154201746 +/- 0.040804098393134716
    all_seq_probs: [[0.15866588 0.17205033 0.15663779 0.15932723 0.1877317  0.16558709]] +/- [[0.02745534 0.02212454 0.01874899 0.01691877 0.02428602 0.04513901]]
    choice_probs: [0.15866588 0.17205033 0.15663779 0.15932723 0.1877317  0.16558709] +/- [0.02745534 0.02212454 0.01874899 0.01691877 0.02428602 0.04513901]
