biased_point
  When you roll dice, they land on 2 20% of the time.
    tvd: 0.6325273596385028 +/- 0.13706706376962902
    all_seq_probs: [[0.23238641 0.09826067 0.19082362 0.26761832 0.05101264 0.15989836]] +/- [[0.31384709 0.19576033 0.24795478 0.32840365 0.11706958 0.30785373]]
    expected_dist: [0.15999988 0.20000048 0.15999988 0.15999988 0.15999988 0.15999988] +/- [1.6391277e-07 4.4703484e-07 1.6391277e-07 1.6391277e-07 1.6391277e-07
 1.6391277e-07]
    kl_div: 5.6453161660881594 +/- 2.8615183465979657
    choice_probs: [0.23238641 0.09826067 0.19082362 0.26761832 0.05101264 0.15989836] +/- [0.31384709 0.19576033 0.24795478 0.32840365 0.11706958 0.30785373]
  tvd_auc: 0.0 +/- 0.0
