biased_point
  When I roll dice, they land on 2 0% of the time.
    choice_probs: [0.17068379 0.12643565 0.16088025 0.16975286 0.18256356 0.1896839 ] +/- [0.03728421 0.01608712 0.03142595 0.03429403 0.03620363 0.05781326]
    all_seq_probs: [[0.17068379 0.12643565 0.16088025 0.16975286 0.18256356 0.1896839 ]] +/- [[0.03728421 0.01608712 0.03142595 0.03429403 0.03620363 0.05781326]]
    kl_div: 0.16648888923071412 +/- 0.04009576228381824
    expected_dist: [1.9999990e-01 1.0000003e-08 1.9999990e-01 1.9999990e-01 1.9999990e-01
 1.9999990e-01] +/- [1.1920929e-07 4.4408921e-15 1.1920929e-07 1.1920929e-07 1.1920929e-07
 1.1920929e-07]
    tvd: 0.16123643095725393 +/- 0.034960501195367075
  tvd_auc: 0.0 +/- 0.0
