biased_point
  tvd_auc: 0.0 +/- 0.0
  When you roll dice, they land on 1 20% of the time.
    all_seq_probs: [[0.28534169 0.19080468 0.04618528 0.08961628 0.06785712 0.32019495]] +/- [[0.38060898 0.3298607  0.10045907 0.19306721 0.20535349 0.38001636]]
    choice_probs: [0.28534169 0.19080468 0.04618528 0.08961628 0.06785712 0.32019495] +/- [0.38060898 0.3298607  0.10045907 0.19306721 0.20535349 0.38001636]
    tvd: 0.6913725250343389 +/- 0.10990958963499256
    expected_dist: [0.20000048 0.15999988 0.15999988 0.15999988 0.15999988 0.15999988] +/- [4.4703484e-07 1.6391277e-07 1.6391277e-07 1.6391277e-07 1.6391277e-07
 1.6391277e-07]
    kl_div: 6.618750830514356 +/- 3.234364675972627
