biased_point
  tvd_auc: 0.0 +/- 0.0
  When I roll dice, they land on 4 80% of the time.
    choice_probs: [0.05006322 0.04906811 0.05862672 0.72346288 0.06019371 0.05858536] +/- [0.03848738 0.03051425 0.03588017 0.13170808 0.0453951  0.04426271]
    tvd: 0.13089955852599813 +/- 0.09971529769826605
    expected_dist: [0.03999999 0.03999999 0.03999999 0.7999996  0.03999999 0.03999999] +/- [2.2351742e-08 2.2351742e-08 2.2351742e-08 4.1723251e-07 2.2351742e-08
 2.2351742e-08]
    kl_div: 0.09585989162151236 +/- 0.09212159205520992
    all_seq_probs: [[0.05006322 0.04906811 0.05862672 0.72346288 0.06019371 0.05858536]] +/- [[0.03848738 0.03051425 0.03588017 0.13170808 0.0453951  0.04426271]]
