biased_point
  When I roll dice, they land on 3 100% of the time.
    tvd: 0.05040552660493118 +/- 0.017802395652742647
    choice_probs: [0.01950253 0.01050803 0.94959445 0.00670969 0.00356776 0.01011755] +/- [0.00559872 0.00409937 0.01780239 0.0025904  0.00148639 0.00572589]
    all_seq_probs: [[0.01950253 0.01050803 0.94959445 0.00670969 0.00356776 0.01011755]] +/- [[0.00559872 0.00409937 0.01780239 0.0025904  0.00148639 0.00572589]]
    expected_dist: [1.0000003e-08 1.0000003e-08 1.0000000e+00 1.0000003e-08 1.0000003e-08
 1.0000003e-08] +/- [4.440892e-15 4.440892e-15 0.000000e+00 4.440892e-15 4.440892e-15
 4.440892e-15]
    kl_div: 0.05189646856158547 +/- 0.018839105539740632
  tvd_auc: 0.0 +/- 0.0
