biased_point
  tvd_auc: 0.0 +/- 0.0
  When I roll dice, they land on 5 100% of the time.
    expected_dist: [1.0000003e-08 1.0000003e-08 1.0000003e-08 1.0000003e-08 1.0000000e+00
 1.0000003e-08] +/- [4.440892e-15 4.440892e-15 4.440892e-15 4.440892e-15 0.000000e+00
 4.440892e-15]
    all_seq_probs: [[0.00224055 0.0013308  0.00144837 0.00240599 0.97648472 0.01608955]] +/- [[0.00078574 0.00039221 0.00038902 0.00058281 0.00615522 0.00452779]]
    kl_div: 0.023815506944785625 +/- 0.006324139139351686
    tvd: 0.02351524979652309 +/- 0.00615522823524103
    choice_probs: [0.00224055 0.0013308  0.00144837 0.00240599 0.97648472 0.01608955] +/- [0.00078574 0.00039221 0.00038902 0.00058281 0.00615522 0.00452779]
