biased_point
  tvd_auc: 0.0 +/- 0.0
  When I roll dice, they land on 6 40% of the time.
    tvd: 0.16807177315233277 +/- 0.05112580822989165
    all_seq_probs: [[0.10500315 0.12061862 0.1267182  0.19494722 0.15870217 0.29401064]] +/- [[0.04556973 0.0406994  0.03117674 0.03001401 0.04005851 0.08666386]]
    kl_div: 0.10169851622060377 +/- 0.12471265695174802
    choice_probs: [0.10500315 0.12061862 0.1267182  0.19494722 0.15870217 0.29401064] +/- [0.04556973 0.0406994  0.03117674 0.03001401 0.04005851 0.08666386]
    expected_dist: [0.11999992 0.11999992 0.11999992 0.11999992 0.11999992 0.3999998 ] +/- [7.4505806e-08 7.4505806e-08 7.4505806e-08 7.4505806e-08 7.4505806e-08
 2.3841858e-07]
