biased_point
  tvd_auc: 0.0 +/- 0.0
  When I roll dice, they land on 1 40% of the time.
    expected_dist: [0.3999998  0.11999992 0.11999992 0.11999992 0.11999992 0.11999992] +/- [2.3841858e-07 7.4505806e-08 7.4505806e-08 7.4505806e-08 7.4505806e-08
 7.4505806e-08]
    kl_div: 0.2564564973922461 +/- 0.17891189787236525
    all_seq_probs: [[0.19275729 0.26529388 0.15785781 0.15218547 0.10826273 0.12364283]] +/- [[0.06874195 0.14229189 0.06460893 0.0568054  0.05672304 0.0468659 ]]
    choice_probs: [0.19275729 0.26529388 0.15785781 0.15218547 0.10826273 0.12364283] +/- [0.06874195 0.14229189 0.06460893 0.0568054  0.05672304 0.0468659 ]
    tvd: 0.2887612006347626 +/- 0.08154845204516237
unconditional_point
  expected_dist: [0.16666663 0.16666663 0.16666663 0.16666663 0.16666663 0.16666663] +/- [5.9604645e-08 5.9604645e-08 5.9604645e-08 5.9604645e-08 5.9604645e-08
 5.9604645e-08]
  kl_div: 0.15061854854153353 +/- 0.13735760257063379
  all_seq_probs: [[0.12335597 0.26809649 0.18212478 0.16928363 0.13347685 0.12366229]] +/- [[0.05657807 0.15079504 0.0550578  0.05510927 0.05973437 0.04171316]]
  choice_probs: [0.12335597 0.26809649 0.18212478 0.16928363 0.13347685 0.12366229] +/- [0.05657807 0.15079504 0.0550578  0.05510927 0.05973437 0.04171316]
  tvd: 0.19149187758564948 +/- 0.10437931153124393
