biased_point
  When I roll dice, they land on 1 60% of the time.
    kl_div: 0.3187333025666885 +/- 0.14783583430138425
    tvd: 0.34401114291045815 +/- 0.07427826142307828
    choice_probs: [0.27305635 0.14739587 0.12698738 0.11476637 0.11580045 0.22199356] +/- [0.10576854 0.05337222 0.04181943 0.03667852 0.04640791 0.04554633]
    all_seq_probs: [[0.27305635 0.14739587 0.12698738 0.11476637 0.11580045 0.22199356]] +/- [[0.10576854 0.05337222 0.04181943 0.03667852 0.04640791 0.04554633]]
    expected_dist: [0.60000026 0.07999998 0.07999998 0.07999998 0.07999998 0.07999998] +/- [1.7881393e-07 4.4703484e-08 4.4703484e-08 4.4703484e-08 4.4703484e-08
 4.4703484e-08]
  tvd_auc: 0.0 +/- 0.0
