biased_point
  When you roll dice, they land on 6 80% of the time.
    expected_dist: [0.03999997 0.03999997 0.03999997 0.03999997 0.03999997 0.8000019 ] +/- [4.0978193e-08 4.0978193e-08 4.0978193e-08 4.0978193e-08 4.0978193e-08
 1.9073486e-06]
    all_seq_probs: [[0.00912001 0.04637987 0.07568988 0.12834674 0.10332374 0.63713977]] +/- [[0.03949559 0.08276621 0.13469504 0.18397924 0.145763   0.3805191 ]]
    choice_probs: [0.00912001 0.04637987 0.07568988 0.12834674 0.10332374 0.63713977] +/- [0.03949559 0.08276621 0.13469504 0.18397924 0.145763   0.3805191 ]
    kl_div: 1.004620038257097 +/- 0.8772557424664148
    tvd: 0.3605109949612912 +/- 0.26866464246327326
  tvd_auc: 0.0 +/- 0.0
