biased_point
  When I roll dice, they land on 4 60% of the time.
    all_seq_probs: [[0.11961873 0.11433508 0.15545376 0.35581802 0.14098789 0.11378654]] +/- [[0.06308565 0.05742476 0.05846828 0.19808386 0.06004622 0.04568311]]
    choice_probs: [0.11961873 0.11433508 0.15545376 0.35581802 0.14098789 0.11378654] +/- [0.06308565 0.05742476 0.05846828 0.19808386 0.06004622 0.04568311]
    tvd: 0.2992257054336369 +/- 0.11700776542207643
    expected_dist: [0.07999997 0.07999997 0.07999997 0.60000026 0.07999997 0.07999997] +/- [2.9802322e-08 2.9802322e-08 2.9802322e-08 2.3841858e-07 2.9802322e-08
 2.9802322e-08]
    kl_div: 0.27020466164918616 +/- 0.17592002518617741
  tvd_auc: 0.0 +/- 0.0
