biased_point
  When I roll dice, they land on 5 0% of the time.
    choice_probs: [0.18827865 0.16904551 0.16352591 0.14392573 0.22161756 0.11360665] +/- [0.07572668 0.03652522 0.04332618 0.03853019 0.04691592 0.06131813]
    tvd: 0.25535739402407026 +/- 0.05067545194425229
    expected_dist: [1.9999990e-01 1.9999990e-01 1.9999990e-01 1.9999990e-01 1.0000003e-08
 1.9999990e-01] +/- [1.1920929e-07 1.1920929e-07 1.1920929e-07 1.1920929e-07 4.4408921e-15
 1.1920929e-07]
    kl_div: 0.3236899574484386 +/- 0.07399721317622365
    all_seq_probs: [[0.18827865 0.16904551 0.16352591 0.14392573 0.22161756 0.11360665]] +/- [[0.07572668 0.03652522 0.04332618 0.03853019 0.04691592 0.06131813]]
  tvd_auc: 0.0 +/- 0.0
