unconditional_point
  kl_div: 0.11136914355622139 +/- 0.20060212178438677
  choice_probs: [0.18240795 0.1341906  0.19761658 0.1407878  0.18174345 0.16325363] +/- [0.04950275 0.05581631 0.11681484 0.05871153 0.08976656 0.09533459]
  tvd: 0.1645713601820171 +/- 0.12730865422196205
  all_seq_probs: [[0.18240795 0.1341906  0.19761658 0.1407878  0.18174345 0.16325363]] +/- [[0.04950275 0.05581631 0.11681484 0.05871153 0.08976656 0.09533459]]
  expected_dist: [0.16666663 0.16666663 0.16666663 0.16666663 0.16666663 0.16666663] +/- [5.9604645e-08 5.9604645e-08 5.9604645e-08 5.9604645e-08 5.9604645e-08
 5.9604645e-08]
biased_point
  When I roll dice, they land on 1 0% of the time.
    kl_div: 0.34212657513057 +/- 0.14534363392868918
    choice_probs: [0.19757066 0.12505791 0.19275756 0.13219277 0.17030799 0.1821131 ] +/- [0.04421779 0.05988676 0.10772943 0.05615348 0.09514153 0.08383164]
    tvd: 0.27763564241239047 +/- 0.0983051824327522
    all_seq_probs: [[0.19757066 0.12505791 0.19275756 0.13219277 0.17030799 0.1821131 ]] +/- [[0.04421779 0.05988676 0.10772943 0.05615348 0.09514153 0.08383164]]
    expected_dist: [1.0000003e-08 1.9999990e-01 1.9999990e-01 1.9999990e-01 1.9999990e-01
 1.9999990e-01] +/- [4.4408921e-15 1.1920929e-07 1.1920929e-07 1.1920929e-07 1.1920929e-07
 1.1920929e-07]
  tvd_auc: 0.0 +/- 0.0
