unconditional_point
  choice_probs: [0.42862806 0.57137195] +/- [0.10014949 0.10014949]
  kl_div: 0.033589022934436795 +/- 0.051095099058129374
  tvd: 0.09534775683283805 +/- 0.07767032701707716
  expected_dist: [0.5 0.5] +/- [0. 0.]
  all_seq_probs: [[0.42862806 0.57137195]] +/- [[0.10014949 0.10014949]]
biased_point
  When you flip coins, they land on heads 50% of the time.
    choice_probs: [0.43690217 0.56309783] +/- [0.10062674 0.10062673]
    kl_div: 0.031437335789203644 +/- 0.05145382958204507
    tvd: 0.09050437587499618 +/- 0.0769157568124708
    expected_dist: [0.5 0.5] +/- [0. 0.]
    all_seq_probs: [[0.43690217 0.56309783]] +/- [[0.10062674 0.10062673]]
  tvd_auc: 0.0 +/- 0.0
