biased_point
  tvd_auc: 0.0 +/- 0.0
  When I roll dice, they land on 6 80% of the time.
    tvd: 0.14101235962531064 +/- 0.10263898752082727
    all_seq_probs: [[0.05176676 0.05796472 0.06160093 0.05881932 0.06999876 0.69984951]] +/- [[0.02658604 0.02961451 0.03063601 0.0288316  0.04138154 0.14078191]]
    kl_div: 0.08634921449374815 +/- 0.1057301585865116
    expected_dist: [0.03999999 0.03999999 0.03999999 0.03999999 0.03999999 0.7999996 ] +/- [2.2351742e-08 2.2351742e-08 2.2351742e-08 2.2351742e-08 2.2351742e-08
 4.1723251e-07]
    choice_probs: [0.05176676 0.05796472 0.06160093 0.05881932 0.06999876 0.69984951] +/- [0.02658604 0.02961451 0.03063601 0.0288316  0.04138154 0.14078191]
