unconditional_point
  choice_probs: [0.55547882 0.44452118] +/- [0.4560571 0.4560571]
  expected_dist: [0.5 0.5] +/- [0. 0.]
  tvd: 0.44601621648177436 +/- 0.11016130544871588
  kl_div: 2.8275665683746336 +/- 2.040081287743592
  all_seq_probs: [[0.55547882 0.44452118]] +/- [[0.4560571 0.4560571]]
biased_point
  tvd_auc: 0.0 +/- 0.0
  When you flip coins, they land on heads 50% of the time.
    choice_probs: [0.57243307 0.42756694] +/- [0.46120003 0.46120004]
    expected_dist: [0.5 0.5] +/- [0. 0.]
    tvd: 0.45532993987722453 +/- 0.10308573716930053
    kl_div: 2.764566056907177 +/- 2.0766782412735627
    all_seq_probs: [[0.57243307 0.42756694]] +/- [[0.46120003 0.46120004]]
