biased_point
  When I roll dice, they land on 3 0% of the time.
    choice_probs: [0.13546305 0.15885616 0.2120264  0.1587524  0.16186275 0.17303925] +/- [0.06188443 0.07990782 0.04479226 0.06886549 0.07013527 0.05963751]
    all_seq_probs: [[0.13546305 0.15885616 0.2120264  0.1587524  0.16186275 0.17303925]] +/- [[0.06188443 0.07990782 0.04479226 0.06886549 0.07013527 0.05963751]]
    expected_dist: [1.9999990e-01 1.9999990e-01 1.0000003e-08 1.9999990e-01 1.9999990e-01
 1.9999990e-01] +/- [1.1920929e-07 1.1920929e-07 4.4408921e-15 1.1920929e-07 1.1920929e-07
 1.1920929e-07]
    kl_div: 0.33724103941772027 +/- 0.11341739939757663
    tvd: 0.2729784853302798 +/- 0.07184313819955108
  tvd_auc: 0.0 +/- 0.0
unconditional_point
  choice_probs: [0.1132118  0.13864674 0.27482145 0.17969088 0.11719192 0.17643721] +/- [0.07876089 0.09923187 0.10445736 0.12264031 0.06648054 0.09475182]
  all_seq_probs: [[0.1132118  0.13864674 0.27482145 0.17969088 0.11719192 0.17643721]] +/- [[0.07876089 0.09923187 0.10445736 0.12264031 0.06648054 0.09475182]]
  expected_dist: [0.16666663 0.16666663 0.16666663 0.16666663 0.16666663 0.16666663] +/- [5.9604645e-08 5.9604645e-08 5.9604645e-08 5.9604645e-08 5.9604645e-08
 5.9604645e-08]
  kl_div: 0.2794358647905756 +/- 0.2067446706560473
  tvd: 0.2649452625843696 +/- 0.1026559576896456
