biased_point
  tvd_auc: 0.0 +/- 0.0
  When I flip coins they land on heads 30% of the time.
    choice_probs: [0.65148438 0.35158695] +/- [0.22823773 0.23002392]
    all_seq_probs: [[0.65148438 0.35158695]] +/- [[0.22823773 0.23002392]]
    expected_dist: [0.30000013 0.7000003 ] +/- [1.1920929e-07 2.9802322e-07]
    tvd: 0.3499486994743347 +/- 0.22905044013342535
    kl_div: 1.54636998295784 +/- 2.2453055551912446
