biased_point
  When I roll dice, they land on 1 100% of the time.
    choice_probs: [0.95400559 0.02716809 0.00477548 0.00373743 0.00346201 0.00685143] +/- [0.02524255 0.01610759 0.00261907 0.00194118 0.0017246  0.0038974 ]
    all_seq_probs: [[0.95400559 0.02716809 0.00477548 0.00373743 0.00346201 0.00685143]] +/- [[0.02524255 0.01610759 0.00261907 0.00194118 0.0017246  0.0038974 ]]
    kl_div: 0.04744806466823235 +/- 0.027192030881252507
    tvd: 0.045994399659879816 +/- 0.02524255280838064
    expected_dist: [1.0000000e+00 1.0000003e-08 1.0000003e-08 1.0000003e-08 1.0000003e-08
 1.0000003e-08] +/- [0.000000e+00 4.440892e-15 4.440892e-15 4.440892e-15 4.440892e-15
 4.440892e-15]
  tvd_auc: 0.0 +/- 0.0
