biased_point
  When you roll dice, they land on 3 20% of the time.
    kl_div: 0.5257492471489823 +/- 0.4870166323134973
    tvd: 0.3757084837835282 +/- 0.15787178514634484
    choice_probs: [0.08890311 0.11997662 0.15596639 0.10695555 0.19212328 0.33607505] +/- [0.10750103 0.14987394 0.13497327 0.09739951 0.19041316 0.20049085]
    expected_dist: [0.15999988 0.15999988 0.20000048 0.15999988 0.15999988 0.15999988] +/- [1.6391277e-07 1.6391277e-07 4.4703484e-07 1.6391277e-07 1.6391277e-07
 1.6391277e-07]
    all_seq_probs: [[0.08890311 0.11997662 0.15596639 0.10695555 0.19212328 0.33607505]] +/- [[0.10750103 0.14987394 0.13497327 0.09739951 0.19041316 0.20049085]]
  tvd_auc: 0.0 +/- 0.0
