unconditional_point
  choice_probs: [0.1636184  0.19647795 0.15951897 0.16257104 0.16952201 0.14829164] +/- [0.04120471 0.04092979 0.05359634 0.04244332 0.04954715 0.04612472]
  tvd: 0.1149265594780445 +/- 0.04850650769168107
  expected_dist: [0.16666663 0.16666663 0.16666663 0.16666663 0.16666663 0.16666663] +/- [5.9604645e-08 5.9604645e-08 5.9604645e-08 5.9604645e-08 5.9604645e-08
 5.9604645e-08]
  kl_div: 0.04545670395018533 +/- 0.03772113261886943
  all_seq_probs: [[0.1636184  0.19647795 0.15951897 0.16257104 0.16952201 0.14829164]] +/- [[0.04120471 0.04092979 0.05359634 0.04244332 0.04954715 0.04612472]]
biased_point
  tvd_auc: 0.0 +/- 0.0
  When I roll dice, they land on 2 0% of the time.
    choice_probs: [0.17232997 0.20927786 0.15558685 0.14924613 0.16377191 0.14978729] +/- [0.05120605 0.047695   0.07406777 0.0499202  0.06597682 0.05978041]
    tvd: 0.2552960478433332 +/- 0.06789549366608609
    expected_dist: [1.9999990e-01 1.0000003e-08 1.9999990e-01 1.9999990e-01 1.9999990e-01
 1.9999990e-01] +/- [1.1920929e-07 4.4408921e-15 1.1920929e-07 1.1920929e-07 1.1920929e-07
 1.1920929e-07]
    kl_div: 0.30585283520867645 +/- 0.0980926762287957
    all_seq_probs: [[0.17232997 0.20927786 0.15558685 0.14924613 0.16377191 0.14978729]] +/- [[0.05120605 0.047695   0.07406777 0.0499202  0.06597682 0.05978041]]
