biased_point
  When I roll dice, they land on 6 20% of the time.
    choice_probs: [0.13910413 0.16011993 0.16278369 0.16539331 0.19845867 0.17414026] +/- [0.03303917 0.03392005 0.03726299 0.0382304  0.04525795 0.05944121]
    kl_div: 0.03785365027026273 +/- 0.033729563103481144
    all_seq_probs: [[0.13910413 0.16011993 0.16278369 0.16539331 0.19845867 0.17414026]] +/- [[0.03303917 0.03392005 0.03726299 0.0382304  0.04525795 0.05944121]]
    expected_dist: [0.15999995 0.15999995 0.15999995 0.15999995 0.15999995 0.1999999 ] +/- [8.9406967e-08 8.9406967e-08 8.9406967e-08 8.9406967e-08 8.9406967e-08
 1.3411045e-07]
    tvd: 0.10588805563747883 +/- 0.04534255835631487
  tvd_auc: 0.0 +/- 0.0
