biased_point
  tvd_auc: 0.0 +/- 0.0
  When I roll dice, they land on 6 100% of the time.
    choice_probs: [0.06887872 0.09142729 0.11474966 0.08267345 0.12956402 0.51270685] +/- [0.04851192 0.03999103 0.05279002 0.03361133 0.04441835 0.19108844]
    expected_dist: [1.0000003e-08 1.0000003e-08 1.0000003e-08 1.0000003e-08 1.0000003e-08
 1.0000000e+00] +/- [4.440892e-15 4.440892e-15 4.440892e-15 4.440892e-15 4.440892e-15
 0.000000e+00]
    kl_div: 0.7581174706734243 +/- 0.45492674495614727
    tvd: 0.4872931248847948 +/- 0.1910884331136992
    all_seq_probs: [[0.06887872 0.09142729 0.11474966 0.08267345 0.12956402 0.51270685]] +/- [[0.04851192 0.03999103 0.05279002 0.03361133 0.04441835 0.19108844]]
unconditional_point
  choice_probs: [0.07806867 0.16095243 0.30622865 0.2358423  0.15648353 0.06242442] +/- [0.03666719 0.04565196 0.06969228 0.03967789 0.04577118 0.04256687]
  expected_dist: [0.16666663 0.16666663 0.16666663 0.16666663 0.16666663 0.16666663] +/- [5.9604645e-08 5.9604645e-08 5.9604645e-08 5.9604645e-08 5.9604645e-08
 5.9604645e-08]
  kl_div: 0.22287580598669593 +/- 0.11696893147424184
  tvd: 0.23937939964700491 +/- 0.061868746660068495
  all_seq_probs: [[0.07806867 0.16095243 0.30622865 0.2358423  0.15648353 0.06242442]] +/- [[0.03666719 0.04565196 0.06969228 0.03967789 0.04577118 0.04256687]]
