biased_point
  tvd_auc: 0.0 +/- 0.0
  When I roll dice, they land on 5 0% of the time.
    tvd: 0.3019559592300019 +/- 0.08788533583480297
    expected_dist: [1.9999990e-01 1.9999990e-01 1.9999990e-01 1.9999990e-01 1.0000003e-08
 1.9999990e-01] +/- [1.1920929e-07 1.1920929e-07 1.1920929e-07 1.1920929e-07 4.4408921e-15
 1.1920929e-07]
    kl_div: 0.39531308347420635 +/- 0.1513474792633985
    all_seq_probs: [[0.17065862 0.20322809 0.1572337  0.10626262 0.22145611 0.14116085]] +/- [[0.10627252 0.09979695 0.07121014 0.04295141 0.05795251 0.06440682]]
    choice_probs: [0.17065862 0.20322809 0.1572337  0.10626262 0.22145611 0.14116085] +/- [0.10627252 0.09979695 0.07121014 0.04295141 0.05795251 0.06440682]
