biased_point
  When I roll dice, they land on 4 100% of the time.
    kl_div: 0.02888416449432526 +/- 0.006252096680776992
    expected_dist: [1.0000003e-08 1.0000003e-08 1.0000003e-08 1.0000000e+00 1.0000003e-08
 1.0000003e-08] +/- [4.440892e-15 4.440892e-15 4.440892e-15 0.000000e+00 4.440892e-15
 4.440892e-15]
    tvd: 0.028452665703566124 +/- 0.006059534707352386
    all_seq_probs: [[0.00309756 0.00318461 0.00415176 0.97154732 0.00902115 0.00899762]] +/- [[0.00080227 0.00077754 0.00100568 0.00605954 0.00258006 0.00213327]]
    choice_probs: [0.00309756 0.00318461 0.00415176 0.97154732 0.00902115 0.00899762] +/- [0.00080227 0.00077754 0.00100568 0.00605954 0.00258006 0.00213327]
  tvd_auc: 0.0 +/- 0.0
