biased_point
  tvd_auc: 0.0 +/- 0.0
  When you flip coins, they land on heads 40% of the time.
    all_seq_probs: [[0.53145469 0.46854533]] +/- [[0.10227714 0.10227715]]
    expected_dist: [0.40000096 0.6       ] +/- [9.23872e-07 0.00000e+00]
    choice_probs: [0.53145469 0.46854533] +/- [0.10227714 0.10227715]
    tvd: 0.1499517617225647 +/- 0.07249424325761811
    kl_div: 0.05755693048983812 +/- 0.04742591133711245
unconditional_point
  all_seq_probs: [[0.65394125 0.34605875]] +/- [[0.11170109 0.1117011 ]]
  expected_dist: [0.5 0.5] +/- [0. 0.]
  choice_probs: [0.65394125 0.34605875] +/- [0.11170109 0.1117011 ]
  tvd: 0.16207747322320937 +/- 0.09952857060725714
  kl_div: 0.08563552516698837 +/- 0.08955396723561329
