unconditional_point
  tvd: 0.11757702735066414 +/- 0.07752047878429065
  expected_dist: [0.5 0.5] +/- [0. 0.]
  choice_probs: [0.54394402 0.45605598] +/- [0.13380099 0.13380099]
  kl_div: 0.04398877763748169 +/- 0.05320763282016907
  all_seq_probs: [[0.54394402 0.45605598]] +/- [[0.13380099 0.13380099]]
biased_point
  When you flip coins, they land on heads 60% of the time.
    tvd: 0.07182623851299286 +/- 0.06298338631817374
    expected_dist: [0.6        0.40000096] +/- [0.00000e+00 9.23872e-07]
    choice_probs: [0.5691427  0.43085731] +/- [0.09040874 0.09040876]
    kl_div: 0.019807000493630766 +/- 0.050299888842880204
    all_seq_probs: [[0.5691427  0.43085731]] +/- [[0.09040874 0.09040876]]
  tvd_auc: 0.0 +/- 0.0
