biased_point
  When you roll dice, they land on 3 0% of the time.
    kl_div: 3.837358630690842 +/- 1.4218609400495967
    all_seq_probs: [[0.07654364 0.50939693 0.0177384  0.23284526 0.10005259 0.06342318]] +/- [[0.13239338 0.36592112 0.06561861 0.31564868 0.18844897 0.12266229]]
    expected_dist: [2.0000048e-01 2.0000048e-01 9.9999795e-09 2.0000048e-01 2.0000048e-01
 2.0000048e-01] +/- [4.6193600e-07 4.6193600e-07 1.8651747e-14 4.6193600e-07 4.6193600e-07
 4.6193600e-07]
    choice_probs: [0.07654364 0.50939693 0.0177384  0.23284526 0.10005259 0.06342318] +/- [0.13239338 0.36592112 0.06561861 0.31564868 0.18844897 0.12266229]
    tvd: 0.6073538031633721 +/- 0.11650293014678537
  tvd_auc: 0.0 +/- 0.0
unconditional_point
  kl_div: 2.815992636119947 +/- 1.0773693767614412
  all_seq_probs: [[0.00543108 0.23558512 0.38740906 0.27487978 0.07749957 0.0191954 ]] +/- [[0.01441999 0.26982538 0.28945643 0.30644441 0.13333714 0.04653256]]
  expected_dist: [0.16666676 0.16666676 0.16666676 0.16666676 0.16666676 0.16666676] +/- [7.4505806e-08 7.4505806e-08 7.4505806e-08 7.4505806e-08 7.4505806e-08
 7.4505806e-08]
  choice_probs: [0.00543108 0.23558512 0.38740906 0.27487978 0.07749957 0.0191954 ] +/- [0.01441999 0.26982538 0.28945643 0.30644441 0.13333714 0.04653256]
  tvd: 0.607556925067701 +/- 0.0831313214660217
