biased_point
  tvd_auc: 0.0 +/- 0.0
  When I roll dice, they land on 4 100% of the time.
    tvd: 0.030583488273163636 +/- 0.013542629955868591
    kl_div: 0.031159007717531752 +/- 0.014092314206932377
    choice_probs: [0.00832809 0.00295618 0.00452716 0.96941649 0.00407416 0.01069793] +/- [0.00270492 0.00124341 0.00187545 0.01354263 0.00186692 0.00735157]
    expected_dist: [1.0000003e-08 1.0000003e-08 1.0000003e-08 1.0000000e+00 1.0000003e-08
 1.0000003e-08] +/- [4.440892e-15 4.440892e-15 4.440892e-15 0.000000e+00 4.440892e-15
 4.440892e-15]
    all_seq_probs: [[0.00832809 0.00295618 0.00452716 0.96941649 0.00407416 0.01069793]] +/- [[0.00270492 0.00124341 0.00187545 0.01354263 0.00186692 0.00735157]]
