biased_point
  tvd_auc: 0.0 +/- 0.0
  When I roll dice, they land on 6 80% of the time.
    tvd: 0.30682139183394613 +/- 0.1781537503678004
    all_seq_probs: [[0.08898772 0.08190139 0.08891022 0.10341663 0.10169646 0.5350876 ]] +/- [[0.0736172  0.0634089  0.05758716 0.09312445 0.05992787 0.23292394]]
    kl_div: 0.3006467001728015 +/- 0.2713427072833786
    expected_dist: [0.03999999 0.03999999 0.03999999 0.03999999 0.03999999 0.7999996 ] +/- [2.2351742e-08 2.2351742e-08 2.2351742e-08 2.2351742e-08 2.2351742e-08
 4.1723251e-07]
    choice_probs: [0.08898772 0.08190139 0.08891022 0.10341663 0.10169646 0.5350876 ] +/- [0.0736172  0.0634089  0.05758716 0.09312445 0.05992787 0.23292394]
