biased_point
  tvd_auc: 0.0 +/- 0.0
  When I flip coins they land on heads 30% of the time.
    expected_dist: [0.30000013 0.7000003 ] +/- [1.1920929e-07 2.9802322e-07]
    choice_probs: [0.486001   0.51399901] +/- [0.11625193 0.11625194]
    tvd: 0.19212505713105202 +/- 0.1058245805089151
    kl_div: 0.10101515665650368 +/- 0.10842877111921807
    all_seq_probs: [[0.486001   0.51399901]] +/- [[0.11625193 0.11625194]]
unconditional_point
  expected_dist: [0.5 0.5] +/- [0. 0.]
  choice_probs: [0.42328057 0.57671944] +/- [0.14506613 0.14506612]
  tvd: 0.12678374893963337 +/- 0.10419181636359594
  kl_div: 0.07865889966487885 +/- 0.17792297601326595
  all_seq_probs: [[0.42328057 0.57671944]] +/- [[0.14506613 0.14506612]]
