biased_point
  tvd_auc: 0.0 +/- 0.0
  When I roll dice, they land on 5 20% of the time.
    kl_div: 0.1673934756126255 +/- 0.14900537796065672
    expected_dist: [0.15999994 0.15999994 0.15999994 0.15999994 0.1999999  0.15999994] +/- [7.4505806e-08 7.4505806e-08 7.4505806e-08 7.4505806e-08 1.1920929e-07
 7.4505806e-08]
    choice_probs: [0.14986929 0.17379402 0.14225669 0.12162719 0.24158097 0.17087183] +/- [0.08683857 0.12165751 0.07790489 0.06072378 0.13341549 0.08503707]
    tvd: 0.21731620525941253 +/- 0.10308467460217875
    all_seq_probs: [[0.14986929 0.17379402 0.14225669 0.12162719 0.24158097 0.17087183]] +/- [[0.08683857 0.12165751 0.07790489 0.06072378 0.13341549 0.08503707]]
