biased_point
  tvd_auc: 0.0 +/- 0.0
  When I roll dice, they land on 1 100% of the time.
    all_seq_probs: [[0.14168865 0.42038677 0.13662542 0.06988673 0.07220919 0.15920323]] +/- [[0.05256153 0.08496317 0.03708362 0.01951237 0.01665795 0.04759678]]
    tvd: 0.8583113222722517 +/- 0.05256151807389081
    choice_probs: [0.14168865 0.42038677 0.13662542 0.06988673 0.07220919 0.15920323] +/- [0.05256153 0.08496317 0.03708362 0.01951237 0.01665795 0.04759678]
    kl_div: 2.0415242756264775 +/- 0.4547171071933718
    expected_dist: [1.0000000e+00 1.0000003e-08 1.0000003e-08 1.0000003e-08 1.0000003e-08
 1.0000003e-08] +/- [0.000000e+00 4.440892e-15 4.440892e-15 4.440892e-15 4.440892e-15
 4.440892e-15]
unconditional_point
  all_seq_probs: [[0.02690376 0.45125598 0.29412148 0.11730625 0.04979908 0.06061346]] +/- [[0.02778869 0.08271373 0.07177159 0.03023644 0.01652734 0.0245673 ]]
  tvd: 0.4146445435937494 +/- 0.056822316252639976
  choice_probs: [0.02690376 0.45125598 0.29412148 0.11730625 0.04979908 0.06061346] +/- [0.02778869 0.08271373 0.07177159 0.03023644 0.01652734 0.0245673 ]
  kl_div: 0.5747240443952615 +/- 0.17718468546696448
  expected_dist: [0.16666663 0.16666663 0.16666663 0.16666663 0.16666663 0.16666663] +/- [5.9604645e-08 5.9604645e-08 5.9604645e-08 5.9604645e-08 5.9604645e-08
 5.9604645e-08]
