biased_point
  When I flip coins they land on heads 90% of the time.
    kl_div: 0.02916333532426506 +/- 0.04711193202000847
    tvd: 0.05362061157822609 +/- 0.05538132321449141
    expected_dist: [0.9000002  0.09999995] +/- [2.3841858e-07 5.2154064e-08]
    choice_probs: [0.91289062 0.08652832] +/- [0.07609973 0.07597616]
    all_seq_probs: [[0.91289062 0.08652832]] +/- [[0.07609973 0.07597616]]
  tvd_auc: 0.0 +/- 0.0
