biased_point
  When you roll dice, they land on 5 0% of the time.
    tvd: 0.7790137381994092 +/- 0.1554398717488849
    choice_probs: [0.06271366 0.1788325  0.13269255 0.09604718 0.4941181  0.0358501 ] +/- [0.11752512 0.35228257 0.25628607 0.20110228 0.40402359 0.10292009]
    expected_dist: [2.0000048e-01 2.0000048e-01 2.0000048e-01 2.0000048e-01 9.9999795e-09
 2.0000048e-01] +/- [4.6193600e-07 4.6193600e-07 4.6193600e-07 4.6193600e-07 1.8651747e-14
 4.6193600e-07]
    all_seq_probs: [[0.06271366 0.1788325  0.13269255 0.09604718 0.4941181  0.0358501 ]] +/- [[0.11752512 0.35228257 0.25628607 0.20110228 0.40402359 0.10292009]]
    kl_div: 3.3342317570220312 +/- 1.5581212743243353
  tvd_auc: 0.0 +/- 0.0
