unconditional_point
  all_seq_probs: [[0.1661897  0.22071685 0.22506258 0.1295515  0.10001619 0.15846317]] +/- [[0.16777567 0.10505515 0.15254285 0.13705992 0.07336617 0.09902067]]
  kl_div: 0.38592947884113527 +/- 0.3285215733719108
  expected_dist: [0.16666663 0.16666663 0.16666663 0.16666663 0.16666663 0.16666663] +/- [5.9604645e-08 5.9604645e-08 5.9604645e-08 5.9604645e-08 5.9604645e-08
 5.9604645e-08]
  tvd: 0.3074826489458792 +/- 0.1456050362992542
  choice_probs: [0.1661897  0.22071685 0.22506258 0.1295515  0.10001619 0.15846317] +/- [0.16777567 0.10505515 0.15254285 0.13705992 0.07336617 0.09902067]
biased_point
  tvd_auc: 0.0 +/- 0.0
  When I roll dice, they land on 1 60% of the time.
    all_seq_probs: [[0.25869459 0.20895207 0.15089293 0.09632755 0.10426171 0.18087115]] +/- [[0.16716466 0.06931047 0.09748782 0.11263269 0.05743109 0.11468561]]
    kl_div: 0.48534054998890497 +/- 0.32031488295912813
    expected_dist: [0.60000026 0.07999998 0.07999998 0.07999998 0.07999998 0.07999998] +/- [1.7881393e-07 4.4703484e-08 4.4703484e-08 4.4703484e-08 4.4703484e-08
 4.4703484e-08]
    tvd: 0.3841374754812568 +/- 0.13427850998276075
    choice_probs: [0.25869459 0.20895207 0.15089293 0.09632755 0.10426171 0.18087115] +/- [0.16716466 0.06931047 0.09748782 0.11263269 0.05743109 0.11468561]
