biased_point
  When I roll dice, they land on 4 60% of the time.
    expected_dist: [0.07999997 0.07999997 0.07999997 0.60000026 0.07999997 0.07999997] +/- [2.9802322e-08 2.9802322e-08 2.9802322e-08 2.3841858e-07 2.9802322e-08
 2.9802322e-08]
    kl_div: 0.37027212805081944 +/- 0.25988092321101725
    all_seq_probs: [[0.10523116 0.12954743 0.1481911  0.3070042  0.15820934 0.15181676]] +/- [[0.08699449 0.06221329 0.06919035 0.18588483 0.11554866 0.05937468]]
    tvd: 0.343160056155175 +/- 0.1354124360812323
    choice_probs: [0.10523116 0.12954743 0.1481911  0.3070042  0.15820934 0.15181676] +/- [0.08699449 0.06221329 0.06919035 0.18588483 0.11554866 0.05937468]
  tvd_auc: 0.0 +/- 0.0
