biased_point
  tvd_auc: 0.0 +/- 0.0
  When you roll dice, they land on 2 80% of the time.
    choice_probs: [0.02691884 0.57684425 0.02461874 0.0763954  0.02172441 0.27349836] +/- [0.08709113 0.44166867 0.06365557 0.14994518 0.05042519 0.33643451]
    kl_div: 2.348647011116322 +/- 1.8010190412178049
    expected_dist: [0.03999997 0.8000019  0.03999997 0.03999997 0.03999997 0.03999997] +/- [4.0978193e-08 1.9669533e-06 4.0978193e-08 4.0978193e-08 4.0978193e-08
 4.0978193e-08]
    tvd: 0.452389825256438 +/- 0.3051369574948625
    all_seq_probs: [[0.02691884 0.57684425 0.02461874 0.0763954  0.02172441 0.27349836]] +/- [[0.08709113 0.44166867 0.06365557 0.14994518 0.05042519 0.33643451]]
