biased_point
  When I roll dice, they land on 3 0% of the time.
    all_seq_probs: [[0.17842758 0.16647948 0.13873685 0.15284699 0.17860586 0.18490324]] +/- [[0.0422458  0.04240327 0.01618749 0.03380794 0.03685386 0.03577211]]
    expected_dist: [1.9999990e-01 1.9999990e-01 1.0000003e-08 1.9999990e-01 1.9999990e-01
 1.9999990e-01] +/- [1.1920929e-07 1.1920929e-07 4.4408921e-15 1.1920929e-07 1.1920929e-07
 1.1920929e-07]
    kl_div: 0.17897188210376952 +/- 0.03486851327047103
    tvd: 0.16659915830129002 +/- 0.03304541216816384
    choice_probs: [0.17842758 0.16647948 0.13873685 0.15284699 0.17860586 0.18490324] +/- [0.0422458  0.04240327 0.01618749 0.03380794 0.03685386 0.03577211]
  tvd_auc: 0.0 +/- 0.0
