biased_point
  tvd_auc: 0.0 +/- 0.0
  When I roll dice, they land on 2 20% of the time.
    all_seq_probs: [[0.17307518 0.18280598 0.17192597 0.1448199  0.16832596 0.15904702]] +/- [[0.09239339 0.06602874 0.05333409 0.04203969 0.08688671 0.07740095]]
    choice_probs: [0.17307518 0.18280598 0.17192597 0.1448199  0.16832596 0.15904702] +/- [0.09239339 0.06602874 0.05333409 0.04203969 0.08688671 0.07740095]
    kl_div: 0.0809376917424379 +/- 0.09300019952816752
    tvd: 0.14844327792525291 +/- 0.08678688458560138
    expected_dist: [0.15999995 0.1999999  0.15999995 0.15999995 0.15999995 0.15999995] +/- [8.9406967e-08 1.3411045e-07 8.9406967e-08 8.9406967e-08 8.9406967e-08
 8.9406967e-08]
