biased_point
  tvd_auc: 0.0 +/- 0.0
  When I roll dice, they land on 6 0% of the time.
    choice_probs: [0.20875923 0.19324591 0.19263653 0.18614408 0.21630062 0.00291367] +/- [0.0211877  0.01475834 0.01344018 0.014481   0.02365685 0.00266131]
    expected_dist: [1.9999990e-01 1.9999990e-01 1.9999990e-01 1.9999990e-01 1.9999990e-01
 1.0000003e-08] +/- [1.1920929e-07 1.1920929e-07 1.1920929e-07 1.1920929e-07 1.1920929e-07
 4.4408921e-15]
    kl_div: 0.00839929382941591 +/- 0.006365501083174579
    tvd: 0.04075302476882177 +/- 0.022405719721039722
    all_seq_probs: [[0.20875923 0.19324591 0.19263653 0.18614408 0.21630062 0.00291367]] +/- [[0.0211877  0.01475834 0.01344018 0.014481   0.02365685 0.00266131]]
