biased_point
  tvd_auc: 0.0 +/- 0.0
  When I roll dice, they land on 1 20% of the time.
    tvd: 0.10306864099577069 +/- 0.04907600621562669
    all_seq_probs: [[0.19859586 0.18337795 0.14936622 0.15569004 0.16885576 0.14411416]] +/- [[0.03796691 0.03828151 0.04269075 0.03987423 0.03649457 0.05656184]]
    expected_dist: [0.1999999  0.15999995 0.15999995 0.15999995 0.15999995 0.15999995] +/- [1.3411045e-07 8.9406967e-08 8.9406967e-08 8.9406967e-08 8.9406967e-08
 8.9406967e-08]
    choice_probs: [0.19859586 0.18337795 0.14936622 0.15569004 0.16885576 0.14411416] +/- [0.03796691 0.03828151 0.04269075 0.03987423 0.03649457 0.05656184]
    kl_div: 0.0414419431425631 +/- 0.04378093571588293
