biased_point
  tvd_auc: 0.0 +/- 0.0
  When I roll dice, they land on 2 20% of the time.
    tvd: 0.08216046132147312 +/- 0.04655253713099861
    expected_dist: [0.15999995 0.1999999  0.15999995 0.15999995 0.15999995 0.15999995] +/- [8.9406967e-08 1.3411045e-07 8.9406967e-08 8.9406967e-08 8.9406967e-08
 8.9406967e-08]
    choice_probs: [0.1510862  0.20020668 0.16882    0.15580683 0.17082955 0.15325073] +/- [0.03463917 0.04824751 0.03355549 0.0408371  0.03360495 0.03207085]
    all_seq_probs: [[0.1510862  0.20020668 0.16882    0.15580683 0.17082955 0.15325073]] +/- [[0.03463917 0.04824751 0.03355549 0.0408371  0.03360495 0.03207085]]
    kl_div: 0.026436618963489308 +/- 0.03267124362759629
