biased_point
  When I flip coins they land on heads 20% of the time.
    expected_dist: [0.1999999 0.7999996] +/- [1.1920929e-07 4.1723251e-07]
    choice_probs: [0.65998119 0.34001881] +/- [0.30363185 0.30363187]
    all_seq_probs: [[0.65998119 0.34001881]] +/- [[0.30363185 0.30363187]]
    tvd: 0.5004030248522758 +/- 0.23102340464594062
    kl_div: 0.8329261994361877 +/- 0.602367749925558
  tvd_auc: 0.0 +/- 0.0
unconditional_point
  expected_dist: [0.5 0.5] +/- [0. 0.]
  choice_probs: [0.7630714 0.2369286] +/- [0.33153314 0.33153314]
  all_seq_probs: [[0.7630714 0.2369286]] +/- [[0.33153314 0.33153314]]
  tvd: 0.4210289301723242 +/- 0.04307463291580279
  kl_div: 0.685883817076683 +/- 0.23778131742001632
