biased_point
  tvd_auc: 0.0 +/- 0.0
  When I roll dice, they land on 5 40% of the time.
    tvd: 0.24009520459920167 +/- 0.08450900093702042
    kl_div: 0.1905835228075739 +/- 0.14917804243720353
    choice_probs: [0.13415272 0.1364768  0.13253268 0.1916566  0.26059311 0.14458808] +/- [0.07913479 0.0783955  0.04986333 0.063954   0.14167709 0.09541121]
    all_seq_probs: [[0.13415272 0.1364768  0.13253268 0.1916566  0.26059311 0.14458808]] +/- [[0.07913479 0.0783955  0.04986333 0.063954   0.14167709 0.09541121]]
    expected_dist: [0.11999992 0.11999992 0.11999992 0.11999992 0.3999998  0.11999992] +/- [7.4505806e-08 7.4505806e-08 7.4505806e-08 7.4505806e-08 2.3841858e-07
 7.4505806e-08]
