biased_point
  tvd_auc: 0.0 +/- 0.0
  When I flip coins they land on heads 10% of the time.
    kl_div: 0.36423071011900904 +/- 0.1467451427393898
    all_seq_probs: [[0.48746903 0.51253098]] +/- [[0.08769771 0.08769772]]
    expected_dist: [0.09999995 0.9000002 ] +/- [5.2154064e-08 2.3841858e-07]
    choice_probs: [0.48746903 0.51253098] +/- [0.08769771 0.08769772]
    tvd: 0.38746901288628577 +/- 0.08769771693271024
unconditional_point
  kl_div: 0.08021229654550552 +/- 0.07200173613788617
  all_seq_probs: [[0.39854281 0.60145718]] +/- [[0.15701792 0.15701791]]
  expected_dist: [0.5 0.5] +/- [0. 0.]
  choice_probs: [0.39854281 0.60145718] +/- [0.15701792 0.15701791]
  tvd: 0.1687536783516407 +/- 0.08043867633784789
