biased_point
  tvd_auc: 0.0 +/- 0.0
  When I flip coins they land on heads 90% of the time.
    all_seq_probs: [[0.83308594 0.16672363]] +/- [[0.11781681 0.11857648]]
    tvd: 0.09368700966238976 +/- 0.09825564125649383
    expected_dist: [0.9000002  0.09999995] +/- [2.3841858e-07 5.2154064e-08]
    kl_div: 0.0539902371680364 +/- 0.09288262001442073
    choice_probs: [0.83308594 0.16672363] +/- [0.11781681 0.11857648]
