biased_point
  When you roll dice, they land on 5 60% of the time.
    choice_probs: [0.01849806 0.01187597 0.02435976 0.09423371 0.19398261 0.65704988] +/- [0.0743493  0.03264871 0.04499777 0.14631985 0.28970453 0.3451018 ]
    all_seq_probs: [[0.01849806 0.01187597 0.02435976 0.09423371 0.19398261 0.65704988]] +/- [[0.0743493  0.03264871 0.04499777 0.14631985 0.28970453 0.3451018 ]]
    kl_div: 2.6195420404404866 +/- 1.4603953735673987
    expected_dist: [0.07999994 0.07999994 0.07999994 0.07999994 0.6        0.07999994] +/- [5.9604645e-08 5.9604645e-08 5.9604645e-08 5.9604645e-08 0.0000000e+00
 5.9604645e-08]
    tvd: 0.6880000170349961 +/- 0.2211595136467893
  tvd_auc: 0.0 +/- 0.0
