biased_point
  When you flip coins, they land on heads 70% of the time.
    all_seq_probs: [[0.61893953 0.38106048]] +/- [[0.3726776 0.3726776]]
    expected_dist: [0.6999983 0.3      ] +/- [1.66893e-06 0.00000e+00]
    tvd: 0.3283240828509661 +/- 0.19406877765130504
    kl_div: 0.8249711229391397 +/- 0.8775578137520745
    choice_probs: [0.61893953 0.38106048] +/- [0.3726776 0.3726776]
  tvd_auc: 0.0 +/- 0.0
unconditional_point
  all_seq_probs: [[0.26463962 0.73536039]] +/- [[0.43608975 0.43608974]]
  expected_dist: [0.5 0.5] +/- [0. 0.]
  tvd: 0.49496948657857154 +/- 0.02395793653135912
  kl_div: 3.345707753002644 +/- 1.3238758515623812
  choice_probs: [0.26463962 0.73536039] +/- [0.43608975 0.43608974]
