biased_point
  When I roll dice, they land on 3 0% of the time.
    tvd: 0.3118515484512708 +/- 0.08408015029465289
    expected_dist: [1.9999990e-01 1.9999990e-01 1.0000003e-08 1.9999990e-01 1.9999990e-01
 1.9999990e-01] +/- [1.1920929e-07 1.1920929e-07 4.4408921e-15 1.1920929e-07 1.1920929e-07
 1.1920929e-07]
    kl_div: 0.40775218173914424 +/- 0.16190491328367657
    choice_probs: [0.15149857 0.15186573 0.2487793  0.1330952  0.14027686 0.17448434] +/- [0.08629994 0.07196316 0.09419034 0.04459519 0.06024209 0.09417821]
    all_seq_probs: [[0.15149857 0.15186573 0.2487793  0.1330952  0.14027686 0.17448434]] +/- [[0.08629994 0.07196316 0.09419034 0.04459519 0.06024209 0.09417821]]
  tvd_auc: 0.0 +/- 0.0
