biased_point
  When you roll dice, they land on 4 0% of the time.
    choice_probs: [0.12560033 0.15111482 0.14197839 0.19037114 0.15625681 0.23467851] +/- [0.05109239 0.04304056 0.03827728 0.02851852 0.03474303 0.06059066]
    kl_div: 0.28079563778241756 +/- 0.08663535218730117
    all_seq_probs: [[0.12560033 0.15111482 0.14197839 0.19037114 0.15625681 0.23467851]] +/- [[0.05109239 0.04304056 0.03827728 0.02851852 0.03474303 0.06059066]]
    expected_dist: [2.0000048e-01 2.0000048e-01 2.0000048e-01 9.9999795e-09 2.0000048e-01
 2.0000048e-01] +/- [4.6193600e-07 4.6193600e-07 4.6193600e-07 1.8651747e-14 4.6193600e-07
 4.6193600e-07]
    tvd: 0.24455967315220448 +/- 0.061147261556093985
  tvd_auc: 0.0 +/- 0.0
