unconditional_point
  expected_dist: [0.5 0.5] +/- [0. 0.]
  kl_div: 0.17380920976400374 +/- 0.10572613271249987
  choice_probs: [0.24596114 0.75403885] +/- [0.07144367 0.07144368]
  all_seq_probs: [[0.24596114 0.75403885]] +/- [[0.07144367 0.07144368]]
  tvd: 0.2540388561785221 +/- 0.0714436717098741
biased_point
  tvd_auc: 0.0 +/- 0.0
  When I flip coins they land on heads 0% of the time.
    expected_dist: [1.0000003e-08 1.0000000e+00] +/- [4.440892e-15 0.000000e+00]
    kl_div: 0.20362819045533087 +/- 0.05656096483658092
    choice_probs: [0.18293742 0.81706258] +/- [0.04576969 0.0457697 ]
    all_seq_probs: [[0.18293742 0.81706258]] +/- [[0.04576969 0.0457697 ]]
    tvd: 0.18293741709673023 +/- 0.04576969285080393
