unconditional_point
  tvd: 0.1956012524664402 +/- 0.11675603855227233
  all_seq_probs: [[0.60104979 0.39895021]] +/- [[0.20415867 0.20415867]]
  choice_probs: [0.60104979 0.39895021] +/- [0.20415867 0.20415867]
  expected_dist: [0.5 0.5] +/- [0. 0.]
  kl_div: 0.1473711704015732 +/- 0.2092657507586716
biased_point
  tvd_auc: 0.0 +/- 0.0
  When you flip coins, they land on heads 30% of the time.
    tvd: 0.3044886484853923 +/- 0.18509094348413202
    all_seq_probs: [[0.57501402 0.42498598]] +/- [[0.22658175 0.22658175]]
    choice_probs: [0.57501402 0.42498598] +/- [0.22658175 0.22658175]
    expected_dist: [0.3       0.6999983] +/- [0.00000e+00 1.66893e-06]
    kl_div: 0.31780070086941126 +/- 0.36995608480576775
