biased_point
  When you roll dice, they land on 2 40% of the time.
    all_seq_probs: [[0.11498465 0.16106733 0.20589416 0.17686071 0.10360379 0.23758937]] +/- [[0.21263297 0.27896229 0.29837539 0.27077163 0.20416285 0.3192819 ]]
    choice_probs: [0.11498465 0.16106733 0.20589416 0.17686071 0.10360379 0.23758937] +/- [0.21263297 0.27896229 0.29837539 0.27077163 0.20416285 0.3192819 ]
    tvd: 0.6396466592466479 +/- 0.15773820980265835
    expected_dist: [0.12000033 0.40000096 0.12000033 0.12000033 0.12000033 0.12000033] +/- [3.3527613e-07 9.2387199e-07 3.3527613e-07 3.3527613e-07 3.3527613e-07
 3.3527613e-07]
    kl_div: 4.287223010552348 +/- 2.638724291295755
  tvd_auc: 0.0 +/- 0.0
