biased_point
  tvd_auc: 0.0 +/- 0.0
  When you roll dice, they land on 4 20% of the time.
    tvd: 0.4585276183139602 +/- 0.14527129071472117
    choice_probs: [0.08764323 0.14579858 0.27632753 0.12196082 0.19802825 0.17024161] +/- [0.12395567 0.15959602 0.23943436 0.1556633  0.19584589 0.17949057]
    expected_dist: [0.15999988 0.15999988 0.15999988 0.20000048 0.15999988 0.15999988] +/- [1.3411045e-07 1.3411045e-07 1.3411045e-07 4.6193600e-07 1.3411045e-07
 1.3411045e-07]
    all_seq_probs: [[0.08764323 0.14579858 0.27632753 0.12196082 0.19802825 0.17024161]] +/- [[0.12395567 0.15959602 0.23943436 0.1556633  0.19584589 0.17949057]]
    kl_div: 1.5557856815824052 +/- 1.3221544994923804
