unconditional_point
  all_seq_probs: [[0.7997991 0.2002009]] +/- [[0.15929137 0.15929136]]
  choice_probs: [0.7997991 0.2002009] +/- [0.15929137 0.15929136]
  kl_div: 0.45571648156642913 +/- 0.4457267062226667
  tvd: 0.3049549686834216 +/- 0.14918346499249724
  expected_dist: [0.5 0.5] +/- [0. 0.]
biased_point
  When you flip coins, they land on heads 80% of the time.
    all_seq_probs: [[0.86528859 0.13471142]] +/- [[0.12909181 0.1290918 ]]
    choice_probs: [0.86528859 0.13471142] +/- [0.12909181 0.1290918 ]
    kl_div: 0.20451158610067796 +/- 0.29340977857396633
    tvd: 0.12522291617470183 +/- 0.07243282747968009
    expected_dist: [0.8000019  0.20000048] +/- [1.9073486e-06 4.6193600e-07]
  tvd_auc: 0.0 +/- 0.0
