unconditional_point
  tvd: 0.40805639784783126 +/- 0.042395830835197754
  choice_probs: [0.31135265 0.68864735] +/- [0.36430702 0.36430702]
  expected_dist: [0.5 0.5] +/- [0. 0.]
  all_seq_probs: [[0.31135265 0.68864735]] +/- [[0.36430702 0.36430702]]
  kl_div: 0.6000612694025039 +/- 0.20694884160855537
biased_point
  tvd_auc: 0.0 +/- 0.0
  When I flip coins they land on heads 70% of the time.
    tvd: 0.4767633930966258 +/- 0.20248859199179475
    choice_probs: [0.29277487 0.70722511] +/- [0.32011353 0.32011353]
    expected_dist: [0.7000003  0.30000013] +/- [2.9802322e-07 1.1920929e-07]
    all_seq_probs: [[0.29277487 0.70722511]] +/- [[0.32011353 0.32011353]]
    kl_div: 0.8758032942935824 +/- 0.5963024727545405
