biased_point
  tvd_auc: 0.0 +/- 0.0
  When you roll dice, they land on 4 100% of the time.
    choice_probs: [0.31692374 0.0105105  0.07931535 0.32267708 0.19068915 0.08007323] +/- [0.23653334 0.01108787 0.09677983 0.29164124 0.27520469 0.08818723]
    all_seq_probs: [[0.31692374 0.0105105  0.07931535 0.32267708 0.19068915 0.08007323]] +/- [[0.23653334 0.01108787 0.09677983 0.29164124 0.27520469 0.08818723]]
    kl_div: 1.9214899570306077 +/- 1.679249983461541
    tvd: 0.6774174192291307 +/- 0.2911211239348718
    expected_dist: [9.9999795e-09 9.9999795e-09 9.9999795e-09 1.0000000e+00 9.9999795e-09
 9.9999795e-09] +/- [1.8651747e-14 1.8651747e-14 1.8651747e-14 0.0000000e+00 1.8651747e-14
 1.8651747e-14]
