biased_point
  When I roll dice, they land on 1 60% of the time.
    all_seq_probs: [[0.47818815 0.10071094 0.08987954 0.08678688 0.09617587 0.14825861]] +/- [[0.14786618 0.03624551 0.0370807  0.03220308 0.0402512  0.04380342]]
    tvd: 0.18305401504039764 +/- 0.08438934797209414
    choice_probs: [0.47818815 0.10071094 0.08987954 0.08678688 0.09617587 0.14825861] +/- [0.14786618 0.03624551 0.0370807  0.03220308 0.0402512  0.04380342]
    expected_dist: [0.60000026 0.07999998 0.07999998 0.07999998 0.07999998 0.07999998] +/- [1.7881393e-07 4.4703484e-08 4.4703484e-08 4.4703484e-08 4.4703484e-08
 4.4703484e-08]
    kl_div: 0.10265607231529429 +/- 0.07693599367559176
  tvd_auc: 0.0 +/- 0.0
