biased_point
  When I roll dice, they land on 4 0% of the time.
    kl_div: 0.27945418215640244 +/- 0.1443584288087966
    choice_probs: [0.15363951 0.16174984 0.15660422 0.21907932 0.15050732 0.15841979] +/- [0.03687134 0.04498105 0.03336947 0.08579761 0.04068306 0.03649504]
    all_seq_probs: [[0.15363951 0.16174984 0.15660422 0.21907932 0.15050732 0.15841979]] +/- [[0.03687134 0.04498105 0.03336947 0.08579761 0.04068306 0.03649504]]
    expected_dist: [1.9999990e-01 1.9999990e-01 1.9999990e-01 1.0000003e-08 1.9999990e-01
 1.9999990e-01] +/- [1.1920929e-07 1.1920929e-07 1.1920929e-07 4.4408921e-15 1.1920929e-07
 1.1920929e-07]
    tvd: 0.23302533331447456 +/- 0.08864495073707462
  tvd_auc: 0.0 +/- 0.0
