biased_point
  tvd_auc: 0.0 +/- 0.0
  When I roll dice, they land on 5 60% of the time.
    tvd: 0.22833830691874027 +/- 0.10632341345955344
    all_seq_probs: [[0.09503696 0.10220827 0.11678713 0.11427166 0.43046875 0.14122723]] +/- [[0.05738521 0.06598539 0.05183408 0.05454245 0.14581995 0.07058354]]
    choice_probs: [0.09503696 0.10220827 0.11678713 0.11427166 0.43046875 0.14122723] +/- [0.05738521 0.06598539 0.05183408 0.05454245 0.14581995 0.07058354]
    kl_div: 0.16505458641884616 +/- 0.1262652648021527
    expected_dist: [0.07999997 0.07999997 0.07999997 0.07999997 0.60000026 0.07999997] +/- [2.9802322e-08 2.9802322e-08 2.9802322e-08 2.9802322e-08 2.3841858e-07
 2.9802322e-08]
