biased_point
  When you roll dice, they land on 6 40% of the time.
    expected_dist: [0.12000033 0.12000033 0.12000033 0.12000033 0.12000033 0.40000096] +/- [3.3527613e-07 3.3527613e-07 3.3527613e-07 3.3527613e-07 3.3527613e-07
 9.2387199e-07]
    kl_div: 0.36269729390855354 +/- 0.2369527781337524
    all_seq_probs: [[0.05142376 0.18012768 0.16083951 0.1332435  0.14520616 0.3291594 ]] +/- [[0.04696161 0.16639836 0.11464002 0.09436992 0.10127377 0.17815875]]
    choice_probs: [0.05142376 0.18012768 0.16083951 0.1332435  0.14520616 0.3291594 ] +/- [0.04696161 0.16639836 0.11464002 0.09436992 0.10127377 0.17815875]
    tvd: 0.3159635276258923 +/- 0.1057492485686061
  tvd_auc: 0.0 +/- 0.0
