biased_point
  When I roll dice, they land on 4 40% of the time.
    all_seq_probs: [[0.11738272 0.14975429 0.16113002 0.27657925 0.15564738 0.13950634]] +/- [[0.04245187 0.0404881  0.03391948 0.08129218 0.03957831 0.04478125]]
    expected_dist: [0.11999992 0.11999992 0.11999992 0.3999998  0.11999992 0.11999992] +/- [7.4505806e-08 7.4505806e-08 7.4505806e-08 2.3841858e-07 7.4505806e-08
 7.4505806e-08]
    kl_div: 0.08906111190124648 +/- 0.06365824291153287
    tvd: 0.171611708747223 +/- 0.05179346913818081
    choice_probs: [0.11738272 0.14975429 0.16113002 0.27657925 0.15564738 0.13950634] +/- [0.04245187 0.0404881  0.03391948 0.08129218 0.03957831 0.04478125]
  tvd_auc: 0.0 +/- 0.0
