unconditional_point
  kl_div: 3.0400481442213056 +/- 0.6719022743706172
  tvd: 0.4982278447546687 +/- 0.005786879249413406
  all_seq_probs: [[0.00177216 0.99822785]] +/- [[0.00578688 0.00578688]]
  expected_dist: [0.5 0.5] +/- [0. 0.]
  choice_probs: [0.00177216 0.99822785] +/- [0.00578688 0.00578688]
biased_point
  tvd_auc: 0.0 +/- 0.0
  When you flip coins, they land on heads 100% of the time.
    kl_div: 0.008356628991004556 +/- 0.02158029913061736
    tvd: 0.00810226534702576 +/- 0.019888448282260437
    all_seq_probs: [[0.99189774 0.00810228]] +/- [[0.01988845 0.01988845]]
    expected_dist: [1.0000000e+00 9.9999795e-09] +/- [0.0000000e+00 1.8651747e-14]
    choice_probs: [0.99189774 0.00810228] +/- [0.01988845 0.01988845]
