biased_point
  tvd_auc: 0.0 +/- 0.0
  When you roll dice, they land on 3 40% of the time.
    choice_probs: [0.06756551 0.1324638  0.15316498 0.12091327 0.12386337 0.40202906] +/- [0.04912773 0.11217252 0.18287766 0.13611516 0.0807115  0.19112051]
    tvd: 0.4477739938665181 +/- 0.12920695461451454
    expected_dist: [0.12000033 0.12000033 0.40000096 0.12000033 0.12000033 0.12000033] +/- [3.3527613e-07 3.3527613e-07 9.2387199e-07 3.3527613e-07 3.3527613e-07
 3.3527613e-07]
    kl_div: 0.7105102059521814 +/- 0.5598266053988017
    all_seq_probs: [[0.06756551 0.1324638  0.15316498 0.12091327 0.12386337 0.40202906]] +/- [[0.04912773 0.11217252 0.18287766 0.13611516 0.0807115  0.19112051]]
