biased_point
  tvd_auc: 0.0 +/- 0.0
  When you flip coins, they land on heads 100% of the time.
    kl_div: 0.3766815609197125 +/- 0.3286493660293938
    tvd: 0.28047665429887536 +/- 0.19960817898293343
    expected_dist: [1.0000000e+00 9.9999795e-09] +/- [0.0000000e+00 1.8651747e-14]
    all_seq_probs: [[0.71952334 0.28047666]] +/- [[0.19960818 0.19960818]]
    choice_probs: [0.71952334 0.28047666] +/- [0.19960818 0.19960818]
unconditional_point
  kl_div: 1.2651374425292015 +/- 0.5132099318786832
  tvd: 0.4608314689067192 +/- 0.06064619272704307
  expected_dist: [0.5 0.5] +/- [0. 0.]
  all_seq_probs: [[0.03916853 0.96083147]] +/- [[0.0606462  0.06064619]]
  choice_probs: [0.03916853 0.96083147] +/- [0.0606462  0.06064619]
