biased_point
  When I roll dice, they land on 5 40% of the time.
    choice_probs: [0.11750443 0.12906789 0.13290961 0.19980673 0.28837877 0.13233256] +/- [0.04206393 0.05236748 0.03280176 0.05333701 0.07260959 0.05682582]
    kl_div: 0.10401353729248512 +/- 0.1301640954132929
    expected_dist: [0.11999992 0.11999992 0.11999992 0.11999992 0.3999998  0.11999992] +/- [7.4505806e-08 7.4505806e-08 7.4505806e-08 7.4505806e-08 2.3841858e-07
 7.4505806e-08]
    all_seq_probs: [[0.11750443 0.12906789 0.13290961 0.19980673 0.28837877 0.13233256]] +/- [[0.04206393 0.05236748 0.03280176 0.05333701 0.07260959 0.05682582]]
    tvd: 0.16932398551376537 +/- 0.07095444146289065
  tvd_auc: 0.0 +/- 0.0
