biased_point
  When you roll dice, they land on 1 100% of the time.
    kl_div: 0.02512603629612616 +/- 0.029183315265746166
    all_seq_probs: [[0.97559121 0.00707543 0.0041881  0.00363222 0.00349746 0.00601558]] +/- [[0.02741102 0.0101539  0.00474642 0.00395747 0.00493082 0.00514708]]
    expected_dist: [1.0000000e+00 9.9999795e-09 9.9999795e-09 9.9999795e-09 9.9999795e-09
 9.9999795e-09] +/- [0.0000000e+00 1.8651747e-14 1.8651747e-14 1.8651747e-14 1.8651747e-14
 1.8651747e-14]
    choice_probs: [0.97559121 0.00707543 0.0041881  0.00363222 0.00349746 0.00601558] +/- [0.02741102 0.0101539  0.00474642 0.00395747 0.00493082 0.00514708]
    tvd: 0.02440876859541309 +/- 0.0274110203662067
  tvd_auc: 0.0 +/- 0.0
