unconditional_point
  expected_dist: [0.16666663 0.16666663 0.16666663 0.16666663 0.16666663 0.16666663] +/- [5.9604645e-08 5.9604645e-08 5.9604645e-08 5.9604645e-08 5.9604645e-08
 5.9604645e-08]
  all_seq_probs: [[0.05952998 0.19229414 0.34560919 0.1712125  0.07026921 0.16108498]] +/- [[0.03524024 0.12258676 0.10489034 0.07878269 0.07015997 0.09008296]]
  kl_div: 0.43111548710206987 +/- 0.1720491110343148
  tvd: 0.30841444319114086 +/- 0.07169821969405918
  choice_probs: [0.05952998 0.19229414 0.34560919 0.1712125  0.07026921 0.16108498] +/- [0.03524024 0.12258676 0.10489034 0.07878269 0.07015997 0.09008296]
biased_point
  tvd_auc: 0.0 +/- 0.0
  When I roll dice, they land on 5 60% of the time.
    expected_dist: [0.07999997 0.07999997 0.07999997 0.07999997 0.60000026 0.07999997] +/- [2.9802322e-08 2.9802322e-08 2.9802322e-08 2.9802322e-08 2.3841858e-07
 2.9802322e-08]
    all_seq_probs: [[0.07993297 0.17929071 0.2621144  0.14471135 0.10270509 0.2312455 ]] +/- [[0.03575331 0.08989503 0.08786259 0.05938441 0.0665136  0.10452953]]
    kl_div: 0.9182162615493872 +/- 0.3100340822105531
    tvd: 0.5250551952701062 +/- 0.0635626027245608
    choice_probs: [0.07993297 0.17929071 0.2621144  0.14471135 0.10270509 0.2312455 ] +/- [0.03575331 0.08989503 0.08786259 0.05938441 0.0665136  0.10452953]
