biased_point
  When you roll dice, they land on 2 0% of the time.
    tvd: 0.7559730399719367 +/- 0.18794160519818745
    choice_probs: [0.12193686 0.59792447 0.11859776 0.08019975 0.04467161 0.03683652] +/- [0.15787807 0.3614767  0.21385313 0.20350102 0.09353003 0.11849612]
    kl_div: 2.8812192182708825 +/- 1.5774228841584315
    all_seq_probs: [[0.12193686 0.59792447 0.11859776 0.08019975 0.04467161 0.03683652]] +/- [[0.15787807 0.3614767  0.21385313 0.20350102 0.09353003 0.11849612]]
    expected_dist: [2.0000048e-01 9.9999795e-09 2.0000048e-01 2.0000048e-01 2.0000048e-01
 2.0000048e-01] +/- [4.6193600e-07 1.8651747e-14 4.6193600e-07 4.6193600e-07 4.6193600e-07
 4.6193600e-07]
  tvd_auc: 0.0 +/- 0.0
