unconditional_point
  choice_probs: [0.41505419 0.58494582] +/- [0.07372353 0.07372351]
  tvd: 0.09364016222953796 +/- 0.06230945234354444
  kl_div: 0.0269500390291214 +/- 0.03194043700214535
  expected_dist: [0.5 0.5] +/- [0. 0.]
  all_seq_probs: [[0.41505419 0.58494582]] +/- [[0.07372353 0.07372351]]
biased_point
  When you flip coins, they land on heads 40% of the time.
    choice_probs: [0.37814    0.62185999] +/- [0.06595783 0.06595781]
    tvd: 0.05358420026302338 +/- 0.04423829284108636
    kl_div: 0.010769160635769368 +/- 0.014899669013429937
    expected_dist: [0.40000096 0.6       ] +/- [9.23872e-07 0.00000e+00]
    all_seq_probs: [[0.37814    0.62185999]] +/- [[0.06595783 0.06595781]]
  tvd_auc: 0.0 +/- 0.0
