biased_point
  tvd_auc: 0.0 +/- 0.0
  When you roll dice, they land on 4 60% of the time.
    tvd: 0.6622352710570029 +/- 0.21165941248991105
    expected_dist: [0.07999994 0.07999994 0.07999994 0.6        0.07999994 0.07999994] +/- [5.9604645e-08 5.9604645e-08 5.9604645e-08 0.0000000e+00 5.9604645e-08
 5.9604645e-08]
    kl_div: 2.226343661157065 +/- 1.1898066990188845
    choice_probs: [0.01286814 0.01237673 0.06211961 0.20124845 0.11004459 0.6013425 ] +/- [0.02937505 0.03403336 0.10306602 0.27484865 0.18184854 0.32130676]
    all_seq_probs: [[0.01286814 0.01237673 0.06211961 0.20124845 0.11004459 0.6013425 ]] +/- [[0.02937505 0.03403336 0.10306602 0.27484865 0.18184854 0.32130676]]
