biased_point
  tvd_auc: 0.0 +/- 0.0
  When you roll dice, they land on 3 60% of the time.
    expected_dist: [0.07999994 0.07999994 0.6        0.07999994 0.07999994 0.07999994] +/- [8.1956387e-08 8.1956387e-08 5.9604645e-08 8.1956387e-08 8.1956387e-08
 8.1956387e-08]
    tvd: 0.5650769603055286 +/- 0.1797839010007024
    all_seq_probs: [[0.02275418 0.02921051 0.22266458 0.11160388 0.13756887 0.47619797]] +/- [[0.04060568 0.04040513 0.21691867 0.11838102 0.17830605 0.2558061 ]]
    choice_probs: [0.02275418 0.02921051 0.22266458 0.11160388 0.13756887 0.47619797] +/- [0.04060568 0.04040513 0.21691867 0.11838102 0.17830605 0.2558061 ]
    kl_div: 1.359830377012957 +/- 0.8219866320748156
