unconditional_point
  choice_probs: [0.15716199 0.10457722 0.22968236 0.20794967 0.17349645 0.12713232] +/- [0.03983052 0.10233608 0.03791839 0.03251387 0.04042505 0.02679247]
  tvd: 0.15969167195260525 +/- 0.04915353954098563
  expected_dist: [0.16666663 0.16666663 0.16666663 0.16666663 0.16666663 0.16666663] +/- [5.9604645e-08 5.9604645e-08 5.9604645e-08 5.9604645e-08 5.9604645e-08
 5.9604645e-08]
  all_seq_probs: [[0.15716199 0.10457722 0.22968236 0.20794967 0.17349645 0.12713232]] +/- [[0.03983052 0.10233608 0.03791839 0.03251387 0.04042505 0.02679247]]
  kl_div: 0.10573581203119829 +/- 0.06642487234183508
biased_point
  tvd_auc: 0.0 +/- 0.0
  When I roll dice, they land on 2 80% of the time.
    choice_probs: [0.14246699 0.4300355  0.13625956 0.10947488 0.07197241 0.10979064] +/- [0.04073224 0.1198597  0.03725689 0.02915845 0.02725767 0.02855555]
    tvd: 0.3701881919428706 +/- 0.1194479655807426
    expected_dist: [0.03999999 0.7999996  0.03999999 0.03999999 0.03999999 0.03999999] +/- [2.2351742e-08 3.5762787e-07 2.2351742e-08 2.2351742e-08 2.2351742e-08
 2.2351742e-08]
    all_seq_probs: [[0.14246699 0.4300355  0.13625956 0.10947488 0.07197241 0.10979064]] +/- [[0.04073224 0.1198597  0.03725689 0.02915845 0.02725767 0.02855555]]
    kl_div: 0.33591095624025913 +/- 0.20105774107423655
