unconditional_point
  kl_div: 0.2854321074485779 +/- 0.2583364591583237
  choice_probs: [0.77730777 0.22269222] +/- [0.12171721 0.12171721]
  all_seq_probs: [[0.77730777 0.22269222]] +/- [[0.12171721 0.12171721]]
  tvd: 0.27730777461081746 +/- 0.12171721216491924
  expected_dist: [0.5 0.5] +/- [0. 0.]
biased_point
  tvd_auc: 0.0 +/- 0.0
  When I flip coins they land on heads 90% of the time.
    kl_div: 0.10140087006613613 +/- 0.08015462491156923
    choice_probs: [0.73280057 0.26719942] +/- [0.09343346 0.09343346]
    all_seq_probs: [[0.73280057 0.26719942]] +/- [[0.09343346 0.09343346]]
    tvd: 0.167385431304574 +/- 0.09309979707069103
    expected_dist: [0.9000002  0.09999995] +/- [2.3841858e-07 5.2154064e-08]
