biased_point
  tvd_auc: 0.0 +/- 0.0
  When you roll dice, they land on 4 0% of the time.
    kl_div: 3.6533326763117784 +/- 1.7100200779523917
    expected_dist: [2.0000048e-01 2.0000048e-01 2.0000048e-01 9.9999795e-09 2.0000048e-01
 2.0000048e-01] +/- [4.6193600e-07 4.6193600e-07 4.6193600e-07 1.8651747e-14 4.6193600e-07
 4.6193600e-07]
    all_seq_probs: [[0.42135996 0.12907453 0.09879471 0.13144261 0.08987262 0.12945557]] +/- [[0.36960518 0.29847332 0.25938981 0.25568026 0.21294707 0.23099784]]
    tvd: 0.6849723321141482 +/- 0.12092631101931878
    choice_probs: [0.42135996 0.12907453 0.09879471 0.13144261 0.08987262 0.12945557] +/- [0.36960518 0.29847332 0.25938981 0.25568026 0.21294707 0.23099784]
unconditional_point
  kl_div: 2.349282776887645 +/- 1.5123680402383906
  expected_dist: [0.16666676 0.16666676 0.16666676 0.16666676 0.16666676 0.16666676] +/- [7.4505806e-08 7.4505806e-08 7.4505806e-08 7.4505806e-08 7.4505806e-08
 7.4505806e-08]
  all_seq_probs: [[0.0280021  0.14835705 0.31618985 0.15023167 0.1749549  0.18226444]] +/- [[0.06182121 0.27879514 0.28310858 0.14384791 0.24654469 0.24850642]]
  tvd: 0.548256400610648 +/- 0.1359528013741907
  choice_probs: [0.0280021  0.14835705 0.31618985 0.15023167 0.1749549  0.18226444] +/- [0.06182121 0.27879514 0.28310858 0.14384791 0.24654469 0.24850642]
