biased_point
  When I roll dice, they land on 6 80% of the time.
    expected_dist: [0.03999999 0.03999999 0.03999999 0.03999999 0.03999999 0.7999996 ] +/- [2.2351742e-08 2.2351742e-08 2.2351742e-08 2.2351742e-08 2.2351742e-08
 4.1723251e-07]
    choice_probs: [0.04205508 0.04546501 0.04369109 0.04463687 0.04793165 0.77622031] +/- [0.01679508 0.01791388 0.01691156 0.01353649 0.01526016 0.06271985]
    tvd: 0.05716366602107883 +/- 0.040362455323859445
    kl_div: 0.018013762338378002 +/- 0.019532065598297517
    all_seq_probs: [[0.04205508 0.04546501 0.04369109 0.04463687 0.04793165 0.77622031]] +/- [[0.01679508 0.01791388 0.01691156 0.01353649 0.01526016 0.06271985]]
  tvd_auc: 0.0 +/- 0.0
