biased_point
  When I roll dice, they land on 5 60% of the time.
    kl_div: 0.2087927425214002 +/- 0.16286413641792033
    all_seq_probs: [[0.09414073 0.11321673 0.1024713  0.11084041 0.42203019 0.15730064]] +/- [[0.06417947 0.06142327 0.05840868 0.05327501 0.1670739  0.07460081]]
    choice_probs: [0.09414073 0.11321673 0.1024713  0.11084041 0.42203019 0.15730064] +/- [0.06417947 0.06142327 0.05840868 0.05327501 0.1670739  0.07460081]
    expected_dist: [0.07999997 0.07999997 0.07999997 0.07999997 0.60000026 0.07999997] +/- [2.9802322e-08 2.9802322e-08 2.9802322e-08 2.9802322e-08 2.3841858e-07
 2.9802322e-08]
    tvd: 0.250441589273978 +/- 0.101966707242559
  tvd_auc: 0.0 +/- 0.0
