biased_point
  When I roll dice, they land on 6 60% of the time.
    all_seq_probs: [[0.09744609 0.09251649 0.0980204  0.09732686 0.11435398 0.50033618]] +/- [[0.05369834 0.03973935 0.04651359 0.05222094 0.04957379 0.14253888]]
    choice_probs: [0.09744609 0.09251649 0.0980204  0.09732686 0.11435398 0.50033618] +/- [0.05369834 0.03973935 0.04651359 0.05222094 0.04957379 0.14253888]
    kl_div: 0.10344104088711902 +/- 0.06689725199063078
    expected_dist: [0.07999997 0.07999997 0.07999997 0.07999997 0.07999997 0.60000026] +/- [2.9802322e-08 2.9802322e-08 2.9802322e-08 2.9802322e-08 2.9802322e-08
 2.3841858e-07]
    tvd: 0.17750569638796151 +/- 0.08013329562825897
  tvd_auc: 0.0 +/- 0.0
