biased_point
  tvd_auc: 0.0 +/- 0.0
  When I roll dice, they land on 3 60% of the time.
    expected_dist: [0.07999998 0.07999998 0.60000026 0.07999998 0.07999998 0.07999998] +/- [4.4703484e-08 4.4703484e-08 1.7881393e-07 4.4703484e-08 4.4703484e-08
 4.4703484e-08]
    kl_div: 0.1991717189026531 +/- 0.11023067613311446
    tvd: 0.26124291613698003 +/- 0.09641587925727987
    all_seq_probs: [[0.10147443 0.12956627 0.4024863  0.14066506 0.11304731 0.11276062]] +/- [[0.06042147 0.06191267 0.15679784 0.05364404 0.06489701 0.08169748]]
    choice_probs: [0.10147443 0.12956627 0.4024863  0.14066506 0.11304731 0.11276062] +/- [0.06042147 0.06191267 0.15679784 0.05364404 0.06489701 0.08169748]
