biased_point
  When I roll dice, they land on 4 20% of the time.
    all_seq_probs: [[0.13630607 0.21822512 0.16336154 0.22737754 0.13710929 0.11762045]] +/- [[0.05245305 0.11360457 0.05815551 0.05418501 0.05560248 0.05352279]]
    choice_probs: [0.13630607 0.21822512 0.16336154 0.22737754 0.13710929 0.11762045] +/- [0.05245305 0.11360457 0.05815551 0.05418501 0.05560248 0.05352279]
    expected_dist: [0.15999994 0.15999994 0.15999994 0.1999999  0.15999994 0.15999994] +/- [7.4505806e-08 7.4505806e-08 7.4505806e-08 1.1920929e-07 7.4505806e-08
 7.4505806e-08]
    kl_div: 0.1301886081790144 +/- 0.10542203689514565
    tvd: 0.1555830373428762 +/- 0.0820392246138885
  tvd_auc: 0.0 +/- 0.0
unconditional_point
  all_seq_probs: [[0.14602263 0.22530907 0.17999189 0.16831264 0.15461039 0.12575339]] +/- [[0.0483394  0.10746601 0.05083185 0.05830021 0.06020212 0.03693186]]
  choice_probs: [0.14602263 0.22530907 0.17999189 0.16831264 0.15461039 0.12575339] +/- [0.0483394  0.10746601 0.05083185 0.05830021 0.06020212 0.03693186]
  expected_dist: [0.16666663 0.16666663 0.16666663 0.16666663 0.16666663 0.16666663] +/- [5.9604645e-08 5.9604645e-08 5.9604645e-08 5.9604645e-08 5.9604645e-08
 5.9604645e-08]
  kl_div: 0.10052011969382875 +/- 0.09551259559220594
  tvd: 0.1491709327697754 +/- 0.08083486331322706
