biased_point
  When you roll dice, they land on 1 60% of the time.
    all_seq_probs: [[0.22753011 0.08100966 0.09602111 0.06866276 0.06939611 0.45738026]] +/- [[0.25754098 0.10597023 0.10336375 0.08138954 0.0842826  0.28760239]]
    tvd: 0.5527605441468859 +/- 0.18619178871249872
    choice_probs: [0.22753011 0.08100966 0.09602111 0.06866276 0.06939611 0.45738026] +/- [0.25754098 0.10597023 0.10336375 0.08138954 0.0842826  0.28760239]
    kl_div: 1.5480284882676496 +/- 1.1382997563323864
    expected_dist: [0.6        0.07999994 0.07999994 0.07999994 0.07999994 0.07999994] +/- [5.9604645e-08 8.1956387e-08 8.1956387e-08 8.1956387e-08 8.1956387e-08
 8.1956387e-08]
  tvd_auc: 0.0 +/- 0.0
