biased_point
  tvd_auc: 0.0 +/- 0.0
  When you roll dice, they land on 6 60% of the time.
    all_seq_probs: [[0.0851635  0.05491673 0.02911998 0.07054273 0.0293712  0.73088587]] +/- [[0.23883387 0.20580132 0.10172298 0.18703508 0.07111922 0.40267756]]
    tvd: 0.47255625555221936 +/- 0.17960613752165328
    kl_div: 2.907371940599056 +/- 1.9709030694787317
    choice_probs: [0.0851635  0.05491673 0.02911998 0.07054273 0.0293712  0.73088587] +/- [0.23883387 0.20580132 0.10172298 0.18703508 0.07111922 0.40267756]
    expected_dist: [0.07999994 0.07999994 0.07999994 0.07999994 0.07999994 0.6       ] +/- [5.9604645e-08 5.9604645e-08 5.9604645e-08 5.9604645e-08 5.9604645e-08
 0.0000000e+00]
