biased_point
  tvd_auc: 0.0 +/- 0.0
  When I roll dice, they land on 3 60% of the time.
    kl_div: 0.08808275503513868 +/- 0.07202629578744424
    expected_dist: [0.07999998 0.07999998 0.60000026 0.07999998 0.07999998 0.07999998] +/- [4.4703484e-08 4.4703484e-08 1.7881393e-07 4.4703484e-08 4.4703484e-08
 4.4703484e-08]
    choice_probs: [0.10145281 0.10632302 0.49688441 0.11238605 0.10677    0.07618372] +/- [0.05946586 0.03606023 0.11245824 0.04923154 0.05296476 0.0485724 ]
    tvd: 0.16081826027482748 +/- 0.07738966180131258
    all_seq_probs: [[0.10145281 0.10632302 0.49688441 0.11238605 0.10677    0.07618372]] +/- [[0.05946586 0.03606023 0.11245824 0.04923154 0.05296476 0.0485724 ]]
