biased_point
  tvd_auc: 0.0 +/- 0.0
  When you roll dice, they land on 2 20% of the time.
    expected_dist: [0.15999988 0.20000048 0.15999988 0.15999988 0.15999988 0.15999988] +/- [1.6391277e-07 4.4703484e-07 1.6391277e-07 1.6391277e-07 1.6391277e-07
 1.6391277e-07]
    tvd: 0.6581325084523431 +/- 0.12571070469085235
    choice_probs: [0.17952357 0.23239033 0.0875951  0.15683473 0.055018   0.28863827] +/- [0.29742564 0.32982344 0.17721944 0.25851127 0.18912818 0.36915739]
    all_seq_probs: [[0.17952357 0.23239033 0.0875951  0.15683473 0.055018   0.28863827]] +/- [[0.29742564 0.32982344 0.17721944 0.25851127 0.18912818 0.36915739]]
    kl_div: 5.628164230637252 +/- 3.0452044657980104
