unconditional_point
  choice_probs: [0.80857585 0.19142415] +/- [0.12002243 0.12002242]
  expected_dist: [0.5 0.5] +/- [0. 0.]
  kl_div: 0.35404562491178515 +/- 0.27644863664139735
  all_seq_probs: [[0.80857585 0.19142415]] +/- [[0.12002243 0.12002242]]
  tvd: 0.312362434014678 +/- 0.10979139107827517
biased_point
  tvd_auc: 0.0 +/- 0.0
  When you flip coins, they land on heads 90% of the time.
    choice_probs: [0.82734303 0.17265697] +/- [0.1222027 0.1222027]
    expected_dist: [0.899998   0.10000024] +/- [1.9669533e-06 2.3841858e-07]
    kl_div: 0.05876707548066042 +/- 0.09634863024497445
    all_seq_probs: [[0.82734303 0.17265697]] +/- [[0.1222027 0.1222027]]
    tvd: 0.09724151211231948 +/- 0.10371412945717703
