biased_point
  When I roll dice, they land on 3 80% of the time.
    tvd: 0.14221508958318738 +/- 0.08950006292810991
    all_seq_probs: [[0.04499343 0.06367933 0.72508954 0.06176724 0.05522837 0.04924209]] +/- [[0.02970122 0.03306424 0.14641172 0.03865428 0.03800568 0.04154334]]
    choice_probs: [0.04499343 0.06367933 0.72508954 0.06176724 0.05522837 0.04924209] +/- [0.02970122 0.03306424 0.14641172 0.03865428 0.03800568 0.04154334]
    kl_div: 0.09906874287837127 +/- 0.10491041039249197
    expected_dist: [0.03999999 0.03999999 0.7999996  0.03999999 0.03999999 0.03999999] +/- [2.2351742e-08 2.2351742e-08 4.1723251e-07 2.2351742e-08 2.2351742e-08
 2.2351742e-08]
  tvd_auc: 0.0 +/- 0.0
