biased_point
  tvd_auc: 0.0 +/- 0.0
  When you roll dice, they land on 5 20% of the time.
    all_seq_probs: [[0.14779546 0.37100675 0.07729295 0.09500376 0.25781745 0.05108364]] +/- [[0.26876721 0.41392157 0.18938214 0.18389371 0.31380231 0.08948271]]
    kl_div: 3.1671053945869208 +/- 2.584757469798032
    tvd: 0.6334492941306528 +/- 0.1724771475813254
    choice_probs: [0.14779546 0.37100675 0.07729295 0.09500376 0.25781745 0.05108364] +/- [0.26876721 0.41392157 0.18938214 0.18389371 0.31380231 0.08948271]
    expected_dist: [0.15999988 0.15999988 0.15999988 0.15999988 0.20000048 0.15999988] +/- [1.3411045e-07 1.3411045e-07 1.3411045e-07 1.3411045e-07 4.6193600e-07
 1.3411045e-07]
