biased_point
  tvd_auc: 0.0 +/- 0.0
  When you roll dice, they land on 4 20% of the time.
    expected_dist: [0.15999988 0.15999988 0.15999988 0.20000048 0.15999988 0.15999988] +/- [1.3411045e-07 1.3411045e-07 1.3411045e-07 4.6193600e-07 1.3411045e-07
 1.3411045e-07]
    all_seq_probs: [[0.06731808 0.12552424 0.13576512 0.21543369 0.20581686 0.25014202]] +/- [[0.09737814 0.17844306 0.16467889 0.21120821 0.2345431  0.21633791]]
    tvd: 0.4610574937412312 +/- 0.1253726176306487
    choice_probs: [0.06731808 0.12552424 0.13576512 0.21543369 0.20581686 0.25014202] +/- [0.09737814 0.17844306 0.16467889 0.21120821 0.2345431  0.21633791]
    kl_div: 1.0028246992446948 +/- 0.6197318293145126
