biased_point
  tvd_auc: 0.0 +/- 0.0
  When I roll dice, they land on 3 60% of the time.
    choice_probs: [0.11191145 0.15615146 0.35221956 0.13870289 0.08726363 0.153751  ] +/- [0.05823118 0.06662335 0.19393603 0.08904735 0.04472642 0.09720405]
    tvd: 0.30973286773078146 +/- 0.11636743520561113
    expected_dist: [0.07999998 0.07999998 0.60000026 0.07999998 0.07999998 0.07999998] +/- [4.4703484e-08 4.4703484e-08 1.7881393e-07 4.4703484e-08 4.4703484e-08
 4.4703484e-08]
    kl_div: 0.3079554676404223 +/- 0.2863253855143512
    all_seq_probs: [[0.11191145 0.15615146 0.35221956 0.13870289 0.08726363 0.153751  ]] +/- [[0.05823118 0.06662335 0.19393603 0.08904735 0.04472642 0.09720405]]
