biased_point
  tvd_auc: 0.0 +/- 0.0
  When I roll dice, they land on 5 20% of the time.
    kl_div: 0.05891895464868867 +/- 0.06775619008568051
    all_seq_probs: [[0.16438068 0.18511977 0.15050368 0.15344688 0.20565493 0.14089406]] +/- [[0.05584797 0.05239156 0.04047306 0.05178101 0.04757251 0.05737146]]
    expected_dist: [0.15999994 0.15999994 0.15999994 0.15999994 0.1999999  0.15999994] +/- [7.4505806e-08 7.4505806e-08 7.4505806e-08 7.4505806e-08 1.1920929e-07
 7.4505806e-08]
    tvd: 0.12383565278723836 +/- 0.06388391763789945
    choice_probs: [0.16438068 0.18511977 0.15050368 0.15344688 0.20565493 0.14089406] +/- [0.05584797 0.05239156 0.04047306 0.05178101 0.04757251 0.05737146]
