biased_point
  When I roll dice, they land on 6 80% of the time.
    expected_dist: [0.03999999 0.03999999 0.03999999 0.03999999 0.03999999 0.7999996 ] +/- [2.2351742e-08 2.2351742e-08 2.2351742e-08 2.2351742e-08 2.2351742e-08
 4.1723251e-07]
    tvd: 0.28964114805683494 +/- 0.18322529511467905
    choice_probs: [0.07409391 0.09148303 0.08574679 0.08587    0.14400504 0.51880123] +/- [0.06246001 0.06442294 0.05103099 0.04951288 0.03597276 0.19304351]
    all_seq_probs: [[0.07409391 0.09148303 0.08574679 0.08587    0.14400504 0.51880123]] +/- [[0.06246001 0.06442294 0.05103099 0.04951288 0.03597276 0.19304351]]
    kl_div: 0.2768905161964358 +/- 0.2550162040599038
  tvd_auc: 0.0 +/- 0.0
