unconditional_point
  kl_div: 0.06359616041183472 +/- 0.08292671760516465
  expected_dist: [0.5 0.5] +/- [0. 0.]
  choice_probs: [0.49119791 0.5088021 ] +/- [0.1642765 0.1642765]
  all_seq_probs: [[0.49119791 0.5088021 ]] +/- [[0.1642765 0.1642765]]
  tvd: 0.13264724671840666 +/- 0.09730854433777193
biased_point
  tvd_auc: 0.0 +/- 0.0
  When I flip coins they land on heads 80% of the time.
    kl_div: 0.1913776710582897 +/- 0.12636348026042757
    expected_dist: [0.7999996 0.1999999] +/- [4.1723251e-07 1.1920929e-07]
    choice_probs: [0.52417599 0.47582403] +/- [0.11527151 0.1152715 ]
    all_seq_probs: [[0.52417599 0.47582403]] +/- [[0.11527151 0.1152715 ]]
    tvd: 0.2758240211009979 +/- 0.11527150811885035
