unconditional_point
  choice_probs: [0.64602346 0.35397654] +/- [0.43100146 0.43100146]
  all_seq_probs: [[0.64602346 0.35397654]] +/- [[0.43100146 0.43100146]]
  expected_dist: [0.5 0.5] +/- [0. 0.]
  tvd: 0.4491881878526765 +/- 0.07290461010456344
  kl_div: 1.2509137756824493 +/- 0.6791704996919066
biased_point
  When you flip coins, they land on heads 40% of the time.
    choice_probs: [0.58585676 0.41414325] +/- [0.34500194 0.34500195]
    all_seq_probs: [[0.58585676 0.41414325]] +/- [[0.34500194 0.34500195]]
    expected_dist: [0.40000096 0.6       ] +/- [9.23872e-07 0.00000e+00]
    tvd: 0.34615094010718167 +/- 0.18370792109561465
    kl_div: 0.6144073561970145 +/- 0.5658135887866206
  tvd_auc: 0.0 +/- 0.0
