biased_point
  When you flip coins, they land on heads 10% of the time.
    tvd: 0.3235996206700802 +/- 0.11512818091696263
    expected_dist: [0.10000024 0.899998  ] +/- [2.3841858e-07 1.9669533e-06]
    all_seq_probs: [[0.42327215 0.57672786]] +/- [[0.11604456 0.11604455]]
    choice_probs: [0.42327215 0.57672786] +/- [0.11604456 0.11604455]
    kl_div: 0.27922264612838626 +/- 0.1460414000505216
  tvd_auc: 0.0 +/- 0.0
unconditional_point
  tvd: 0.11578161564469337 +/- 0.08322065475625932
  expected_dist: [0.5 0.5] +/- [0. 0.]
  all_seq_probs: [[0.60113512 0.39886489]] +/- [[0.10051242 0.10051244]]
  choice_probs: [0.60113512 0.39886489] +/- [0.10051242 0.10051244]
  kl_div: 0.045193974077701565 +/- 0.054300730205899914
