unconditional_point
  all_seq_probs: [[0.4865223 0.5134777]] +/- [[0.13203046 0.13203047]]
  tvd: 0.10449603959918022 +/- 0.08181851834418728
  expected_dist: [0.5 0.5] +/- [0. 0.]
  choice_probs: [0.4865223 0.5134777] +/- [0.13203046 0.13203047]
  kl_div: 0.04012191623449326 +/- 0.06372932767507161
biased_point
  When I flip coins they land on heads 50% of the time.
    all_seq_probs: [[0.48920887 0.51079114]] +/- [[0.12691373 0.12691373]]
    tvd: 0.10188745766878128 +/- 0.07643618346653973
    expected_dist: [0.5 0.5] +/- [0. 0.]
    choice_probs: [0.48920887 0.51079114] +/- [0.12691373 0.12691373]
    kl_div: 0.036019198298454284 +/- 0.05196702150667695
  tvd_auc: 0.0 +/- 0.0
