biased_point
  tvd_auc: 0.0 +/- 0.0
  When I roll dice, they land on 6 40% of the time.
    choice_probs: [0.10537552 0.14213522 0.1060807  0.14595568 0.14966123 0.35079166] +/- [0.07025199 0.07323957 0.04419795 0.06320881 0.06850951 0.13139384]
    kl_div: 0.11927635136678873 +/- 0.08462249706282102
    all_seq_probs: [[0.10537552 0.14213522 0.1060807  0.14595568 0.14966123 0.35079166]] +/- [[0.07025199 0.07323957 0.04419795 0.06320881 0.06850951 0.13139384]]
    tvd: 0.190723380940035 +/- 0.0720769134439446
    expected_dist: [0.11999992 0.11999992 0.11999992 0.11999992 0.11999992 0.3999998 ] +/- [7.4505806e-08 7.4505806e-08 7.4505806e-08 7.4505806e-08 7.4505806e-08
 2.3841858e-07]
