biased_point
  tvd_auc: 0.0 +/- 0.0
  When I roll dice, they land on 3 40% of the time.
    kl_div: 0.15852349268279795 +/- 0.09672356259864401
    choice_probs: [0.14557678 0.15030683 0.23164107 0.17941397 0.14427625 0.14878509] +/- [0.05466677 0.06163806 0.11573756 0.08251424 0.04878596 0.06192672]
    all_seq_probs: [[0.14557678 0.15030683 0.23164107 0.17941397 0.14427625 0.14878509]] +/- [[0.05466677 0.06163806 0.11573756 0.08251424 0.04878596 0.06192672]]
    tvd: 0.23410996614024043 +/- 0.07235498733721978
    expected_dist: [0.11999992 0.11999992 0.3999998  0.11999992 0.11999992 0.11999992] +/- [7.4505806e-08 7.4505806e-08 2.3841858e-07 7.4505806e-08 7.4505806e-08
 7.4505806e-08]
