biased_point
  tvd_auc: 0.0 +/- 0.0
  When I roll dice, they land on 3 40% of the time.
    tvd: 0.4102825834322721 +/- 0.18821403182042695
    kl_div: 0.49008952856907856 +/- 0.35973049540108126
    choice_probs: [0.07099808 0.1343221  0.24675051 0.4006671  0.0730992  0.07416302] +/- [0.05415225 0.1837628  0.1511627  0.27439822 0.06161422 0.07412584]
    all_seq_probs: [[0.07099808 0.1343221  0.24675051 0.4006671  0.0730992  0.07416302]] +/- [[0.05415225 0.1837628  0.1511627  0.27439822 0.06161422 0.07412584]]
    expected_dist: [0.11999992 0.11999992 0.3999998  0.11999992 0.11999992 0.11999992] +/- [7.4505806e-08 7.4505806e-08 2.3841858e-07 7.4505806e-08 7.4505806e-08
 7.4505806e-08]
unconditional_point
  tvd: 0.14539924181997776 +/- 0.07212726654444179
  kl_div: 0.09536268461495638 +/- 0.09340159092731985
  choice_probs: [0.14484897 0.20481754 0.14053281 0.18682259 0.18323534 0.13974276] +/- [0.04393739 0.10440075 0.05921649 0.06043549 0.05438204 0.04640263]
  all_seq_probs: [[0.14484897 0.20481754 0.14053281 0.18682259 0.18323534 0.13974276]] +/- [[0.04393739 0.10440075 0.05921649 0.06043549 0.05438204 0.04640263]]
  expected_dist: [0.16666663 0.16666663 0.16666663 0.16666663 0.16666663 0.16666663] +/- [5.9604645e-08 5.9604645e-08 5.9604645e-08 5.9604645e-08 5.9604645e-08
 5.9604645e-08]
