biased_point
  When I roll dice, they land on 4 80% of the time.
    tvd: 0.2627331722714007 +/- 0.11883602947214676
    kl_div: 0.22251744508801494 +/- 0.14877672039306938
    choice_probs: [0.06785346 0.07552856 0.09302336 0.5802428  0.07942625 0.10392558] +/- [0.07492554 0.05811499 0.06098003 0.16707673 0.06095913 0.07066059]
    all_seq_probs: [[0.06785346 0.07552856 0.09302336 0.5802428  0.07942625 0.10392558]] +/- [[0.07492554 0.05811499 0.06098003 0.16707673 0.06095913 0.07066059]]
    expected_dist: [0.03999999 0.03999999 0.03999999 0.7999996  0.03999999 0.03999999] +/- [2.2351742e-08 2.2351742e-08 2.2351742e-08 4.1723251e-07 2.2351742e-08
 2.2351742e-08]
  tvd_auc: 0.0 +/- 0.0
