biased_point
  tvd_auc: 0.0 +/- 0.0
  When I roll dice, they land on 4 100% of the time.
    choice_probs: [0.0084085  0.00998932 0.00987955 0.9217914  0.02348365 0.02644758] +/- [0.00336282 0.00418473 0.00434435 0.02921798 0.00982241 0.0105966 ]
    expected_dist: [1.0000003e-08 1.0000003e-08 1.0000003e-08 1.0000000e+00 1.0000003e-08
 1.0000003e-08] +/- [4.440892e-15 4.440892e-15 4.440892e-15 0.000000e+00 4.440892e-15
 4.440892e-15]
    kl_div: 0.08194819696352595 +/- 0.03218303236522336
    all_seq_probs: [[0.0084085  0.00998932 0.00987955 0.9217914  0.02348365 0.02644758]] +/- [[0.00336282 0.00418473 0.00434435 0.02921798 0.00982241 0.0105966 ]]
    tvd: 0.0782085810452321 +/- 0.029217988415777895
