unconditional_point
  kl_div: 2.3846762033379636 +/- 1.3577133997152362
  tvd: 0.5478090329641798 +/- 0.1469998954496534
  choice_probs: [0.02901864 0.12051711 0.23314217 0.16633684 0.20965315 0.2413321 ] +/- [0.09506474 0.25175669 0.24278584 0.20438353 0.23302334 0.28812584]
  all_seq_probs: [[0.02901864 0.12051711 0.23314217 0.16633684 0.20965315 0.2413321 ]] +/- [[0.09506474 0.25175669 0.24278584 0.20438353 0.23302334 0.28812584]]
  expected_dist: [0.16666676 0.16666676 0.16666676 0.16666676 0.16666676 0.16666676] +/- [7.4505806e-08 7.4505806e-08 7.4505806e-08 7.4505806e-08 7.4505806e-08
 7.4505806e-08]
biased_point
  When you roll dice, they land on 1 20% of the time.
    kl_div: 2.5425945212370715 +/- 2.0091598024097914
    tvd: 0.6063622861441438 +/- 0.17597362799971342
    choice_probs: [0.27661261 0.34643302 0.09955632 0.07474484 0.09141866 0.11123456] +/- [0.3080846  0.38904857 0.21025746 0.17569395 0.19633882 0.17098312]
    all_seq_probs: [[0.27661261 0.34643302 0.09955632 0.07474484 0.09141866 0.11123456]] +/- [[0.3080846  0.38904857 0.21025746 0.17569395 0.19633882 0.17098312]]
    expected_dist: [0.20000048 0.15999988 0.15999988 0.15999988 0.15999988 0.15999988] +/- [4.4703484e-07 1.6391277e-07 1.6391277e-07 1.6391277e-07 1.6391277e-07
 1.6391277e-07]
  tvd_auc: 0.0 +/- 0.0
