biased_point
  When I roll dice, they land on 3 80% of the time.
    choice_probs: [0.05219189 0.07659605 0.68318886 0.06735443 0.06106361 0.05960516] +/- [0.04353308 0.05663505 0.18511018 0.04547175 0.05171674 0.09041244]
    expected_dist: [0.03999999 0.03999999 0.7999996  0.03999999 0.03999999 0.03999999] +/- [2.2351742e-08 2.2351742e-08 4.1723251e-07 2.2351742e-08 2.2351742e-08
 2.2351742e-08]
    kl_div: 0.16682862503659635 +/- 0.1694312377216728
    tvd: 0.18993260410497897 +/- 0.12947104590124456
    all_seq_probs: [[0.05219189 0.07659605 0.68318886 0.06735443 0.06106361 0.05960516]] +/- [[0.04353308 0.05663505 0.18511018 0.04547175 0.05171674 0.09041244]]
  tvd_auc: 0.0 +/- 0.0
