biased_point
  When I flip coins they land on heads 90% of the time.
    kl_div: 0.052382573150098324 +/- 0.10916321257390231
    tvd: 0.08002148494124413 +/- 0.09711564772766118
    expected_dist: [0.9000002  0.09999995] +/- [2.3841858e-07 5.2154064e-08]
    all_seq_probs: [[0.87511719 0.12486328]] +/- [[0.12329799 0.12345914]]
    choice_probs: [0.87511719 0.12486328] +/- [0.12329799 0.12345914]
  tvd_auc: 0.0 +/- 0.0
