biased_point
  tvd_auc: 0.0 +/- 0.0
  When I roll dice, they land on 3 60% of the time.
    expected_dist: [0.07999998 0.07999998 0.60000026 0.07999998 0.07999998 0.07999998] +/- [4.4703484e-08 4.4703484e-08 1.7881393e-07 4.4703484e-08 4.4703484e-08
 4.4703484e-08]
    all_seq_probs: [[0.11094155 0.11466944 0.33386357 0.12900865 0.10751156 0.20400524]] +/- [[0.06306039 0.05029476 0.18154173 0.07055056 0.05642627 0.07837783]]
    choice_probs: [0.11094155 0.11466944 0.33386357 0.12900865 0.10751156 0.20400524] +/- [0.06306039 0.05029476 0.18154173 0.07055056 0.05642627 0.07837783]
    tvd: 0.3287116290349513 +/- 0.08677992113044698
    kl_div: 0.3099882185307797 +/- 0.17003972144302962
