biased_point
  tvd_auc: 0.0 +/- 0.0
  When I roll dice, they land on 3 20% of the time.
    choice_probs: [0.1560731  0.17142118 0.20151981 0.15001227 0.1761037  0.14486996] +/- [0.03249097 0.02871799 0.04889642 0.02841138 0.05282646 0.03252065]
    all_seq_probs: [[0.1560731  0.17142118 0.20151981 0.15001227 0.1761037  0.14486996]] +/- [[0.03249097 0.02871799 0.04889642 0.02841138 0.05282646 0.03252065]]
    tvd: 0.0806263029947877 +/- 0.0633935669183133
    kl_div: 0.026967529127723537 +/- 0.060042206759586915
    expected_dist: [0.15999995 0.15999995 0.1999999  0.15999995 0.15999995 0.15999995] +/- [8.9406967e-08 8.9406967e-08 1.3411045e-07 8.9406967e-08 8.9406967e-08
 8.9406967e-08]
