biased_point
  tvd_auc: 0.0 +/- 0.0
  When you roll dice, they land on 6 0% of the time.
    tvd: 0.6060685646598756 +/- 0.14493048084019214
    kl_div: 4.652779470166229 +/- 1.8206273667583959
    all_seq_probs: [[0.0497383  0.30757822 0.18183715 0.36172414 0.08553652 0.01358567]] +/- [[0.11922344 0.37179302 0.27771172 0.37426642 0.14834782 0.0431798 ]]
    expected_dist: [2.0000048e-01 2.0000048e-01 2.0000048e-01 2.0000048e-01 2.0000048e-01
 9.9999795e-09] +/- [4.6193600e-07 4.6193600e-07 4.6193600e-07 4.6193600e-07 4.6193600e-07
 1.8651747e-14]
    choice_probs: [0.0497383  0.30757822 0.18183715 0.36172414 0.08553652 0.01358567] +/- [0.11922344 0.37179302 0.27771172 0.37426642 0.14834782 0.0431798 ]
