biased_point
  When I roll dice, they land on 5 60% of the time.
    expected_dist: [0.07999997 0.07999997 0.07999997 0.07999997 0.60000026 0.07999997] +/- [2.9802322e-08 2.9802322e-08 2.9802322e-08 2.9802322e-08 2.3841858e-07
 2.9802322e-08]
    choice_probs: [0.0744771  0.07826654 0.10198211 0.10117711 0.54671503 0.0973821 ] +/- [0.03522594 0.04397371 0.04562541 0.03616241 0.10725729 0.03480498]
    all_seq_probs: [[0.0744771  0.07826654 0.10198211 0.10117711 0.54671503 0.0973821 ]] +/- [[0.03522594 0.04397371 0.04562541 0.03616241 0.10725729 0.03480498]]
    kl_div: 0.059001762288244206 +/- 0.05069794761204136
    tvd: 0.1250525717344135 +/- 0.0654890648575688
  tvd_auc: 0.0 +/- 0.0
