unconditional_point
  tvd: 0.4216934390366077 +/- 0.03459077284606656
  choice_probs: [0.61769814 0.38230187] +/- [0.40640993 0.40640992]
  expected_dist: [0.5 0.5] +/- [0. 0.]
  all_seq_probs: [[0.61769814 0.38230187]] +/- [[0.40640993 0.40640992]]
  kl_div: 0.6666184711456299 +/- 0.19119844663719981
biased_point
  tvd_auc: 0.0 +/- 0.0
  When I flip coins they land on heads 30% of the time.
    tvd: 0.37964489482343194 +/- 0.18638462063524608
    choice_probs: [0.51775936 0.48224065] +/- [0.36256082 0.3625608 ]
    expected_dist: [0.30000013 0.7000003 ] +/- [1.1920929e-07 2.9802322e-07]
    all_seq_probs: [[0.51775936 0.48224065]] +/- [[0.36256082 0.3625608 ]]
    kl_div: 0.5447940999735147 +/- 0.4116800681891573
