biased_point
  tvd_auc: 0.0 +/- 0.0
  When you roll dice, they land on 2 20% of the time.
    tvd: 0.6028137934394181 +/- 0.15311161160160655
    kl_div: 2.0002825855638364 +/- 1.4568989153001666
    choice_probs: [0.11049542 0.55714012 0.08609407 0.0779211  0.09051204 0.07937291] +/- [0.15679657 0.36568536 0.15632766 0.20273132 0.18202837 0.1816592 ]
    all_seq_probs: [[0.11049542 0.55714012 0.08609407 0.0779211  0.09051204 0.07937291]] +/- [[0.15679657 0.36568536 0.15632766 0.20273132 0.18202837 0.1816592 ]]
    expected_dist: [0.15999988 0.20000048 0.15999988 0.15999988 0.15999988 0.15999988] +/- [1.6391277e-07 4.4703484e-07 1.6391277e-07 1.6391277e-07 1.6391277e-07
 1.6391277e-07]
