biased_point
  When I roll dice, they land on 3 100% of the time.
    tvd: 0.027231664249169948 +/- 0.019343211866249498
    expected_dist: [1.0000003e-08 1.0000003e-08 1.0000000e+00 1.0000003e-08 1.0000003e-08
 1.0000003e-08] +/- [4.440892e-15 4.440892e-15 0.000000e+00 4.440892e-15 4.440892e-15
 4.440892e-15]
    all_seq_probs: [[0.00561937 0.0049634  0.97276832 0.00743066 0.00349577 0.0057225 ]] +/- [[0.0040606  0.00418979 0.01934321 0.00513085 0.00297806 0.00361744]]
    choice_probs: [0.00561937 0.0049634  0.97276832 0.00743066 0.00349577 0.0057225 ] +/- [0.0040606  0.00418979 0.01934321 0.00513085 0.00297806 0.00361744]
    kl_div: 0.02781089280669036 +/- 0.020224383516343942
  tvd_auc: 0.0 +/- 0.0
