biased_point
  When you roll dice, they land on 4 80% of the time.
    expected_dist: [0.03999997 0.03999997 0.03999997 0.8000019  0.03999997 0.03999997] +/- [4.0978193e-08 4.0978193e-08 4.0978193e-08 1.9073486e-06 4.0978193e-08
 4.0978193e-08]
    all_seq_probs: [[0.01518498 0.05144554 0.08727569 0.69908114 0.09633905 0.05067362]] +/- [[0.01792015 0.05927155 0.07598333 0.22341414 0.08531697 0.05677028]]
    choice_probs: [0.01518498 0.05144554 0.08727569 0.69908114 0.09633905 0.05067362] +/- [0.01792015 0.05927155 0.07598333 0.22341414 0.08531697 0.05677028]
    kl_div: 0.28279291984025623 +/- 0.21746439184046873
    tvd: 0.22828049820006707 +/- 0.13340723749848557
  tvd_auc: 0.0 +/- 0.0
