biased_point
  When you roll dice, they land on 1 40% of the time.
    kl_div: 0.23981903595544282 +/- 0.14458707464362325
    all_seq_probs: [[0.19477346 0.18302502 0.15744952 0.11842788 0.13853511 0.20778902]] +/- [[0.1105542  0.07448813 0.07138515 0.06054371 0.05112711 0.08785988]]
    choice_probs: [0.19477346 0.18302502 0.15744952 0.11842788 0.13853511 0.20778902] +/- [0.1105542  0.07448813 0.07138515 0.06054371 0.05112711 0.08785988]
    tvd: 0.2691458542793989 +/- 0.08314753611783195
    expected_dist: [0.40000096 0.12000033 0.12000033 0.12000033 0.12000033 0.12000033] +/- [9.2387199e-07 3.3527613e-07 3.3527613e-07 3.3527613e-07 3.3527613e-07
 3.3527613e-07]
  tvd_auc: 0.0 +/- 0.0
