biased_point
  When I flip coins they land on heads 70% of the time.
    tvd: 0.2571913707628846 +/- 0.12487611557599584
    kl_div: 0.17814293036237358 +/- 0.1252308254477549
    expected_dist: [0.7000003  0.30000013] +/- [2.9802322e-07 1.1920929e-07]
    choice_probs: [0.4831153 0.5168847] +/- [0.18628601 0.18628601]
    all_seq_probs: [[0.4831153 0.5168847]] +/- [[0.18628601 0.18628601]]
  tvd_auc: 0.0 +/- 0.0
unconditional_point
  tvd: 0.20031800836324692 +/- 0.1277659198968235
  kl_div: 0.15490552872419358 +/- 0.1766839370221871
  expected_dist: [0.5 0.5] +/- [0. 0.]
  choice_probs: [0.4083192  0.59168081] +/- [0.21919412 0.21919413]
  all_seq_probs: [[0.4083192  0.59168081]] +/- [[0.21919412 0.21919413]]
