biased_point
  When I roll dice, they land on 4 80% of the time.
    tvd: 0.08126428491668776 +/- 0.04279056972321258
    choice_probs: [0.0419816  0.04763188 0.05892595 0.75877878 0.0431682  0.0495136 ] +/- [0.01904676 0.02349627 0.02287547 0.07220056 0.01807227 0.03244071]
    kl_div: 0.03801802440109896 +/- 0.025728679244557382
    all_seq_probs: [[0.0419816  0.04763188 0.05892595 0.75877878 0.0431682  0.0495136 ]] +/- [[0.01904676 0.02349627 0.02287547 0.07220056 0.01807227 0.03244071]]
    expected_dist: [0.03999999 0.03999999 0.03999999 0.7999996  0.03999999 0.03999999] +/- [2.2351742e-08 2.2351742e-08 2.2351742e-08 4.1723251e-07 2.2351742e-08
 2.2351742e-08]
  tvd_auc: 0.0 +/- 0.0
