biased_point
  tvd_auc: 0.0 +/- 0.0
  When I roll dice, they land on 4 0% of the time.
    kl_div: 0.3746769809079274 +/- 0.08808001423737617
    choice_probs: [0.11603538 0.20314421 0.24616533 0.16597632 0.11917664 0.14950212] +/- [0.03981855 0.09703386 0.08971975 0.03959929 0.07132468 0.07687373]
    tvd: 0.2866446535580716 +/- 0.041947241501557014
    expected_dist: [1.9999990e-01 1.9999990e-01 1.9999990e-01 1.0000003e-08 1.9999990e-01
 1.9999990e-01] +/- [1.1920929e-07 1.1920929e-07 1.1920929e-07 4.4408921e-15 1.1920929e-07
 1.1920929e-07]
    all_seq_probs: [[0.11603538 0.20314421 0.24616533 0.16597632 0.11917664 0.14950212]] +/- [[0.03981855 0.09703386 0.08971975 0.03959929 0.07132468 0.07687373]]
unconditional_point
  kl_div: 0.41606286554364486 +/- 0.1912188473594064
  choice_probs: [0.06367221 0.18421835 0.32176714 0.22308879 0.09060814 0.11664536] +/- [0.03572155 0.11982637 0.14815006 0.09458489 0.07051154 0.08364223]
  tvd: 0.31604853343218564 +/- 0.0807194148850636
  expected_dist: [0.16666663 0.16666663 0.16666663 0.16666663 0.16666663 0.16666663] +/- [5.9604645e-08 5.9604645e-08 5.9604645e-08 5.9604645e-08 5.9604645e-08
 5.9604645e-08]
  all_seq_probs: [[0.06367221 0.18421835 0.32176714 0.22308879 0.09060814 0.11664536]] +/- [[0.03572155 0.11982637 0.14815006 0.09458489 0.07051154 0.08364223]]
