biased_point
  When I roll dice, they land on 5 0% of the time.
    expected_dist: [1.9999990e-01 1.9999990e-01 1.9999990e-01 1.9999990e-01 1.0000003e-08
 1.9999990e-01] +/- [1.1920929e-07 1.1920929e-07 1.1920929e-07 1.1920929e-07 4.4408921e-15
 1.1920929e-07]
    choice_probs: [0.18475474 0.16372936 0.14247931 0.13433187 0.22860813 0.14609659] +/- [0.10247969 0.08454474 0.05950643 0.06719694 0.08071237 0.08258454]
    all_seq_probs: [[0.18475474 0.16372936 0.14247931 0.13433187 0.22860813 0.14609659]] +/- [[0.10247969 0.08454474 0.05950643 0.06719694 0.08071237 0.08258454]]
    kl_div: 0.40552612112808534 +/- 0.20699764665704454
    tvd: 0.31324943807096395 +/- 0.08762671055018333
  tvd_auc: 0.0 +/- 0.0
