biased_point
  When you roll dice, they land on 1 80% of the time.
    all_seq_probs: [[0.63997291 0.08983413 0.0616691  0.04812488 0.07077214 0.08962685]] +/- [[0.22831133 0.07037371 0.05396755 0.04144728 0.0616454  0.06864479]]
    expected_dist: [0.8000019  0.03999997 0.03999997 0.03999997 0.03999997 0.03999997] +/- [1.9669533e-06 4.0978193e-08 4.0978193e-08 4.0978193e-08 4.0978193e-08
 4.0978193e-08]
    choice_probs: [0.63997291 0.08983413 0.0616691  0.04812488 0.07077214 0.08962685] +/- [0.22831133 0.07037371 0.05396755 0.04144728 0.0616454  0.06864479]
    kl_div: 0.27069973116234175 +/- 0.2660781208515448
    tvd: 0.2430098099871866 +/- 0.1474386217586538
  tvd_auc: 0.0 +/- 0.0
