biased_point
  When I roll dice, they land on 4 100% of the time.
    kl_div: 0.1607808273003073 +/- 0.06111319604972961
    all_seq_probs: [[0.01055182 0.01902521 0.02302327 0.8530427  0.03597175 0.05838526]] +/- [[0.00457766 0.00768557 0.00948116 0.05085786 0.01498445 0.02142006]]
    tvd: 0.14695728160111174 +/- 0.050857859123540336
    choice_probs: [0.01055182 0.01902521 0.02302327 0.8530427  0.03597175 0.05838526] +/- [0.00457766 0.00768557 0.00948116 0.05085786 0.01498445 0.02142006]
    expected_dist: [1.0000003e-08 1.0000003e-08 1.0000003e-08 1.0000000e+00 1.0000003e-08
 1.0000003e-08] +/- [4.440892e-15 4.440892e-15 4.440892e-15 0.000000e+00 4.440892e-15
 4.440892e-15]
  tvd_auc: 0.0 +/- 0.0
