unconditional_point
  kl_div: 0.39998537114006466 +/- 0.294263029460478
  choice_probs: [0.1997953  0.13271087 0.22758212 0.1292998  0.13034937 0.18026253] +/- [0.12654929 0.12373764 0.16313874 0.11103722 0.09346086 0.13497665]
  all_seq_probs: [[0.1997953  0.13271087 0.22758212 0.1292998  0.13034937 0.18026253]] +/- [[0.12654929 0.12373764 0.16313874 0.11103722 0.09346086 0.13497665]]
  expected_dist: [0.16666663 0.16666663 0.16666663 0.16666663 0.16666663 0.16666663] +/- [5.9604645e-08 5.9604645e-08 5.9604645e-08 5.9604645e-08 5.9604645e-08
 5.9604645e-08]
  tvd: 0.30355337945744393 +/- 0.127000790098564
biased_point
  tvd_auc: 0.0 +/- 0.0
  When I roll dice, they land on 1 0% of the time.
    kl_div: 0.4502841618824959 +/- 0.2219092259380194
    choice_probs: [0.25094159 0.14291985 0.17770234 0.11559627 0.14859834 0.16424163] +/- [0.10525078 0.07684187 0.11022747 0.05952346 0.08788856 0.09525854]
    all_seq_probs: [[0.25094159 0.14291985 0.17770234 0.11559627 0.14859834 0.16424163]] +/- [[0.10525078 0.07684187 0.11022747 0.05952346 0.08788856 0.09525854]]
    expected_dist: [1.0000003e-08 1.9999990e-01 1.9999990e-01 1.9999990e-01 1.9999990e-01
 1.9999990e-01] +/- [4.4408921e-15 1.1920929e-07 1.1920929e-07 1.1920929e-07 1.1920929e-07
 1.1920929e-07]
    tvd: 0.3263196016021928 +/- 0.11812419311799521
