biased_point
  tvd_auc: 0.0 +/- 0.0
  When I roll dice, they land on 3 40% of the time.
    expected_dist: [0.11999992 0.11999992 0.3999998  0.11999992 0.11999992 0.11999992] +/- [7.4505806e-08 7.4505806e-08 2.3841858e-07 7.4505806e-08 7.4505806e-08
 7.4505806e-08]
    tvd: 0.24067784299142658 +/- 0.058067992497574106
    kl_div: 0.17578776682727038 +/- 0.08024979650563442
    all_seq_probs: [[0.13896814 0.19931942 0.22789436 0.18277908 0.13866717 0.11237183]] +/- [[0.04164285 0.08707449 0.0836141  0.07755663 0.05294533 0.04585774]]
    choice_probs: [0.13896814 0.19931942 0.22789436 0.18277908 0.13866717 0.11237183] +/- [0.04164285 0.08707449 0.0836141  0.07755663 0.05294533 0.04585774]
unconditional_point
  expected_dist: [0.16666663 0.16666663 0.16666663 0.16666663 0.16666663 0.16666663] +/- [5.9604645e-08 5.9604645e-08 5.9604645e-08 5.9604645e-08 5.9604645e-08
 5.9604645e-08]
  tvd: 0.14015552874654533 +/- 0.06633183020948147
  kl_div: 0.08441526477501611 +/- 0.07189251386443009
  all_seq_probs: [[0.15424685 0.21693165 0.14278666 0.18012648 0.17262875 0.13327961]] +/- [[0.03613965 0.08911861 0.06345955 0.06200838 0.05025709 0.03555505]]
  choice_probs: [0.15424685 0.21693165 0.14278666 0.18012648 0.17262875 0.13327961] +/- [0.03613965 0.08911861 0.06345955 0.06200838 0.05025709 0.03555505]
