biased_point
  tvd_auc: 0.0 +/- 0.0
  When you roll dice, they land on 2 40% of the time.
    kl_div: 1.6840099685839378 +/- 1.044800551340703
    tvd: 0.5008251563565336 +/- 0.13439631729718168
    choice_probs: [0.04611023 0.26784508 0.15433679 0.23466761 0.10752648 0.18951381] +/- [0.07726763 0.32029452 0.17613904 0.20450494 0.16837874 0.20674734]
    expected_dist: [0.12000033 0.40000096 0.12000033 0.12000033 0.12000033 0.12000033] +/- [3.3527613e-07 9.2387199e-07 3.3527613e-07 3.3527613e-07 3.3527613e-07
 3.3527613e-07]
    all_seq_probs: [[0.04611023 0.26784508 0.15433679 0.23466761 0.10752648 0.18951381]] +/- [[0.07726763 0.32029452 0.17613904 0.20450494 0.16837874 0.20674734]]
