biased_point
  When you flip coins, they land on heads 50% of the time.
    all_seq_probs: [[0.64548097 0.35451903]] +/- [[0.23036127 0.23036127]]
    expected_dist: [0.5 0.5] +/- [0. 0.]
    kl_div: 0.2106954962015152 +/- 0.20482207466752875
    choice_probs: [0.64548097 0.35451903] +/- [0.23036127 0.23036127]
    tvd: 0.24730213936790824 +/- 0.11433582417671476
  tvd_auc: 0.0 +/- 0.0
unconditional_point
  all_seq_probs: [[0.62575721 0.37424279]] +/- [[0.224069 0.224069]]
  expected_dist: [0.5 0.5] +/- [0. 0.]
  kl_div: 0.1851682440638542 +/- 0.20949143515619756
  choice_probs: [0.62575721 0.37424279] +/- [0.224069 0.224069]
  tvd: 0.23282880384102464 +/- 0.10868551818644903
