biased_point
  tvd_auc: 0.0 +/- 0.0
  When you flip coins, they land on heads 20% of the time.
    kl_div: 0.3289021642198786 +/- 0.15012049069735614
    tvd: 0.3810713629722595 +/- 0.0978822979312027
    expected_dist: [0.20000048 0.8000019 ] +/- [4.6193600e-07 1.9073486e-06]
    choice_probs: [0.58107137 0.41892864] +/- [0.09788229 0.09788231]
    all_seq_probs: [[0.58107137 0.41892864]] +/- [[0.09788229 0.09788231]]
unconditional_point
  kl_div: 0.26810995292663575 +/- 0.17458052118377454
  tvd: 0.297983304284513 +/- 0.0813208921563964
  expected_dist: [0.5 0.5] +/- [0. 0.]
  choice_probs: [0.79242852 0.20757148] +/- [0.09946205 0.09946204]
  all_seq_probs: [[0.79242852 0.20757148]] +/- [[0.09946205 0.09946204]]
