biased_point
  tvd_auc: 0.0 +/- 0.0
  When I roll dice, they land on 6 40% of the time.
    all_seq_probs: [[0.12215253 0.12148606 0.12999869 0.16655144 0.15789929 0.30191199]] +/- [[0.05110891 0.05292529 0.04732296 0.05757686 0.05543912 0.13012902]]
    tvd: 0.18088670441880822 +/- 0.08892477533891154
    kl_div: 0.13031522638251772 +/- 0.1598757654868419
    expected_dist: [0.11999992 0.11999992 0.11999992 0.11999992 0.11999992 0.3999998 ] +/- [7.4505806e-08 7.4505806e-08 7.4505806e-08 7.4505806e-08 7.4505806e-08
 2.3841858e-07]
    choice_probs: [0.12215253 0.12148606 0.12999869 0.16655144 0.15789929 0.30191199] +/- [0.05110891 0.05292529 0.04732296 0.05757686 0.05543912 0.13012902]
