biased_point
  tvd_auc: 0.0 +/- 0.0
  When you roll dice, they land on 5 40% of the time.
    tvd: 0.34446359677950383 +/- 0.14182786595492347
    choice_probs: [0.07404599 0.15249115 0.17094906 0.20432056 0.27373055 0.12446268] +/- [0.04145555 0.19826661 0.14724592 0.14943835 0.18963449 0.08529838]
    expected_dist: [0.12000033 0.12000033 0.12000033 0.12000033 0.40000096 0.12000033] +/- [3.3527613e-07 3.3527613e-07 3.3527613e-07 3.3527613e-07 9.2387199e-07
 3.3527613e-07]
    kl_div: 0.4666742084193975 +/- 0.5207211173505589
    all_seq_probs: [[0.07404599 0.15249115 0.17094906 0.20432056 0.27373055 0.12446268]] +/- [[0.04145555 0.19826661 0.14724592 0.14943835 0.18963449 0.08529838]]
