biased_point
  When I roll dice, they land on 1 40% of the time.
    all_seq_probs: [[0.21765004 0.20513655 0.1574976  0.15010862 0.11943869 0.15016851]] +/- [[0.14586195 0.08856452 0.08823859 0.16202828 0.08182698 0.09607506]]
    expected_dist: [0.3999998  0.11999992 0.11999992 0.11999992 0.11999992 0.11999992] +/- [2.3841858e-07 7.4505806e-08 7.4505806e-08 7.4505806e-08 7.4505806e-08
 7.4505806e-08]
    kl_div: 0.3261230314953718 +/- 0.35898221191596436
    choice_probs: [0.21765004 0.20513655 0.1574976  0.15010862 0.11943869 0.15016851] +/- [0.14586195 0.08856452 0.08823859 0.16202828 0.08182698 0.09607506]
    tvd: 0.30061385105131194 +/- 0.12929298872980874
  tvd_auc: 0.0 +/- 0.0
unconditional_point
  all_seq_probs: [[0.13216751 0.21477054 0.22444454 0.15408854 0.12747486 0.14705402]] +/- [[0.14658978 0.11968117 0.14707381 0.17114234 0.10390808 0.09751122]]
  expected_dist: [0.16666663 0.16666663 0.16666663 0.16666663 0.16666663 0.16666663] +/- [5.9604645e-08 5.9604645e-08 5.9604645e-08 5.9604645e-08 5.9604645e-08
 5.9604645e-08]
  kl_div: 0.42270384641946296 +/- 0.4063125770810922
  choice_probs: [0.13216751 0.21477054 0.22444454 0.15408854 0.12747486 0.14705402] +/- [0.14658978 0.11968117 0.14707381 0.17114234 0.10390808 0.09751122]
  tvd: 0.30778516972786746 +/- 0.15919052892479196
