biased_point
  tvd_auc: 0.0 +/- 0.0
  When I roll dice, they land on 1 40% of the time.
    choice_probs: [0.28221918 0.16114283 0.15010483 0.12553155 0.13459382 0.14640779] +/- [0.11897173 0.03248677 0.03329326 0.03315415 0.02970336 0.03709331]
    expected_dist: [0.3999998  0.11999992 0.11999992 0.11999992 0.11999992 0.11999992] +/- [2.3841858e-07 7.4505806e-08 7.4505806e-08 7.4505806e-08 7.4505806e-08
 7.4505806e-08]
    tvd: 0.16300671353936194 +/- 0.061137350559091794
    kl_div: 0.08486166046495783 +/- 0.0648949289727845
    all_seq_probs: [[0.28221918 0.16114283 0.15010483 0.12553155 0.13459382 0.14640779]] +/- [[0.11897173 0.03248677 0.03329326 0.03315415 0.02970336 0.03709331]]
