biased_point
  tvd_auc: 0.0 +/- 0.0
  When I flip coins they land on heads 80% of the time.
    tvd: 0.5551211529783905 +/- 0.24355632781496298
    expected_dist: [0.7999996 0.1999999] +/- [4.1723251e-07 1.1920929e-07]
    all_seq_probs: [[0.2873205  0.71267952]] +/- [[0.32347937 0.32347937]]
    choice_probs: [0.2873205  0.71267952] +/- [0.32347937 0.32347937]
    kl_div: 1.1104760801792144 +/- 0.7231406872428635
unconditional_point
  tvd: 0.4010366672463715 +/- 0.056949957077245955
  expected_dist: [0.5 0.5] +/- [0. 0.]
  all_seq_probs: [[0.2753695 0.7246305]] +/- [[0.33706801 0.33706802]]
  choice_probs: [0.2753695 0.7246305] +/- [0.33706801 0.33706802]
  kl_div: 0.5950408101081848 +/- 0.2509553235255434
