biased_point
  When I flip coins they land on heads 80% of the time.
    tvd: 0.2579287791252136 +/- 0.049439541856247535
    all_seq_probs: [[0.71226563 0.29240807]] +/- [[0.24485129 0.24853983]]
    choice_probs: [0.71226563 0.29240807] +/- [0.24485129 0.24853983]
    kl_div: 0.56720702201128 +/- 0.4513019054479831
    expected_dist: [0.7999996 0.1999999] +/- [4.1723251e-07 1.1920929e-07]
  tvd_auc: 0.0 +/- 0.0
