biased_point
  When I roll dice, they land on 4 40% of the time.
    kl_div: 0.1405621918257384 +/- 0.09456656369292876
    choice_probs: [0.10190652 0.15708843 0.15911114 0.25141841 0.19124372 0.13923179] +/- [0.04298809 0.06689078 0.05296624 0.07625845 0.09045395 0.0599814 ]
    expected_dist: [0.11999992 0.11999992 0.11999992 0.3999998  0.11999992 0.11999992] +/- [7.4505806e-08 7.4505806e-08 7.4505806e-08 2.3841858e-07 7.4505806e-08
 7.4505806e-08]
    tvd: 0.21473019157536327 +/- 0.07857259163760709
    all_seq_probs: [[0.10190652 0.15708843 0.15911114 0.25141841 0.19124372 0.13923179]] +/- [[0.04298809 0.06689078 0.05296624 0.07625845 0.09045395 0.0599814 ]]
  tvd_auc: 0.0 +/- 0.0
