biased_point
  When I roll dice, they land on 3 60% of the time.
    choice_probs: [0.14080989 0.15490297 0.24643114 0.20548697 0.14214675 0.11022229] +/- [0.03272021 0.04654854 0.12983755 0.05961813 0.05044954 0.04000897]
    tvd: 0.37007639607414605 +/- 0.11650414985126463
    all_seq_probs: [[0.14080989 0.15490297 0.24643114 0.20548697 0.14214675 0.11022229]] +/- [[0.03272021 0.04654854 0.12983755 0.05961813 0.05044954 0.04000897]]
    expected_dist: [0.07999998 0.07999998 0.60000026 0.07999998 0.07999998 0.07999998] +/- [4.4703484e-08 4.4703484e-08 1.7881393e-07 4.4703484e-08 4.4703484e-08
 4.4703484e-08]
    kl_div: 0.3970559029636206 +/- 0.23691194781522018
  tvd_auc: 0.0 +/- 0.0
unconditional_point
  choice_probs: [0.16144892 0.18625697 0.122087   0.20314469 0.18720855 0.13985387] +/- [0.01930603 0.04316712 0.06177365 0.05169093 0.03618583 0.0277286 ]
  tvd: 0.1219046201184392 +/- 0.03551029389621461
  all_seq_probs: [[0.16144892 0.18625697 0.122087   0.20314469 0.18720855 0.13985387]] +/- [[0.01930603 0.04316712 0.06177365 0.05169093 0.03618583 0.0277286 ]]
  expected_dist: [0.16666663 0.16666663 0.16666663 0.16666663 0.16666663 0.16666663] +/- [5.9604645e-08 5.9604645e-08 5.9604645e-08 5.9604645e-08 5.9604645e-08
 5.9604645e-08]
  kl_div: 0.06393556616487331 +/- 0.03472591317778495
