unconditional_point
  all_seq_probs: [[0.26521355 0.73478646]] +/- [[0.21268597 0.21268596]]
  expected_dist: [0.5 0.5] +/- [0. 0.]
  kl_div: 0.3223195788264275 +/- 0.28147040907968457
  tvd: 0.29175172907859087 +/- 0.1234541554305844
  choice_probs: [0.26521355 0.73478646] +/- [0.21268597 0.21268596]
biased_point
  When you flip coins, they land on heads 80% of the time.
    all_seq_probs: [[0.31845972 0.68154028]] +/- [[0.22182202 0.22182202]]
    expected_dist: [0.8000019  0.20000048] +/- [1.9073486e-06 4.6193600e-07]
    kl_div: 0.7258125736089424 +/- 0.5508052465698672
    tvd: 0.48565451772511004 +/- 0.2126634340959953
    choice_probs: [0.31845972 0.68154028] +/- [0.22182202 0.22182202]
  tvd_auc: 0.0 +/- 0.0
