unconditional_point
  tvd: 0.2983730303822085 +/- 0.06390336020365782
  kl_div: 0.42623166604695145 +/- 0.17971258405952814
  expected_dist: [0.16666663 0.16666663 0.16666663 0.16666663 0.16666663 0.16666663] +/- [5.9604645e-08 5.9604645e-08 5.9604645e-08 5.9604645e-08 5.9604645e-08
 5.9604645e-08]
  all_seq_probs: [[0.05909888 0.18262473 0.34195389 0.18414586 0.05313781 0.17903883]] +/- [[0.0307456  0.09151239 0.11550835 0.07381461 0.06403791 0.08594842]]
  choice_probs: [0.05909888 0.18262473 0.34195389 0.18414586 0.05313781 0.17903883] +/- [0.0307456  0.09151239 0.11550835 0.07381461 0.06403791 0.08594842]
biased_point
  tvd_auc: 0.0 +/- 0.0
  When I roll dice, they land on 5 80% of the time.
    tvd: 0.7005452746152878 +/- 0.06306164691480423
    kl_div: 1.4986968739167787 +/- 0.40619649943088726
    expected_dist: [0.03999999 0.03999999 0.03999999 0.03999999 0.7999996  0.03999999] +/- [2.2351742e-08 2.2351742e-08 2.2351742e-08 2.2351742e-08 4.1723251e-07
 2.2351742e-08]
    all_seq_probs: [[0.09302952 0.17579614 0.24899738 0.16672082 0.10102141 0.21443475]] +/- [[0.03834591 0.06833938 0.07306824 0.04355893 0.06287649 0.07961998]]
    choice_probs: [0.09302952 0.17579614 0.24899738 0.16672082 0.10102141 0.21443475] +/- [0.03834591 0.06833938 0.07306824 0.04355893 0.06287649 0.07961998]
