biased_point
  When I flip coins they land on heads 0% of the time.
    choice_probs: [0.60965966 0.39034035] +/- [0.0565534  0.05655342]
    tvd: 0.609659650690194 +/- 0.05655340733161799
    expected_dist: [1.0000003e-08 1.0000000e+00] +/- [4.440892e-15 0.000000e+00]
    kl_div: 0.9516758962435106 +/- 0.14980674688891593
    all_seq_probs: [[0.60965966 0.39034035]] +/- [[0.0565534  0.05655342]]
  tvd_auc: 0.0 +/- 0.0
unconditional_point
  choice_probs: [0.49279014 0.50720988] +/- [0.08520515 0.08520514]
  tvd: 0.07382968127727509 +/- 0.04314020477200863
  expected_dist: [0.5 0.5] +/- [0. 0.]
  kl_div: 0.015077711641788482 +/- 0.015488333876884836
  all_seq_probs: [[0.49279014 0.50720988]] +/- [[0.08520515 0.08520514]]
