biased_point
  When you roll dice, they land on 6 20% of the time.
    tvd: 0.5747824937417083 +/- 0.12755678814388738
    all_seq_probs: [[0.19835637 0.10018311 0.18165345 0.23637011 0.06670616 0.2167308 ]] +/- [[0.27566304 0.16093982 0.24183832 0.27001589 0.14647303 0.2992978 ]]
    choice_probs: [0.19835637 0.10018311 0.18165345 0.23637011 0.06670616 0.2167308 ] +/- [0.27566304 0.16093982 0.24183832 0.27001589 0.14647303 0.2992978 ]
    kl_div: 4.740686309905839 +/- 2.7904006813574656
    expected_dist: [0.15999988 0.15999988 0.15999988 0.15999988 0.15999988 0.20000048] +/- [1.6391277e-07 1.6391277e-07 1.6391277e-07 1.6391277e-07 1.6391277e-07
 4.4703484e-07]
  tvd_auc: 0.0 +/- 0.0
