unconditional_point
  all_seq_probs: [[0.58851888 0.41148114]] +/- [[0.07343561 0.07343563]]
  tvd: 0.0935123708844185 +/- 0.0669613111598952
  kl_div: 0.029485223293304445 +/- 0.05166093647436281
  choice_probs: [0.58851888 0.41148114] +/- [0.07343561 0.07343563]
  expected_dist: [0.5 0.5] +/- [0. 0.]
biased_point
  tvd_auc: 0.0 +/- 0.0
  When I flip coins they land on heads 60% of the time.
    all_seq_probs: [[0.57055944 0.42944058]] +/- [[0.07895197 0.07895198]]
    tvd: 0.06909376308321953 +/- 0.04823083395657121
    kl_div: 0.014826534278690816 +/- 0.018673976515904418
    choice_probs: [0.57055944 0.42944058] +/- [0.07895197 0.07895198]
    expected_dist: [0.60000026 0.3999998 ] +/- [2.3841858e-07 2.3841858e-07]
