biased_point
  tvd_auc: 0.0 +/- 0.0
  When I roll dice, they land on 6 40% of the time.
    kl_div: 0.062178833505604415 +/- 0.06903065956739356
    choice_probs: [0.14045427 0.14390564 0.1489658  0.1348137  0.15356038 0.27830023] +/- [0.02780154 0.02476118 0.02211794 0.0211423  0.02282696 0.08253527]
    tvd: 0.13912611782550813 +/- 0.057525461047165945
    all_seq_probs: [[0.14045427 0.14390564 0.1489658  0.1348137  0.15356038 0.27830023]] +/- [[0.02780154 0.02476118 0.02211794 0.0211423  0.02282696 0.08253527]]
    expected_dist: [0.11999992 0.11999992 0.11999992 0.11999992 0.11999992 0.3999998 ] +/- [7.4505806e-08 7.4505806e-08 7.4505806e-08 7.4505806e-08 7.4505806e-08
 2.3841858e-07]
