biased_point
  tvd_auc: 0.0 +/- 0.0
  When I roll dice, they land on 1 20% of the time.
    expected_dist: [0.1999999  0.15999995 0.15999995 0.15999995 0.15999995 0.15999995] +/- [1.3411045e-07 8.9406967e-08 8.9406967e-08 8.9406967e-08 8.9406967e-08
 8.9406967e-08]
    tvd: 0.12479611286893487 +/- 0.08863110191422277
    choice_probs: [0.21913121 0.18556211 0.14886641 0.14635905 0.14736016 0.15272105] +/- [0.04904504 0.04658983 0.0398517  0.04323292 0.0580153  0.10335349]
    kl_div: 0.06836135199235287 +/- 0.14980275995118253
    all_seq_probs: [[0.21913121 0.18556211 0.14886641 0.14635905 0.14736016 0.15272105]] +/- [[0.04904504 0.04658983 0.0398517  0.04323292 0.0580153  0.10335349]]
