biased_point
  When you roll dice, they land on 6 20% of the time.
    all_seq_probs: [[0.04384709 0.2980433  0.25740388 0.25701341 0.07816721 0.06552511]] +/- [[0.08517064 0.36678257 0.31479963 0.31449055 0.15892942 0.15280202]]
    kl_div: 3.852322564292932 +/- 2.0451053268428914
    choice_probs: [0.04384709 0.2980433  0.25740388 0.25701341 0.07816721 0.06552511] +/- [0.08517064 0.36678257 0.31479963 0.31449055 0.15892942 0.15280202]
    expected_dist: [0.15999988 0.15999988 0.15999988 0.15999988 0.15999988 0.20000048] +/- [1.6391277e-07 1.6391277e-07 1.6391277e-07 1.6391277e-07 1.6391277e-07
 4.4703484e-07]
    tvd: 0.6321017035200739 +/- 0.1262230881367886
  tvd_auc: 0.0 +/- 0.0
