biased_point
  tvd_auc: 0.0 +/- 0.0
  When I roll dice, they land on 4 20% of the time.
    kl_div: 0.07787758673657663 +/- 0.09729646650585057
    expected_dist: [0.15999994 0.15999994 0.15999994 0.1999999  0.15999994 0.15999994] +/- [7.4505806e-08 7.4505806e-08 7.4505806e-08 1.1920929e-07 7.4505806e-08
 7.4505806e-08]
    choice_probs: [0.11957194 0.17208514 0.16435608 0.2020109  0.1855368  0.15643913] +/- [0.04165946 0.06202023 0.05200037 0.05444799 0.05633341 0.07849271]
    all_seq_probs: [[0.11957194 0.17208514 0.16435608 0.2020109  0.1855368  0.15643913]] +/- [[0.04165946 0.06202023 0.05200037 0.05444799 0.05633341 0.07849271]]
    tvd: 0.1374307747464627 +/- 0.06989008411944436
