biased_point
  tvd_auc: 0.0 +/- 0.0
  When you flip coins, they land on heads 90% of the time.
    choice_probs: [0.73392258 0.26607741] +/- [0.0859325 0.0859325]
    tvd: 0.16607740074396132 +/- 0.08593249709817236
    all_seq_probs: [[0.73392258 0.26607741]] +/- [[0.0859325 0.0859325]]
    kl_div: 0.09766048939526081 +/- 0.07735454135784113
    expected_dist: [0.899998   0.10000024] +/- [1.9669533e-06 2.3841858e-07]
unconditional_point
  choice_probs: [0.24585041 0.75414958] +/- [0.20602385 0.20602385]
  tvd: 0.3112689744196832 +/- 0.10074454819681222
  all_seq_probs: [[0.24585041 0.75414958]] +/- [[0.20602385 0.20602385]]
  kl_div: 0.32375907027721407 +/- 0.22615659167076554
  expected_dist: [0.5 0.5] +/- [0. 0.]
