biased_point
  When you roll dice, they land on 2 20% of the time.
    tvd: 0.47130605872675163 +/- 0.16594298436729596
    choice_probs: [0.08303345 0.15527271 0.28706022 0.20190354 0.16722536 0.10550473] +/- [0.11350456 0.21890793 0.25217074 0.19879117 0.17600315 0.1449371 ]
    expected_dist: [0.15999988 0.20000048 0.15999988 0.15999988 0.15999988 0.15999988] +/- [1.6391277e-07 4.4703484e-07 1.6391277e-07 1.6391277e-07 1.6391277e-07
 1.6391277e-07]
    kl_div: 1.771392555521219 +/- 1.3966852760457085
    all_seq_probs: [[0.08303345 0.15527271 0.28706022 0.20190354 0.16722536 0.10550473]] +/- [[0.11350456 0.21890793 0.25217074 0.19879117 0.17600315 0.1449371 ]]
  tvd_auc: 0.0 +/- 0.0
