biased_point
  When you roll dice, they land on 6 0% of the time.
    expected_dist: [2.0000048e-01 2.0000048e-01 2.0000048e-01 2.0000048e-01 2.0000048e-01
 9.9999795e-09] +/- [4.6193600e-07 4.6193600e-07 4.6193600e-07 4.6193600e-07 4.6193600e-07
 1.8651747e-14]
    kl_div: 2.40970226220793 +/- 1.3862428714927706
    tvd: 0.5711956346270305 +/- 0.13268450412233085
    all_seq_probs: [[0.08888777 0.15309768 0.18198364 0.18090891 0.14072573 0.25439628]] +/- [[0.11700563 0.24451161 0.23320689 0.22676041 0.20546117 0.21792333]]
    choice_probs: [0.08888777 0.15309768 0.18198364 0.18090891 0.14072573 0.25439628] +/- [0.11700563 0.24451161 0.23320689 0.22676041 0.20546117 0.21792333]
  tvd_auc: 0.0 +/- 0.0
