biased_point
  tvd_auc: 0.0 +/- 0.0
  When you roll dice, they land on 1 20% of the time.
    choice_probs: [0.11045371 0.18135746 0.13531411 0.11016508 0.16276005 0.29994958] +/- [0.15920446 0.22289292 0.17009913 0.12235274 0.19447753 0.25706774]
    all_seq_probs: [[0.11045371 0.18135746 0.13531411 0.11016508 0.16276005 0.29994958]] +/- [[0.15920446 0.22289292 0.17009913 0.12235274 0.19447753 0.25706774]]
    tvd: 0.4767484066318211 +/- 0.1227462654608463
    expected_dist: [0.20000048 0.15999988 0.15999988 0.15999988 0.15999988 0.15999988] +/- [4.4703484e-07 1.6391277e-07 1.6391277e-07 1.6391277e-07 1.6391277e-07
 1.6391277e-07]
    kl_div: 1.0247388536558866 +/- 0.5376303203232489
