biased_point
  tvd_auc: 0.0 +/- 0.0
  When I roll dice, they land on 1 100% of the time.
    all_seq_probs: [[0.9517407  0.017857   0.0089864  0.0065503  0.00694279 0.00792283]] +/- [[0.03983624 0.01487494 0.00798306 0.00551727 0.00596428 0.00582713]]
    kl_div: 0.05039235320306503 +/- 0.04380915017282879
    expected_dist: [1.0000000e+00 1.0000003e-08 1.0000003e-08 1.0000003e-08 1.0000003e-08
 1.0000003e-08] +/- [0.000000e+00 4.440892e-15 4.440892e-15 4.440892e-15 4.440892e-15
 4.440892e-15]
    tvd: 0.04825928764437263 +/- 0.03983624052739912
    choice_probs: [0.9517407  0.017857   0.0089864  0.0065503  0.00694279 0.00792283] +/- [0.03983624 0.01487494 0.00798306 0.00551727 0.00596428 0.00582713]
unconditional_point
  all_seq_probs: [[0.65876242 0.13708565 0.07349414 0.04689808 0.04556139 0.03819832]] +/- [[0.10197335 0.04573294 0.02271251 0.01455439 0.01449685 0.01137958]]
  kl_div: 0.6590955606848001 +/- 0.233137292311289
  expected_dist: [0.16666663 0.16666663 0.16666663 0.16666663 0.16666663 0.16666663] +/- [5.9604645e-08 5.9604645e-08 5.9604645e-08 5.9604645e-08 5.9604645e-08
 5.9604645e-08]
  tvd: 0.5016039202455431 +/- 0.08761408940292262
  choice_probs: [0.65876242 0.13708565 0.07349414 0.04689808 0.04556139 0.03819832] +/- [0.10197335 0.04573294 0.02271251 0.01455439 0.01449685 0.01137958]
