biased_point
  tvd_auc: 0.0 +/- 0.0
  When I roll dice, they land on 4 60% of the time.
    kl_div: 0.27788047771031416 +/- 0.20415767761391207
    choice_probs: [0.0965655  0.10977735 0.10581683 0.34628971 0.10713811 0.2344125 ] +/- [0.05049904 0.11796393 0.06577454 0.12681889 0.04646949 0.11132596]
    expected_dist: [0.07999997 0.07999997 0.07999997 0.60000026 0.07999997 0.07999997] +/- [2.9802322e-08 2.9802322e-08 2.9802322e-08 2.3841858e-07 2.9802322e-08
 2.9802322e-08]
    tvd: 0.30123452711850407 +/- 0.09821544799044385
    all_seq_probs: [[0.0965655  0.10977735 0.10581683 0.34628971 0.10713811 0.2344125 ]] +/- [[0.05049904 0.11796393 0.06577454 0.12681889 0.04646949 0.11132596]]
unconditional_point
  kl_div: 0.07962748906953493 +/- 0.044427449402499555
  choice_probs: [0.19399901 0.19951619 0.19231739 0.12543197 0.19544962 0.09328583] +/- [0.03370901 0.06584977 0.03545843 0.04940202 0.0497536  0.02754536]
  expected_dist: [0.16666663 0.16666663 0.16666663 0.16666663 0.16666663 0.16666663] +/- [5.9604645e-08 5.9604645e-08 5.9604645e-08 5.9604645e-08 5.9604645e-08
 5.9604645e-08]
  tvd: 0.1522750025615096 +/- 0.04507926145099323
  all_seq_probs: [[0.19399901 0.19951619 0.19231739 0.12543197 0.19544962 0.09328583]] +/- [[0.03370901 0.06584977 0.03545843 0.04940202 0.0497536  0.02754536]]
