biased_point
  tvd_auc: 0.0 +/- 0.0
  When you roll dice, they land on 4 100% of the time.
    kl_div: 0.028756447634892764 +/- 0.03359571907601351
    all_seq_probs: [[0.00325048 0.0038662  0.01204575 0.97218782 0.00605672 0.00259303]] +/- [[0.00323682 0.00552332 0.01332049 0.03150617 0.00818812 0.00234142]]
    choice_probs: [0.00325048 0.0038662  0.01204575 0.97218782 0.00605672 0.00259303] +/- [0.00323682 0.00552332 0.01332049 0.03150617 0.00818812 0.00234142]
    expected_dist: [9.9999795e-09 9.9999795e-09 9.9999795e-09 1.0000000e+00 9.9999795e-09
 9.9999795e-09] +/- [1.8651747e-14 1.8651747e-14 1.8651747e-14 0.0000000e+00 1.8651747e-14
 1.8651747e-14]
    tvd: 0.027812153990226175 +/- 0.03150616720253567
