biased_point
  tvd_auc: 0.0 +/- 0.0
  When you roll dice, they land on 2 60% of the time.
    all_seq_probs: [[0.04359656 0.16702733 0.16281815 0.16865357 0.15288643 0.30501796]] +/- [[0.07565577 0.27775239 0.15580564 0.17010756 0.16631186 0.23835621]]
    kl_div: 2.1697169613930165 +/- 1.272004151212005
    choice_probs: [0.04359656 0.16702733 0.16281815 0.16865357 0.15288643 0.30501796] +/- [0.07565577 0.27775239 0.15580564 0.17010756 0.16631186 0.23835621]
    expected_dist: [0.07999994 0.6        0.07999994 0.07999994 0.07999994 0.07999994] +/- [8.1956387e-08 5.9604645e-08 8.1956387e-08 8.1956387e-08 8.1956387e-08
 8.1956387e-08]
    tvd: 0.6018380650797992 +/- 0.1548889575988231
