biased_point
  tvd_auc: 0.0 +/- 0.0
  When I roll dice, they land on 5 20% of the time.
    all_seq_probs: [[0.12350479 0.19542858 0.16871212 0.11666843 0.22033425 0.17535183]] +/- [[0.06206253 0.11075374 0.10769064 0.05068155 0.11844889 0.06295179]]
    expected_dist: [0.15999994 0.15999994 0.15999994 0.15999994 0.1999999  0.15999994] +/- [7.4505806e-08 7.4505806e-08 7.4505806e-08 7.4505806e-08 1.1920929e-07
 7.4505806e-08]
    kl_div: 0.1576999557565432 +/- 0.1629687028145364
    choice_probs: [0.12350479 0.19542858 0.16871212 0.11666843 0.22033425 0.17535183] +/- [0.06206253 0.11075374 0.10769064 0.05068155 0.11844889 0.06295179]
    tvd: 0.2052644739858806 +/- 0.10943529426650317
