biased_point
  tvd_auc: 0.0 +/- 0.0
  When I flip coins they land on heads 40% of the time.
    choice_probs: [0.41839604 0.58160397] +/- [0.09590825 0.09590824]
    all_seq_probs: [[0.41839604 0.58160397]] +/- [[0.09590825 0.09590824]]
    kl_div: 0.024565346911549567 +/- 0.06307206551396992
    expected_dist: [0.3999998  0.60000026] +/- [2.3841858e-07 2.3841858e-07]
    tvd: 0.07789671920239925 +/- 0.058897422304312025
unconditional_point
  choice_probs: [0.44358204 0.55641797] +/- [0.11199242 0.1119924 ]
  all_seq_probs: [[0.44358204 0.55641797]] +/- [[0.11199242 0.1119924 ]]
  kl_div: 0.04018753170967102 +/- 0.09958304228459448
  expected_dist: [0.5 0.5] +/- [0. 0.]
  tvd: 0.08370017893612385 +/- 0.09337862057344919
