biased_point
  tvd_auc: 0.0 +/- 0.0
  When I flip coins they land on heads 30% of the time.
    kl_div: 0.16037156598642469 +/- 0.13836748709458416
    choice_probs: [0.54160756 0.45839245] +/- [0.13234813 0.13234812]
    expected_dist: [0.30000013 0.7000003 ] +/- [1.1920929e-07 2.9802322e-07]
    all_seq_probs: [[0.54160756 0.45839245]] +/- [[0.13234813 0.13234812]]
    tvd: 0.24501783207058905 +/- 0.12592256463354987
unconditional_point
  kl_div: 0.0825791209936142 +/- 0.11018457524770947
  choice_probs: [0.45624414 0.54375586] +/- [0.17746371 0.17746371]
  expected_dist: [0.5 0.5] +/- [0. 0.]
  all_seq_probs: [[0.45624414 0.54375586]] +/- [[0.17746371 0.17746371]]
  tvd: 0.14738085269927978 +/- 0.10810563887798703
