biased_point
  tvd_auc: 0.0 +/- 0.0
  When you roll dice, they land on 3 20% of the time.
    choice_probs: [0.05090457 0.09392818 0.60209525 0.08041673 0.1209001  0.05290507] +/- [0.11707914 0.2312291  0.37498831 0.19111718 0.2625363  0.1384741 ]
    kl_div: 2.5653856915598734 +/- 1.209722342095394
    expected_dist: [0.15999988 0.15999988 0.20000048 0.15999988 0.15999988 0.15999988] +/- [1.6391277e-07 1.6391277e-07 4.4703484e-07 1.6391277e-07 1.6391277e-07
 1.6391277e-07]
    tvd: 0.6649643347114325 +/- 0.12742934387148852
    all_seq_probs: [[0.05090457 0.09392818 0.60209525 0.08041673 0.1209001  0.05290507]] +/- [[0.11707914 0.2312291  0.37498831 0.19111718 0.2625363  0.1384741 ]]
