biased_point
  When I roll dice, they land on 2 0% of the time.
    choice_probs: [0.1227059  0.13563074 0.16251417 0.180194   0.21767557 0.18127963] +/- [0.03999904 0.02911122 0.04762955 0.039499   0.06078478 0.06406242]
    expected_dist: [1.9999990e-01 1.0000003e-08 1.9999990e-01 1.9999990e-01 1.9999990e-01
 1.9999990e-01] +/- [1.1920929e-07 4.4408921e-15 1.1920929e-07 1.1920929e-07 1.1920929e-07
 1.1920929e-07]
    tvd: 0.1976378142007551 +/- 0.04641718866355741
    kl_div: 0.2100487206532017 +/- 0.05536560253537638
    all_seq_probs: [[0.1227059  0.13563074 0.16251417 0.180194   0.21767557 0.18127963]] +/- [[0.03999904 0.02911122 0.04762955 0.039499   0.06078478 0.06406242]]
  tvd_auc: 0.0 +/- 0.0
