unconditional_point
  choice_probs: [0.07073736 0.18340216 0.29802147 0.21744571 0.13790767 0.09248565] +/- [0.03667471 0.09499911 0.10855181 0.08140744 0.07034006 0.07041849]
  kl_div: 0.3027954795054393 +/- 0.191161049706201
  all_seq_probs: [[0.07073736 0.18340216 0.29802147 0.21744571 0.13790767 0.09248565]] +/- [[0.03667471 0.09499911 0.10855181 0.08140744 0.07034006 0.07041849]]
  tvd: 0.26597857335582376 +/- 0.08442803403510071
  expected_dist: [0.16666663 0.16666663 0.16666663 0.16666663 0.16666663 0.16666663] +/- [5.9604645e-08 5.9604645e-08 5.9604645e-08 5.9604645e-08 5.9604645e-08
 5.9604645e-08]
biased_point
  tvd_auc: 0.0 +/- 0.0
  When I roll dice, they land on 6 60% of the time.
    choice_probs: [0.08773035 0.17618697 0.20635951 0.15060993 0.13932595 0.23978729] +/- [0.04990385 0.10020873 0.06722594 0.07151228 0.05150755 0.13029405]
    kl_div: 0.44466629654634743 +/- 0.2854872618162098
    all_seq_probs: [[0.08773035 0.17618697 0.20635951 0.15060993 0.13932595 0.23978729]] +/- [[0.04990385 0.10020873 0.06722594 0.07151228 0.05150755 0.13029405]]
    tvd: 0.38635649186559023 +/- 0.13446849677019487
    expected_dist: [0.07999997 0.07999997 0.07999997 0.07999997 0.07999997 0.60000026] +/- [2.9802322e-08 2.9802322e-08 2.9802322e-08 2.9802322e-08 2.9802322e-08
 2.3841858e-07]
