biased_point
  tvd_auc: 0.0 +/- 0.0
  When you flip coins, they land on heads 40% of the time.
    tvd: 0.2625321495905519 +/- 0.15797637014693525
    choice_probs: [0.56839517 0.43160483] +/- [0.25597409 0.25597408]
    all_seq_probs: [[0.56839517 0.43160483]] +/- [[0.25597409 0.25597408]]
    expected_dist: [0.40000096 0.6       ] +/- [9.23872e-07 0.00000e+00]
    kl_div: 0.2701617379114032 +/- 0.31781091452959775
unconditional_point
  tvd: 0.20286136458814144 +/- 0.13325976090663155
  choice_probs: [0.56069661 0.43930339] +/- [0.23500387 0.23500387]
  all_seq_probs: [[0.56069661 0.43930339]] +/- [[0.23500387 0.23500387]]
  expected_dist: [0.5 0.5] +/- [0. 0.]
  kl_div: 0.16955731850862504 +/- 0.20734140038103624
