biased_point
  When I roll dice, they land on 2 20% of the time.
    choice_probs: [0.14685728 0.17067294 0.17510304 0.17843898 0.18260851 0.14631925] +/- [0.05914426 0.05380501 0.04978722 0.05599297 0.07504199 0.04547012]
    expected_dist: [0.15999995 0.1999999  0.15999995 0.15999995 0.15999995 0.15999995] +/- [8.9406967e-08 1.3411045e-07 8.9406967e-08 8.9406967e-08 8.9406967e-08
 8.9406967e-08]
    all_seq_probs: [[0.14685728 0.17067294 0.17510304 0.17843898 0.18260851 0.14631925]] +/- [[0.05914426 0.05380501 0.04978722 0.05599297 0.07504199 0.04547012]]
    kl_div: 0.06664036356363795 +/- 0.060890432184496246
    tvd: 0.136384687051177 +/- 0.06186755840563023
  tvd_auc: 0.0 +/- 0.0
