biased_point
  When you flip coins, they land on heads 70% of the time.
    kl_div: 0.5194852519242559 +/- 0.5652961091182729
    expected_dist: [0.6999983 0.3      ] +/- [1.66893e-06 0.00000e+00]
    choice_probs: [0.77083578 0.22916423] +/- [0.26406277 0.26406277]
    all_seq_probs: [[0.77083578 0.22916423]] +/- [[0.26406277 0.26406277]]
    tvd: 0.2400116430677117 +/- 0.13092466617712376
  tvd_auc: 0.0 +/- 0.0
unconditional_point
  kl_div: 0.3686814493536949 +/- 0.4085839832593062
  expected_dist: [0.5 0.5] +/- [0. 0.]
  choice_probs: [0.54693825 0.45306176] +/- [0.3099637 0.3099637]
  all_seq_probs: [[0.54693825 0.45306176]] +/- [[0.3099637 0.3099637]]
  tvd: 0.27221522835921497 +/- 0.15549778620390614
