biased_point
  When I flip coins they land on heads 20% of the time.
    all_seq_probs: [[0.84691406 0.15408203]] +/- [[0.13965753 0.13892766]]
    choice_probs: [0.84691406 0.15408203] +/- [0.13965753 0.13892766]
    tvd: 0.6464160126447678 +/- 0.13925785660709575
    kl_div: 1.311448166668415 +/- 0.6444502895606308
    expected_dist: [0.1999999 0.7999996] +/- [1.1920929e-07 4.1723251e-07]
  tvd_auc: 0.0 +/- 0.0
