unconditional_point
  all_seq_probs: [[0.66901859 0.33098141]] +/- [[0.41051914 0.41051914]]
  kl_div: 1.846810776054859 +/- 1.5500727849780334
  expected_dist: [0.5 0.5] +/- [0. 0.]
  choice_probs: [0.66901859 0.33098141] +/- [0.41051914 0.41051914]
  tvd: 0.4296368841223471 +/- 0.11182753104083003
biased_point
  When you flip coins, they land on heads 40% of the time.
    all_seq_probs: [[0.66640056 0.33359944]] +/- [[0.39955979 0.39955979]]
    kl_div: 2.0637514958376997 +/- 2.0721793681234812
    expected_dist: [0.40000096 0.6       ] +/- [9.23872e-07 0.00000e+00]
    choice_probs: [0.66640056 0.33359944] +/- [0.39955979 0.39955979]
    tvd: 0.44318662200879283 +/- 0.18494026702678226
  tvd_auc: 0.0 +/- 0.0
