biased_point
  tvd_auc: 0.0 +/- 0.0
  When you roll dice, they land on 4 80% of the time.
    all_seq_probs: [[0.04058051 0.06083577 0.06407278 0.5520554  0.07096751 0.21148803]] +/- [[0.11409608 0.11453293 0.10334074 0.3562072  0.10641608 0.25553933]]
    choice_probs: [0.04058051 0.06083577 0.06407278 0.5520554  0.07096751 0.21148803] +/- [0.11409608 0.11453293 0.10334074 0.3562072  0.10641608 0.25553933]
    kl_div: 1.063842982277798 +/- 1.2568691769914369
    tvd: 0.39837846483134326 +/- 0.2750559704070738
    expected_dist: [0.03999997 0.03999997 0.03999997 0.8000019  0.03999997 0.03999997] +/- [4.0978193e-08 4.0978193e-08 4.0978193e-08 1.9073486e-06 4.0978193e-08
 4.0978193e-08]
