biased_point
  When I roll dice, they land on 2 80% of the time.
    choice_probs: [0.05070071 0.79717092 0.03776396 0.03312183 0.03944633 0.04179625] +/- [0.01996929 0.05638821 0.01705998 0.01354788 0.01979786 0.02182117]
    tvd: 0.06039888900704682 +/- 0.02861877035552233
    expected_dist: [0.03999999 0.7999996  0.03999999 0.03999999 0.03999999 0.03999999] +/- [2.2351742e-08 3.5762787e-07 2.2351742e-08 2.2351742e-08 2.2351742e-08
 2.2351742e-08]
    all_seq_probs: [[0.05070071 0.79717092 0.03776396 0.03312183 0.03944633 0.04179625]] +/- [[0.01996929 0.05638821 0.01705998 0.01354788 0.01979786 0.02182117]]
    kl_div: 0.025590691256220453 +/- 0.014935347181732016
  tvd_auc: 0.0 +/- 0.0
