biased_point
  tvd_auc: 0.0 +/- 0.0
  When you roll dice, they land on 6 40% of the time.
    expected_dist: [0.12000033 0.12000033 0.12000033 0.12000033 0.12000033 0.40000096] +/- [3.3527613e-07 3.3527613e-07 3.3527613e-07 3.3527613e-07 3.3527613e-07
 9.2387199e-07]
    choice_probs: [0.1365613  0.18388901 0.1817597  0.21129456 0.04913735 0.23735807] +/- [0.23688778 0.29196713 0.26107689 0.2801504  0.10889545 0.34551703]
    tvd: 0.6261971063141325 +/- 0.15985806595720536
    kl_div: 4.7645444284384135 +/- 2.81958622493207
    all_seq_probs: [[0.1365613  0.18388901 0.1817597  0.21129456 0.04913735 0.23735807]] +/- [[0.23688778 0.29196713 0.26107689 0.2801504  0.10889545 0.34551703]]
