biased_point
  When I roll dice, they land on 2 60% of the time.
    expected_dist: [0.07999998 0.60000026 0.07999998 0.07999998 0.07999998 0.07999998] +/- [4.4703484e-08 1.7881393e-07 4.4703484e-08 4.4703484e-08 4.4703484e-08
 4.4703484e-08]
    all_seq_probs: [[0.14435734 0.27739239 0.14503812 0.11959886 0.11292553 0.20068777]] +/- [[0.06676202 0.10059015 0.06601923 0.06002562 0.07335484 0.0957702 ]]
    tvd: 0.3516320245154202 +/- 0.07848820754642206
    choice_probs: [0.14435734 0.27739239 0.14503812 0.11959886 0.11292553 0.20068777] +/- [0.06676202 0.10059015 0.06601923 0.06002562 0.07335484 0.0957702 ]
    kl_div: 0.33312416718959864 +/- 0.15857827670039634
  tvd_auc: 0.0 +/- 0.0
