unconditional_point
  tvd: 0.12404112681746483 +/- 0.10815667177801093
  kl_div: 0.0673471987247467 +/- 0.10702026232006671
  choice_probs: [0.42858735 0.57141266] +/- [0.14827104 0.14827103]
  expected_dist: [0.5 0.5] +/- [0. 0.]
  all_seq_probs: [[0.42858735 0.57141266]] +/- [[0.14827104 0.14827103]]
biased_point
  tvd_auc: 0.0 +/- 0.0
  When I flip coins they land on heads 90% of the time.
    tvd: 0.379337315633893 +/- 0.12573365358678334
    kl_div: 0.36821683203801514 +/- 0.1974150596292498
    choice_probs: [0.5208487  0.47915132] +/- [0.12629349 0.1262935 ]
    expected_dist: [0.9000002  0.09999995] +/- [2.3841858e-07 5.2154064e-08]
    all_seq_probs: [[0.5208487  0.47915132]] +/- [[0.12629349 0.1262935 ]]
