biased_point
  tvd_auc: 0.0 +/- 0.0
  When you roll dice, they land on 3 60% of the time.
    tvd: 0.32261008716002104 +/- 0.1351080434405371
    choice_probs: [0.07482197 0.13068839 0.34815807 0.08823017 0.16201659 0.1960848 ] +/- [0.07064141 0.07229857 0.17696837 0.05165957 0.10052185 0.10628888]
    expected_dist: [0.07999994 0.07999994 0.6        0.07999994 0.07999994 0.07999994] +/- [8.1956387e-08 8.1956387e-08 5.9604645e-08 8.1956387e-08 8.1956387e-08
 8.1956387e-08]
    all_seq_probs: [[0.07482197 0.13068839 0.34815807 0.08823017 0.16201659 0.1960848 ]] +/- [[0.07064141 0.07229857 0.17696837 0.05165957 0.10052185 0.10628888]]
    kl_div: 0.33036366683547386 +/- 0.24536673861873723
