biased_point
  tvd_auc: 0.0 +/- 0.0
  When you roll dice, they land on 4 40% of the time.
    kl_div: 5.072170390940737 +/- 3.202721784347622
    choice_probs: [0.07960178 0.21524421 0.20207165 0.104445   0.05746135 0.34117601] +/- [0.12369597 0.24435108 0.25406473 0.242915   0.10704755 0.34159546]
    tvd: 0.6314443815438203 +/- 0.13761718982183144
    all_seq_probs: [[0.07960178 0.21524421 0.20207165 0.104445   0.05746135 0.34117601]] +/- [[0.12369597 0.24435108 0.25406473 0.242915   0.10704755 0.34159546]]
    expected_dist: [0.12000033 0.12000033 0.12000033 0.40000096 0.12000033 0.12000033] +/- [3.3527613e-07 3.3527613e-07 3.3527613e-07 9.2387199e-07 3.3527613e-07
 3.3527613e-07]
