biased_point
  tvd_auc: 0.0 +/- 0.0
  When I roll dice, they land on 5 60% of the time.
    expected_dist: [0.07999997 0.07999997 0.07999997 0.07999997 0.60000026 0.07999997] +/- [2.9802322e-08 2.9802322e-08 2.9802322e-08 2.9802322e-08 2.3841858e-07
 2.9802322e-08]
    tvd: 0.3473163514328189 +/- 0.0877253358718746
    choice_probs: [0.10495082 0.10152777 0.10845009 0.11932233 0.32219434 0.24355464] +/- [0.06082184 0.06503222 0.05755218 0.06191    0.15279188 0.13368602]
    all_seq_probs: [[0.10495082 0.10152777 0.10845009 0.11932233 0.32219434 0.24355464]] +/- [[0.06082184 0.06503222 0.05755218 0.06191    0.15279188 0.13368602]]
    kl_div: 0.35781702302861956 +/- 0.1723607791826208
