biased_point
  When I roll dice, they land on 3 40% of the time.
    expected_dist: [0.11999992 0.11999992 0.3999998  0.11999992 0.11999992 0.11999992] +/- [7.4505806e-08 7.4505806e-08 2.3841858e-07 7.4505806e-08 7.4505806e-08
 7.4505806e-08]
    all_seq_probs: [[0.12231229 0.19511022 0.25059628 0.1673324  0.13819504 0.12645377]] +/- [[0.06167742 0.09331832 0.13557839 0.09011561 0.0711567  0.07199607]]
    choice_probs: [0.12231229 0.19511022 0.25059628 0.1673324  0.13819504 0.12645377] +/- [0.06167742 0.09331832 0.13557839 0.09011561 0.0711567  0.07199607]
    kl_div: 0.22432236240128986 +/- 0.19820564112557232
    tvd: 0.2484303999785334 +/- 0.10301919188956785
  tvd_auc: 0.0 +/- 0.0
