biased_point
  When you roll dice, they land on 2 60% of the time.
    kl_div: 1.7401167467812193 +/- 1.0938064813288966
    all_seq_probs: [[0.03632582 0.15924243 0.16351277 0.0955127  0.10031113 0.44509516]] +/- [[0.07256105 0.20785754 0.15670315 0.11066968 0.1174615  0.24545195]]
    tvd: 0.5921981088087741 +/- 0.1748005981156509
    choice_probs: [0.03632582 0.15924243 0.16351277 0.0955127  0.10031113 0.44509516] +/- [0.07256105 0.20785754 0.15670315 0.11066968 0.1174615  0.24545195]
    expected_dist: [0.07999994 0.6        0.07999994 0.07999994 0.07999994 0.07999994] +/- [8.1956387e-08 5.9604645e-08 8.1956387e-08 8.1956387e-08 8.1956387e-08
 8.1956387e-08]
  tvd_auc: 0.0 +/- 0.0
