biased_point
  When I flip coins they land on heads 70% of the time.
    choice_probs: [0.91335937 0.0884375 ] +/- [0.08162358 0.07860571]
    all_seq_probs: [[0.91335937 0.0884375 ]] +/- [[0.08162358 0.07860571]]
    expected_dist: [0.7000003  0.30000013] +/- [2.9802322e-07 1.1920929e-07]
    kl_div: 0.2510858954489231 +/- 0.13669383290940043
    tvd: 0.22288282394409178 +/- 0.04318600625063017
  tvd_auc: 0.0 +/- 0.0
