biased_point
  tvd_auc: 0.0 +/- 0.0
  When I roll dice, they land on 5 40% of the time.
    kl_div: 0.08498041194339749 +/- 0.05706020410100674
    choice_probs: [0.13793735 0.13967219 0.16176937 0.14774544 0.29055192 0.12232374] +/- [0.03507598 0.0529027  0.03061453 0.02663245 0.11021744 0.04494953]
    all_seq_probs: [[0.13793735 0.13967219 0.16176937 0.14774544 0.29055192 0.12232374]] +/- [[0.03507598 0.0529027  0.03061453 0.02663245 0.11021744 0.04494953]]
    expected_dist: [0.11999992 0.11999992 0.11999992 0.11999992 0.3999998  0.11999992] +/- [7.4505806e-08 7.4505806e-08 7.4505806e-08 7.4505806e-08 2.3841858e-07
 7.4505806e-08]
    tvd: 0.16147255513817071 +/- 0.06146865520010081
