biased_point
  tvd_auc: 0.0 +/- 0.0
  When I roll dice, they land on 1 20% of the time.
    expected_dist: [0.1999999  0.15999995 0.15999995 0.15999995 0.15999995 0.15999995] +/- [1.3411045e-07 8.9406967e-08 8.9406967e-08 8.9406967e-08 8.9406967e-08
 8.9406967e-08]
    tvd: 0.16479411022737622 +/- 0.11230096036254834
    kl_div: 0.11720466783328448 +/- 0.2939040280499709
    all_seq_probs: [[0.20729943 0.16856795 0.16856755 0.15197349 0.15373044 0.14986114]] +/- [[0.06760098 0.08319999 0.06211373 0.12627283 0.06372308 0.05890567]]
    choice_probs: [0.20729943 0.16856795 0.16856755 0.15197349 0.15373044 0.14986114] +/- [0.06760098 0.08319999 0.06211373 0.12627283 0.06372308 0.05890567]
unconditional_point
  expected_dist: [0.16666663 0.16666663 0.16666663 0.16666663 0.16666663 0.16666663] +/- [5.9604645e-08 5.9604645e-08 5.9604645e-08 5.9604645e-08 5.9604645e-08
 5.9604645e-08]
  tvd: 0.17202428432414307 +/- 0.1370685019470044
  kl_div: 0.14791718317152117 +/- 0.37496860342295013
  all_seq_probs: [[0.16169183 0.18263502 0.17849951 0.16113758 0.16832225 0.14771381]] +/- [[0.06603075 0.10065111 0.08650357 0.12861477 0.06472799 0.06839288]]
  choice_probs: [0.16169183 0.18263502 0.17849951 0.16113758 0.16832225 0.14771381] +/- [0.06603075 0.10065111 0.08650357 0.12861477 0.06472799 0.06839288]
