biased_point
  When I flip coins they land on heads 70% of the time.
    all_seq_probs: [[0.70171875 0.30185238]] +/- [[0.24358438 0.24622701]]
    kl_div: 0.761182610988617 +/- 0.8405365283345448
    tvd: 0.23993318319320678 +/- 0.04890797600628413
    choice_probs: [0.70171875 0.30185238] +/- [0.24358438 0.24622701]
    expected_dist: [0.7000003  0.30000013] +/- [2.9802322e-07 1.1920929e-07]
  tvd_auc: 0.0 +/- 0.0
