unconditional_point
  all_seq_probs: [[0.54113047 0.45886955]] +/- [[0.08824609 0.0882461 ]]
  choice_probs: [0.54113047 0.45886955] +/- [0.08824609 0.0882461 ]
  tvd: 0.0746055167913437 +/- 0.06255481775536165
  kl_div: 0.02026892453432083 +/- 0.0314640762817307
  expected_dist: [0.5 0.5] +/- [0. 0.]
biased_point
  tvd_auc: 0.0 +/- 0.0
  When I flip coins they land on heads 60% of the time.
    all_seq_probs: [[0.51274349 0.48725654]] +/- [[0.06345664 0.06345664]]
    choice_probs: [0.51274349 0.48725654] +/- [0.06345664 0.06345664]
    tvd: 0.09517298400402069 +/- 0.050818784800557154
    kl_div: 0.023511086851358415 +/- 0.021701072569555863
    expected_dist: [0.60000026 0.3999998 ] +/- [2.3841858e-07 2.3841858e-07]
