biased_point
  When I flip coins they land on heads 40% of the time.
    choice_probs: [0.84574219 0.15543701] +/- [0.12131311 0.12068278]
    expected_dist: [0.3999998  0.60000026] +/- [2.3841858e-07 2.3841858e-07]
    tvd: 0.4460353946685791 +/- 0.11767976716752573
    all_seq_probs: [[0.84574219 0.15543701]] +/- [[0.12131311 0.12068278]]
    kl_div: 0.6883653163537383 +/- 0.4132985468936849
  tvd_auc: 0.0 +/- 0.0
