biased_point
  When I roll dice, they land on 2 80% of the time.
    tvd: 0.12876755741774104 +/- 0.10175914265831867
    expected_dist: [0.03999999 0.7999996  0.03999999 0.03999999 0.03999999 0.03999999] +/- [2.2351742e-08 3.5762787e-07 2.2351742e-08 2.2351742e-08 2.2351742e-08
 2.2351742e-08]
    kl_div: 0.08460826916096266 +/- 0.12006113221737126
    all_seq_probs: [[0.05492416 0.73220142 0.06686527 0.05399488 0.05312413 0.03889014]] +/- [[0.03675614 0.14699316 0.03499706 0.03038494 0.03308799 0.02758246]]
    choice_probs: [0.05492416 0.73220142 0.06686527 0.05399488 0.05312413 0.03889014] +/- [0.03675614 0.14699316 0.03499706 0.03038494 0.03308799 0.02758246]
  tvd_auc: 0.0 +/- 0.0
