biased_point
  tvd_auc: 0.0 +/- 0.0
  When I roll dice, they land on 1 0% of the time.
    all_seq_probs: [[0.01332463 0.17657984 0.18033493 0.20547198 0.21836525 0.20592336]] +/- [[0.00450411 0.05600921 0.04189059 0.05216377 0.055038   0.07705185]]
    kl_div: 0.05616636058239635 +/- 0.040623866113096756
    choice_probs: [0.01332463 0.17657984 0.18033493 0.20547198 0.21836525 0.20592336] +/- [0.00450411 0.05600921 0.04189059 0.05216377 0.055038   0.07705185]
    expected_dist: [1.0000003e-08 1.9999990e-01 1.9999990e-01 1.9999990e-01 1.9999990e-01
 1.9999990e-01] +/- [4.4408921e-15 1.1920929e-07 1.1920929e-07 1.1920929e-07 1.1920929e-07
 1.1920929e-07]
    tvd: 0.11741908650034283 +/- 0.056160913144468715
