biased_point
  tvd_auc: 0.0 +/- 0.0
  When you roll dice, they land on 5 40% of the time.
    kl_div: 2.0103136486881414 +/- 1.3774468066135483
    expected_dist: [0.12000033 0.12000033 0.12000033 0.12000033 0.40000096 0.12000033] +/- [3.3527613e-07 3.3527613e-07 3.3527613e-07 3.3527613e-07 9.2387199e-07
 3.3527613e-07]
    choice_probs: [0.0839692  0.25246194 0.14225664 0.21108115 0.10834995 0.20188112] +/- [0.15379079 0.24591409 0.1546002  0.19806357 0.1677613  0.18683137]
    all_seq_probs: [[0.0839692  0.25246194 0.14225664 0.21108115 0.10834995 0.20188112]] +/- [[0.15379079 0.24591409 0.1546002  0.19806357 0.1677613  0.18683137]]
    tvd: 0.5395650984722892 +/- 0.1383640870697673
