biased_point
  tvd_auc: 0.0 +/- 0.0
  When I roll dice, they land on 2 20% of the time.
    tvd: 0.04635249249637127 +/- 0.014499686386502869
    expected_dist: [0.15999995 0.1999999  0.15999995 0.15999995 0.15999995 0.15999995] +/- [8.9406967e-08 1.3411045e-07 8.9406967e-08 8.9406967e-08 8.9406967e-08
 8.9406967e-08]
    all_seq_probs: [[0.16991009 0.19286619 0.163334   0.15816625 0.16082651 0.15489699]] +/- [[0.02225983 0.02100604 0.01499969 0.01513057 0.0139821  0.02362587]]
    choice_probs: [0.16991009 0.19286619 0.163334   0.15816625 0.16082651 0.15489699] +/- [0.02225983 0.02100604 0.01499969 0.01513057 0.0139821  0.02362587]
    kl_div: 0.006978314141160808 +/- 0.004609880423388374
