unconditional_point
  choice_probs: [0.63906344 0.36093657] +/- [0.478662 0.478662]
  tvd: 0.49818626586941656 +/- 0.016321588009643524
  all_seq_probs: [[0.63906344 0.36093657]] +/- [[0.478662 0.478662]]
  kl_div: 4.107253175735473 +/- 1.3359526167512004
  expected_dist: [0.5 0.5] +/- [0. 0.]
biased_point
  tvd_auc: 0.0 +/- 0.0
  When you flip coins, they land on heads 30% of the time.
    choice_probs: [0.76741492 0.23258509] +/- [0.35286506 0.35286506]
    tvd: 0.5433298744297906 +/- 0.21859343382936194
    all_seq_probs: [[0.76741492 0.23258509]] +/- [[0.35286506 0.35286506]]
    kl_div: 2.833379106923938 +/- 2.2615009538803426
    expected_dist: [0.3       0.6999983] +/- [0.00000e+00 1.66893e-06]
