unconditional_point
  expected_dist: [0.16666663 0.16666663 0.16666663 0.16666663 0.16666663 0.16666663] +/- [5.9604645e-08 5.9604645e-08 5.9604645e-08 5.9604645e-08 5.9604645e-08
 5.9604645e-08]
  tvd: 0.19550428284332155 +/- 0.1092918027398913
  choice_probs: [0.15548586 0.27021445 0.1753401  0.1625538  0.13991317 0.09649263] +/- [0.05770075 0.15785485 0.04781331 0.05242751 0.05854354 0.05081064]
  kl_div: 0.14640270176692866 +/- 0.1673383924492701
  all_seq_probs: [[0.15548586 0.27021445 0.1753401  0.1625538  0.13991317 0.09649263]] +/- [[0.05770075 0.15785485 0.04781331 0.05242751 0.05854354 0.05081064]]
biased_point
  tvd_auc: 0.0 +/- 0.0
  When I roll dice, they land on 1 40% of the time.
    expected_dist: [0.3999998  0.11999992 0.11999992 0.11999992 0.11999992 0.11999992] +/- [2.3841858e-07 7.4505806e-08 7.4505806e-08 7.4505806e-08 7.4505806e-08
 7.4505806e-08]
    tvd: 0.2312540389224887 +/- 0.08069472742465213
    choice_probs: [0.25381618 0.19318981 0.14594201 0.2090612  0.10856471 0.0894261 ] +/- [0.07365484 0.07584372 0.08028041 0.0503732  0.05232788 0.04207528]
    kl_div: 0.15214143884833903 +/- 0.12043829259074888
    all_seq_probs: [[0.25381618 0.19318981 0.14594201 0.2090612  0.10856471 0.0894261 ]] +/- [[0.07365484 0.07584372 0.08028041 0.0503732  0.05232788 0.04207528]]
