biased_point
  When I roll dice, they land on 3 80% of the time.
    choice_probs: [0.03840314 0.03868006 0.8213873  0.03421886 0.03344689 0.03386377] +/- [0.0189273  0.01958143 0.05431558 0.01590277 0.01488109 0.01731158]
    tvd: 0.059229417792521416 +/- 0.03194748397743523
    all_seq_probs: [[0.03840314 0.03868006 0.8213873  0.03421886 0.03344689 0.03386377]] +/- [[0.0189273  0.01958143 0.05431558 0.01590277 0.01488109 0.01731158]]
    expected_dist: [0.03999999 0.03999999 0.7999996  0.03999999 0.03999999 0.03999999] +/- [2.2351742e-08 2.2351742e-08 4.1723251e-07 2.2351742e-08 2.2351742e-08
 2.2351742e-08]
    kl_div: 0.030050774998671842 +/- 0.03406469113237321
  tvd_auc: 0.0 +/- 0.0
