biased_point
  tvd_auc: 0.0 +/- 0.0
  When you roll dice, they land on 3 80% of the time.
    expected_dist: [0.03999997 0.03999997 0.8000019  0.03999997 0.03999997 0.03999997] +/- [4.0978193e-08 4.0978193e-08 1.9073486e-06 4.0978193e-08 4.0978193e-08
 4.0978193e-08]
    choice_probs: [0.04746559 0.09199032 0.48948741 0.23603867 0.08362314 0.05139487] +/- [0.02933672 0.08955801 0.25019119 0.09815314 0.09596758 0.0425422 ]
    tvd: 0.34848915634909644 +/- 0.21498199108420513
    kl_div: 0.48229198765784714 +/- 0.5269536514454933
    all_seq_probs: [[0.04746559 0.09199032 0.48948741 0.23603867 0.08362314 0.05139487]] +/- [[0.02933672 0.08955801 0.25019119 0.09815314 0.09596758 0.0425422 ]]
unconditional_point
  expected_dist: [0.16666676 0.16666676 0.16666676 0.16666676 0.16666676 0.16666676] +/- [7.4505806e-08 7.4505806e-08 7.4505806e-08 7.4505806e-08 7.4505806e-08
 7.4505806e-08]
  choice_probs: [0.02814695 0.2046118  0.02693303 0.26197981 0.36142348 0.11690493] +/- [0.01315986 0.08650189 0.05896317 0.09661607 0.09684532 0.07518223]
  tvd: 0.3669388298986014 +/- 0.04426729586584689
  kl_div: 0.71608164381393 +/- 0.15045583718160327
  all_seq_probs: [[0.02814695 0.2046118  0.02693303 0.26197981 0.36142348 0.11690493]] +/- [[0.01315986 0.08650189 0.05896317 0.09661607 0.09684532 0.07518223]]
