unconditional_point
  kl_div: 0.05912012082338333 +/- 0.059757535751785204
  all_seq_probs: [[0.36368641 0.63631359]] +/- [[0.08820479 0.08820478]]
  expected_dist: [0.5 0.5] +/- [0. 0.]
  tvd: 0.14104579123854638 +/- 0.08042116940487838
  choice_probs: [0.36368641 0.63631359] +/- [0.08820479 0.08820478]
biased_point
  tvd_auc: 0.0 +/- 0.0
  When you flip coins, they land on heads 10% of the time.
    kl_div: 0.05109068081527948 +/- 0.04128517213998264
    all_seq_probs: [[0.21332527 0.78667473]] +/- [[0.05584474 0.05584475]]
    expected_dist: [0.10000024 0.899998  ] +/- [2.3841858e-07 1.9669533e-06]
    tvd: 0.11332525683939457 +/- 0.05584474144909409
    choice_probs: [0.21332527 0.78667473] +/- [0.05584474 0.05584475]
