biased_point
  When you flip coins, they land on heads 90% of the time.
    all_seq_probs: [[0.83972737 0.16027263]] +/- [[0.05240638 0.05240639]]
    choice_probs: [0.83972737 0.16027263] +/- [0.05240638 0.05240639]
    kl_div: 0.02276390855759382 +/- 0.023623163752887484
    expected_dist: [0.899998   0.10000024] +/- [1.9669533e-06 2.3841858e-07]
    tvd: 0.06453763216733932 +/- 0.04705434826502342
  tvd_auc: 0.0 +/- 0.0
unconditional_point
  all_seq_probs: [[0.82931566 0.17068436]] +/- [[0.04809887 0.04809887]]
  choice_probs: [0.82931566 0.17068436] +/- [0.04809887 0.04809887]
  kl_div: 0.3066996005177498 +/- 0.12157753529916987
  expected_dist: [0.5 0.5] +/- [0. 0.]
  tvd: 0.3293156504333019 +/- 0.04809886851600397
