biased_point
  When you roll dice, they land on 2 80% of the time.
    tvd: 0.3510440078007523 +/- 0.2017170308367063
    kl_div: 0.44181001021967675 +/- 0.4818633951120982
    all_seq_probs: [[0.0583015  0.471883   0.11993137 0.19294412 0.10109294 0.05584707]] +/- [[0.03371952 0.22197172 0.07842561 0.07628902 0.09437808 0.04206327]]
    choice_probs: [0.0583015  0.471883   0.11993137 0.19294412 0.10109294 0.05584707] +/- [0.03371952 0.22197172 0.07842561 0.07628902 0.09437808 0.04206327]
    expected_dist: [0.03999997 0.8000019  0.03999997 0.03999997 0.03999997 0.03999997] +/- [4.0978193e-08 1.9669533e-06 4.0978193e-08 4.0978193e-08 4.0978193e-08
 4.0978193e-08]
  tvd_auc: 0.0 +/- 0.0
unconditional_point
  tvd: 0.45530193165858507 +/- 0.0942711930297702
  kl_div: 1.0348324033826501 +/- 0.42196970509680554
  all_seq_probs: [[0.01813628 0.09671363 0.18185898 0.2367737  0.41176443 0.05475299]] +/- [[0.01053455 0.24360723 0.11596374 0.07969103 0.19075792 0.03598892]]
  choice_probs: [0.01813628 0.09671363 0.18185898 0.2367737  0.41176443 0.05475299] +/- [0.01053455 0.24360723 0.11596374 0.07969103 0.19075792 0.03598892]
  expected_dist: [0.16666676 0.16666676 0.16666676 0.16666676 0.16666676 0.16666676] +/- [7.4505806e-08 7.4505806e-08 7.4505806e-08 7.4505806e-08 7.4505806e-08
 7.4505806e-08]
