biased_point
  When I flip coins they land on heads 30% of the time.
    expected_dist: [0.30000013 0.7000003 ] +/- [1.1920929e-07 2.9802322e-07]
    kl_div: 0.053046210957691076 +/- 0.09791852459780666
    all_seq_probs: [[0.38057071 0.61942929]] +/- [[0.12839877 0.12839875]]
    choice_probs: [0.38057071 0.61942929] +/- [0.12839877 0.12839875]
    tvd: 0.11922974489629269 +/- 0.09360634083934487
  tvd_auc: 0.0 +/- 0.0
unconditional_point
  expected_dist: [0.5 0.5] +/- [0. 0.]
  kl_div: 0.08875938653945922 +/- 0.14609106033075958
  all_seq_probs: [[0.37064322 0.62935679]] +/- [[0.13177031 0.13177031]]
  choice_probs: [0.37064322 0.62935679] +/- [0.13177031 0.13177031]
  tvd: 0.15430140107870102 +/- 0.10142815434804536
