biased_point
  tvd_auc: 0.0 +/- 0.0
  When you roll dice, they land on 1 80% of the time.
    all_seq_probs: [[0.45143242 0.04556279 0.07808212 0.19430671 0.01944717 0.21116878]] +/- [[0.44100041 0.10092665 0.16126326 0.24686206 0.0523809  0.25690945]]
    expected_dist: [0.8000019  0.03999997 0.03999997 0.03999997 0.03999997 0.03999997] +/- [1.9669533e-06 4.0978193e-08 4.0978193e-08 4.0978193e-08 4.0978193e-08
 4.0978193e-08]
    choice_probs: [0.45143242 0.04556279 0.07808212 0.19430671 0.01944717 0.21116878] +/- [0.44100041 0.10092665 0.16126326 0.24686206 0.0523809  0.25690945]
    tvd: 0.5069596229685458 +/- 0.3366622459584803
    kl_div: 3.076260723366984 +/- 3.216604513429873
